**absq	**bar	**beat	**b7	**b7	**b7	**b7
0	1	1	0	0	0	32
4	1	3	0	0	32	34
6	1	4	25	0	-32	-34
8	2	1	-25	0	34	32
9	2	1.5	26	0	-34	-32
10	2	2	27	0	-34	-32
11	2	2.5	28	0	-34	-32
12	2	3	29	0	33	31
14	2	4	25	0	32	34
16	3	1	27	0	-32	-34
17	3	1.5	-27	0	31	35
18	3	2	-27	0	29	36
20	3	3	26	0	30	-36
22	3	4	-26	0	-30	35
24	4	1	27	0	29	36
26	4	2	25	0	-29	-36
28	4	3	-25	25	0	-36
29	4	3.5	26	-25	0	-36
30	4	4	27	-25	25	-36
31	4	4.5	28	-25	-25	-36
32	5	1	29	27	-25	-36
33	5	1.5	-29	-27	26	-36
34	5	2	25	-27	27	-36
35	5	2.5	-25	-27	28	-36
36	5	3	27	25	29	-36
39	5	4.5	-27	-25	30	-36
40	6	1	26	24	31	0
42	6	2	25	27	30	0
43	6	2.5	-25	-27	29	0
44	6	3	-25	-27	32	0
45	6	3.5	24	28	-32	0
46	6	4	22	29	31	0
48	7	1	23	-29	32	0
50	7	2	-23	28	-32	0
52	7	3	22	29	31	0
54	7	4	21	25	30	32
56	8	1	25	0	29	-32
57	8	1.5	-25	0	-29	33
58	8	2	-25	25	-29	34
59	8	2.5	-25	26	-29	35
60	8	3	-25	27	-29	36
61	8	3.5	-25	28	-29	-36
62	8	4	-25	29	-29	32
64	9	1	-25	25	0	34
66	9	2	-25	29	0	-34
68	9	3	22	-29	29	33
69	9	3.5	-22	30	-29	-33
70	9	4	-22	31	-29	-33
71	9	4.5	-22	32	-29	-33
72	10	1	0	33	31	-33
74	10	2	0	29	-31	-33
76	10	3	22	31	29	-33
80	11	1	24	-31	28	0
82	11	2	-24	28	31	33
84	11	3	22	29	-31	33
85	11	3.5	-22	30	32	-33
86	11	4	-22	31	33	-33
87	11	4.5	-22	29	-33	34
88	12	1	21	30	-33	35
89	12	1.5	-21	-30	32	34
90	12	2	24	33	31	33
91	12	2.5	-24	-33	30	32
92	12	3	-24	-33	29	31
93	12	3.5	25	32	-29	-31
94	12	4	26	30	28	35
96	13	1	-26	31	35	33
98	13	2	25	32	34	36
100	13	3	26	30	33	-36
102	13	4	-26	-30	-33	35
103	13	4.5	-26	-30	32	-35
104	14	1	22	29	31	36
106	14	2	25	-29	32	34
108	14	3	25	0	29	34
110	14	4	-25	29	-29	-34
111	14	4.5	-25	30	-29	-34
112	15	1	24	31	0	33
113	15	1.5	-24	32	0	-33
114	15	2	-24	33	0	35
116	15	3	27	32	0	34
118	15	4	-27	31	0	33
120	16	1	28	-31	0	32
121	16	1.5	-28	30	0	-32
122	16	2	-28	30	32	-32
123	16	2.5	-28	-30	-32	33
124	16	3	25	29	32	34
125	16	3.5	-25	-29	-32	35
126	16	4	-25	-29	-32	36
127	16	4.5	26	-29	-32	-36
128	17	1	27	0	31	-36
130	17	2	26	0	-31	35
132	17	3	25	0	34	-35
134	17	4	-25	0	-34	34
136	18	1	24	0	35	-34
138	18	2	-24	0	-35	33
140	18	3	25	29	-35	32
142	18	4	-25	-29	34	-32
144	19	1	22	29	33	31
146	19	2	-22	-29	34	-31
147	19	2.5	23	-29	-34	-31
148	19	3	24	28	-34	0
150	19	4	-24	-28	33	0
151	19	4.5	-24	-28	32	0
152	20	1	24	31	33	0
153	20	1.5	-24	-31	34	0
154	20	2	26	-31	35	0
156	20	3	25	32	-35	36
157	20	3.5	-25	-32	34	-36
158	20	4	-25	-32	34	-36
160	21	1	22	-32	33	36
162	21	2	-22	31	-33	-36
164	21	3	26	30	-33	35
166	21	4	-26	31	-33	-35
167	21	4.5	25	-31	-33	-35
168	22	1	24	-31	-33	38
169	22	1.5	-24	30	-33	-38
170	22	2	-24	29	-33	-38
171	22	2.5	23	-29	-33	-38
171.5	22	2.75	22	-29	-33	-38
172	22	3	23	-29	0	39
174	22	4	-23	28	32	-39
176	23	1	22	29	34	-39
178	23	2	-22	29	33	38
180	23	3	0	28	-33	37
181	23	3.5	0	-28	32	-37
182	23	4	0	29	31	38
183	23	4.5	0	-29	30	-38
184	24	1	0	27	29	-38
185	24	1.5	0	-27	-29	37
186	24	2	0	-27	-29	36
188	24	3	0	26	30	-36
190	24	4	0	-26	-30	35
192	25	1	25	0	29	36
193	25	1.5	-25	0	-29	35
194	25	2	-25	29	-29	34
195	25	2.5	-25	-29	-29	33
196	25	3	-25	-29	0	34
198	25	4	25	29	32	-34
200	26	1	28	30	-32	35
202	26	2	-28	-30	32	-35
204	26	3	-28	-30	33	0
206	26	4	27	29	32	0
208	27	1	26	28	31	0
211	27	2.5	25	-28	30	0
212	27	3	24	26	29	0
213	27	3.5	-24	-26	28	0
214	27	4	25	27	30	0
217	28	1.5	22	26	29	0
218	28	2	24	26	29	0
220	28	3	23	-26	-29	0
221	28	3.5	-23	-26	28	0
222	28	4	-23	25	32	0
224	29	1	22	26	-32	36
226	29	2	-22	26	31	-36
228	29	3	25	27	32	-36
230	29	4	-25	-27	-32	36
232	30	1	21	28	0	37
234	30	2	28	-28	32	-37
236	30	3	-28	25	-32	-37
238	30	4	27	-25	32	36
240	31	1	26	0	33	35
241	31	1.5	25	0	-33	-35
242	31	2	24	0	-33	-35
243	31	2.5	23	0	-33	-35
244	31	3	24	29	-33	33
246	31	4	25	-29	32	34
248	32	1	22	-29	31	-34
249	32	1.5	-22	-29	-31	33
250	32	2	-22	29	-31	36
252	32	3	0	30	32	-36
254	32	4	0	-30	-32	35
256	33	1	0	-30	-32	34
258	33	2	0	29	31	-34
260	33	3	21	28	30	33
262	33	4	-21	-28	-30	32
264	34	1	22	26	29	-32
266	34	2	-22	27	29	31
268	34	3	23	-27	25	34
270	34	4	-23	26	32	35
271	34	4.5	-23	25	-32	-35
272	35	1	22	26	31	36
274	35	2	-22	-26	33	-36
275	35	2.5	-22	27	-33	-36
276	35	3	21	28	-33	37
277	35	3.5	-21	-28	32	-37
278	35	4	-21	-28	32	-37
279	35	4.5	-21	27	-32	-37
280	36	1	22	26	-32	36
282	36	2	-22	-26	31	-36
283	36	2.5	-22	-26	30	-36
284	36	3	-22	-26	31	-36
288	37	1	25	25	32	34
*-	*-	*-	*-	*-	*-	*-
