**absq	**bar	**beat	**b7	**b7	**b7	**b7	**b7
0	1	1	0	0	0	27	0
4	1	3	0	0	0	28	0
6	1	4	0	0	0	29	0
8	2	1	0	27	0	-29	31
10	2	2	0	-27	0	28	-31
11	2	2.5	0	-27	0	27	-31
12	2	3	0	28	0	26	-31
14	2	4	0	29	0	27	-31
16	3	1	0	-29	0	-27	31
18	3	2	0	28	0	26	-31
19	3	2.5	0	27	0	25	-31
20	3	3	0	26	0	24	-31
22	3	4	0	27	0	27	-31
23	3	4.5	0	-27	0	28	-31
24	4	1	0	-27	0	29	31
25	4	1.5	0	-27	0	30	-31
26	4	2	0	26	0	31	-31
28	4	3	0	25	0	-31	32
30	4	4	0	-25	0	30	-32
32	5	1	24	24	28	31	33
34	5	2	-24	24	-28	-31	-33
36	5	3	25	23	-28	0	0
38	5	4	26	24	-28	0	0
40	6	1	-26	-24	28	24	0
42	6	2	25	23	-28	-24	0
43	6	2.5	24	22	-28	-24	0
44	6	3	23	21	-28	25	0
46	6	4	24	24	-28	26	0
47	6	4.5	-24	25	-28	-26	0
48	7	1	-24	26	28	-26	0
49	7	1.5	-24	27	-28	-26	0
50	7	2	23	28	-28	25	0
52	7	3	22	-28	29	24	31
53	7	3.5	-22	27	-29	-24	-31
54	7	4	-22	27	-29	-24	-31
55	7	4.5	-22	26	-29	-24	-31
56	8	1	21	28	30	0	32
58	8	2	-21	-28	-30	28	-32
60	8	3	0	24	0	-28	33
62	8	4	0	-24	0	29	-33
64	9	1	0	25	0	-29	34
66	9	2	0	-25	0	30	-34
68	9	3	24	26	0	31	33
72	10	1	25	27	0	29	32
74	10	2	-25	-27	0	-29	34
75	10	2.5	-25	-27	0	30	-34
76	10	3	26	28	28	31	-34
77	10	3.5	-26	-28	-28	-31	33
78	10	4	-26	26	-28	30	33
80	11	1	27	0	29	29	-33
82	11	2	-27	29	-29	25	32
84	11	3	26	-29	30	0	33
86	11	4	-26	28	-30	26	-33
87	11	4.5	25	-28	-30	-26	-33
88	12	1	24	29	31	-26	0
90	12	2	22	-29	-31	29	0
92	12	3	26	0	30	-29	0
94	12	4	-26	26	-30	28	0
96	13	1	22	-26	29	29	31
98	13	2	-22	29	31	-29	-31
99	13	2.5	-22	-29	-31	28	-31
100	13	3	0	-29	-31	27	32
101	13	3.5	0	-29	30	-27	-32
102	13	4	0	28	30	28	-32
104	14	1	0	-28	-30	25	-32
106	14	2	0	27	29	-25	-32
108	14	3	0	26	30	0	33
110	14	4	0	-26	-30	28	-33
112	15	1	25	0	0	29	34
114	15	2	-25	25	0	30	-34
116	15	3	24	26	0	31	33
118	15	4	-24	-26	0	24	-33
119	15	4.5	-24	27	0	25	-33
120	16	1	-24	28	28	26	-33
121	16	1.5	-24	-28	-28	27	-33
122	16	2	23	25	-28	28	32
124	16	3	22	27	29	24	31
125	16	3.5	-22	26	-29	-24	-31
126	16	4	-22	26	-29	-24	-31
127	16	4.5	21	-26	-29	-24	30
128	17	1	20	-26	-29	0	29
129	17	1.5	-20	25	-29	0	-29
130	17	2	-20	25	-29	0	-29
131	17	2.5	-20	24	-29	0	-29
132	17	3	19	26	30	0	28
134	17	4	-19	-26	-30	26	-28
136	18	1	22	24	31	26	0
138	18	2	-22	-24	-31	27	0
140	18	3	21	25	30	28	0
143	18	4.5	-21	-25	-30	27	0
143.5	18	4.75	-21	-25	-30	26	0
144	19	1	-21	21	-30	25	0
146	19	2	20	22	29	-25	0
147	19	2.5	-20	23	-29	-25	0
148	19	3	19	24	28	26	0
149	19	3.5	-19	25	-28	-26	0
150	19	4	-19	26	-28	-26	0
151	19	4.5	18	-26	27	27	0
152	20	1	17	-26	26	28	31
153	20	1.5	-17	25	-26	-28	-31
154	20	2	-17	24	-26	-28	-31
156	20	3	21	-24	25	0	32
158	20	4	-21	23	-25	28	-32
160	21	1	0	24	0	-28	33
162	21	2	24	-24	0	29	-33
164	21	3	25	0	0	-29	34
166	21	4	-25	0	0	30	-34
168	22	1	26	0	0	-30	33
170	22	2	-26	24	0	31	-33
172	22	3	0	25	0	29	32
174	22	4	0	-25	0	-29	34
175	22	4.5	0	-25	0	30	-34
176	23	1	0	26	28	31	-34
178	23	2	0	-26	-28	30	33
180	23	3	0	27	29	-30	-33
182	23	4	0	-27	-29	29	32
184	24	1	19	26	30	-29	33
186	24	2	-19	-26	-30	28	-33
188	24	3	22	24	31	29	-33
190	24	4	-22	-24	-31	26	-33
192	25	1	21	25	30	28	0
195	25	2.5	-21	26	-30	-28	0
196	25	3	22	27	29	24	0
198	25	4	-22	26	31	-24	0
199	25	4.5	23	-26	-31	25	0
200	26	1	24	-26	-31	26	0
201	26	1.5	-24	-26	-31	27	0
202	26	2	21	25	30	28	0
204	26	3	22	-25	-30	-28	0
206	26	4	-22	24	29	27	0
208	27	1	21	25	30	28	32
212	27	3	0	26	-30	28	30
216	28	1	22	24	0	26	31
220	28	3	20	25	0	27	29
224	29	1	21	23	0	25	0
226	29	2	-21	-23	0	28	0
228	29	3	19	-23	0	-28	0
229	29	3.5	-19	-23	0	27	0
230	29	4	-19	24	0	26	0
231	29	4.5	-19	-24	0	25	0
232	30	1	22	-24	29	26	0
233	30	1.5	-22	23	-29	-26	0
234	30	2	-22	22	-29	-26	0
235	30	2.5	-22	21	-29	-26	0
236	30	3	18	22	27	25	32
240	31	1	0	21	28	0	30
242	31	2	0	-21	-28	28	-30
244	31	3	24	0	26	-28	31
246	31	4	-24	0	-26	26	-31
248	32	1	25	0	0	27	29
250	32	2	-25	0	0	-27	32
252	32	3	21	0	0	25	-32
253	32	3.5	-21	0	0	-25	31
254	32	4	-21	0	0	28	30
255	32	4.5	-21	0	0	-28	29
256	33	1	19	26	0	-28	30
257	33	1.5	-19	-26	0	27	-30
258	33	2	-19	-26	0	26	31
259	33	2.5	-19	-26	0	25	-31
260	33	3	22	24	29	26	-31
261	33	3.5	-22	-24	-29	-26	30
262	33	4	-22	-24	-29	27	29
263	33	4.5	-22	-24	-29	-27	28
264	34	1	18	22	27	-27	29
265	34	1.5	-18	-22	-27	26	-29
266	34	2	-18	25	-27	25	-29
267	34	2.5	-18	-25	-27	24	-29
268	34	3	21	23	28	25	28
272	35	1	17	24	26	24	0
274	35	2	20	-24	29	-24	0
276	35	3	-20	25	-29	27	34
277	35	3.5	-20	-25	28	-27	-34
278	35	4	18	-25	27	-27	-34
279	35	4.5	-18	-25	26	28	-34
280	36	1	-18	-25	27	29	32
282	36	2	21	-25	28	30	-32
284	36	3	17	24	-28	31	33
285	36	3.5	-17	-24	27	-31	-33
286	36	4	24	-24	26	-31	-33
287	36	4.5	-24	-24	25	-31	-33
288	37	1	-24	0	26	0	31
290	37	2	22	29	-26	31	-31
292	37	3	25	-29	25	29	34
294	37	4	-25	27	-25	-29	-34
295	37	4.5	-25	-27	-25	-29	33
296	38	1	21	28	0	30	32
297	38	1.5	-21	-28	0	-30	31
298	38	2	-21	-28	0	-30	32
300	38	3	24	26	31	28	33
303	38	4.5	-24	-26	-31	-28	32
304	39	1	20	27	29	29	31
305	39	1.5	-20	-27	-29	-29	30
306	39	2	-20	-27	-29	-29	31
307	39	2.5	-20	26	-29	-29	-31
308	39	3	21	25	30	28	-31
310	39	4	-21	-25	-30	-28	30
312	40	1	17	24	28	26	31
314	40	2	-17	26	-28	-26	35
315	40	2.5	-17	-26	-28	27	-35
316	40	3	24	-26	31	28	-35
318	40	4	-24	24	-31	-28	33
319	40	4.5	-24	-24	30	-28	-33
320	41	1	20	-24	29	29	34
321	41	1.5	-20	-24	28	-29	-34
322	41	2	-20	25	29	-29	-34
324	41	3	21	-25	30	28	32
326	41	4	-21	23	-30	-28	-32
327	41	4.5	-21	-23	29	-28	-32
328	42	1	19	-23	28	-28	33
329	42	1.5	-19	-23	27	-28	-33
330	42	2	-19	26	28	-28	-33
331	42	2.5	-19	-26	-28	-28	32
332	42	3	22	-26	-28	24	31
333	42	3.5	-22	-26	-28	-24	30
334	42	4	-22	25	27	-24	31
335	42	4.5	-22	24	-27	-24	-31
336	43	1	21	25	28	0	-31
338	43	2	-21	-25	-28	28	30
339	43	2.5	-21	-25	-28	-28	29
340	43	3	-21	-25	-28	-28	30
341	43	3.5	-21	-25	-28	27	-30
342	43	4	-21	-25	-28	25	-30
344	44	1	17	24	-28	26	31
*-	*-	*-	*-	*-	*-	*-	*-
