**absq	**bar	**beat	**b7	**b7	**b7	**b7	**b7	**b7
0	1	1	0	0	29	0	0	0
4	1	3	0	29	25	0	0	0
7	1	4.5	0	-29	26	0	0	0
8	2	1	0	25	27	0	0	0
9	2	1.5	0	-25	28	0	0	0
10	2	2	0	-25	29	0	0	0
11	2	2.5	0	26	-29	0	0	0
12	2	3	25	27	-29	0	0	0
13	2	3.5	-25	28	-29	0	0	0
14	2	4	-25	29	27	0	0	0
16	3	1	21	30	28	0	0	0
18	3	2	-21	28	30	0	0	0
19	3	2.5	22	-28	-30	0	0	0
20	3	3	23	-28	-30	0	0	32
21	3	3.5	24	-28	-30	0	0	-32
22	3	4	25	27	29	0	0	-32
24	4	1	26	28	28	0	0	30
26	4	2	-26	-28	26	0	0	-30
27	4	2.5	25	27	-26	0	0	-30
28	4	3	24	26	28	0	0	31
30	4	4	22	-26	29	0	0	-31
32	5	1	23	25	-29	0	0	30
33	5	1.5	-23	-25	28	0	0	-30
34	5	2	-23	-25	28	0	0	-30
35	5	2.5	24	-25	-28	0	0	-30
36	5	3	25	0	-28	0	32	29
38	5	4	-25	25	27	0	-32	-29
40	6	1	21	-25	28	0	30	32
42	6	2	23	28	-28	0	-30	-32
44	6	3	22	-28	24	29	31	0
46	6	4	-22	27	-24	-29	-31	29
48	7	1	21	28	0	25	30	30
50	7	2	-21	-28	21	-25	-30	32
51	7	2.5	-21	-28	-21	26	-30	-32
52	7	3	0	27	22	27	29	-32
53	7	3.5	0	-27	-22	28	-29	-32
54	7	4	0	26	-22	29	-29	31
56	8	1	0	28	21	30	32	30
58	8	2	0	-28	-21	28	-32	-30
60	8	3	0	29	25	-28	32	29
62	8	4	0	-29	-25	27	-32	32
64	9	1	0	0	22	26	0	-32
66	9	2	22	29	-22	-26	0	31
68	9	3	23	28	25	25	32	32
70	9	4	25	27	-25	-25	-32	30
72	10	1	-25	26	0	0	33	-30
73	10	1.5	-25	-26	0	0	-33	29
74	10	2	24	22	0	26	-33	29
76	10	3	23	25	0	27	32	-29
78	10	4	-23	-25	0	25	-32	28
80	11	1	22	0	0	26	31	29
82	11	2	-22	29	22	-26	-31	-29
84	11	3	0	28	23	25	30	0
86	11	4	0	27	25	-25	-30	0
87	11	4.5	0	-27	-25	26	-30	0
88	12	1	0	-27	-25	27	29	0
89	12	1.5	0	-27	-25	28	-29	0
90	12	2	0	26	24	29	-29	33
92	12	3	0	30	23	25	32	34
94	12	4	0	-30	21	-25	-32	35
95	12	4.5	0	-30	22	-25	-32	-35
96	13	1	0	-30	23	-25	32	-35
97	13	1.5	0	-30	24	-25	-32	-35
98	13	2	0	29	25	-25	-32	34
100	13	3	0	29	22	26	31	33
102	13	4	22	-29	-22	-26	-31	36
103	13	4.5	-22	28	-22	-26	-31	-36
104	14	1	23	27	25	25	32	-36
106	14	2	-23	30	-25	32	-32	35
108	14	3	25	29	0	-32	32	-35
109	14	3.5	-25	-29	0	31	-32	-35
110	14	4	-25	-29	0	29	-32	34
112	15	1	21	28	0	30	0	35
114	15	2	-21	-28	28	-30	0	35
116	15	3	0	0	29	0	31	33
118	15	4	0	0	29	29	-31	34
120	16	1	0	0	26	30	33	35
122	16	2	0	0	28	26	-33	28
123	16	2.5	0	0	-28	-26	-33	29
124	16	3	0	0	-28	28	32	30
125	16	3.5	0	0	-28	-28	-32	31
126	16	4	0	0	27	29	-32	32
128	17	1	0	28	26	30	33	-32
130	17	2	0	-28	-26	28	-33	31
132	17	3	0	29	25	27	34	32
134	17	4	25	29	-25	-27	-34	-32
135	17	4.5	-25	-29	-25	-27	-34	31
136	18	1	26	28	0	0	35	30
138	18	2	26	30	0	0	-35	33
140	18	3	23	-30	0	25	34	32
142	18	4	25	29	0	-25	-34	-32
144	19	1	-25	29	0	26	33	0
146	19	2	24	-29	0	26	-33	29
148	19	3	23	25	0	27	32	30
150	19	4	-23	-25	27	30	-32	30
152	20	1	22	0	29	26	33	31
154	20	2	-22	0	29	29	-33	-31
156	20	3	0	0	26	28	33	30
158	20	4	24	0	28	31	-33	33
160	21	1	25	0	-28	30	0	32
162	21	2	25	0	27	29	0	-32
163	21	2.5	-25	0	-27	28	0	-32
164	21	3	22	0	26	29	33	31
166	21	4	24	0	-26	28	-33	-31
167	21	4.5	-24	0	27	-28	-33	-31
168	22	1	-24	0	28	-28	32	0
169	22	1.5	-24	0	-28	29	-32	0
170	22	2	23	28	-28	30	-32	0
172	22	3	22	29	24	26	31	0
174	22	4	-22	29	22	-26	-31	0
175	22	4.5	-22	-29	-22	27	-31	0
176	23	1	21	25	23	28	30	0
178	23	2	-21	28	-23	-28	-30	32
179	23	2.5	20	-28	22	-28	-30	-32
180	23	3	19	-28	21	-28	31	33
182	23	4	-19	26	-21	-28	-31	33
184	24	1	18	27	22	0	32	29
186	24	2	-18	-27	-22	25	-32	36
187	24	2.5	-18	25	-22	-25	-32	-36
188	24	3	0	26	0	28	31	-36
189	24	3.5	0	-26	0	-28	-31	35
190	24	4	0	-26	0	28	-31	35
192	25	1	0	25	0	29	32	-35
194	25	2	0	-25	25	-29	-32	34
196	25	3	21	0	-25	28	32	35
198	25	4	-21	0	25	30	-32	-35
200	26	1	-21	28	25	-30	0	32
202	26	2	21	-28	25	30	0	32
204	26	3	21	-28	23	30	32	-32
206	26	4	21	28	-23	30	-32	30
208	27	1	19	28	-23	30	35	33
210	27	2	-19	26	24	28	-35	-33
212	27	3	18	27	25	0	34	29
213	27	3.5	-18	26	-25	0	-34	-29
214	27	4	-18	25	-25	32	-34	-29
215	27	4.5	-18	24	-25	-32	-34	-29
216	28	1	0	23	21	-32	35	30
217	28	1.5	0	-23	-21	-32	-35	31
218	28	2	25	30	-21	32	-35	32
219	28	2.5	-25	-30	-21	-32	-35	33
220	28	3	-25	29	25	32	36	34
221	28	3.5	-25	-29	-25	-32	-36	35
222	28	4	25	-29	-25	-32	-36	34
223	28	4.5	-25	28	26	-32	-36	-34
224	29	1	25	27	27	29	36	32
225	29	1.5	-25	26	28	-29	-36	-32
226	29	2	25	27	29	-29	-36	-32
228	29	3	23	25	30	32	35	0
232	30	1	22	0	26	-32	36	0
234	30	2	-22	0	-26	31	-36	33
235	30	2.5	-22	0	-26	30	-36	-33
236	30	3	-22	0	0	31	36	-33
238	30	4	-22	0	22	-31	-36	33
239	30	4.5	-22	0	23	-31	-36	-33
240	31	1	-22	26	24	29	0	33
241	31	1.5	-22	-26	25	30	0	-33
242	31	2	-22	-26	26	31	0	33
243	31	2.5	-22	-26	-26	32	0	-33
244	31	3	-22	-26	22	33	36	31
246	31	4	-22	26	29	-33	-36	-31
248	32	1	0	26	-29	-33	37	30
250	32	2	0	26	28	-33	-37	-30
252	32	3	22	24	29	0	36	31
254	32	4	-22	-24	26	29	-36	-31
255	32	4.5	-22	-24	27	-29	-36	32
256	33	1	19	23	28	30	35	33
257	33	1.5	-19	-23	29	-30	-35	-33
258	33	2	-19	-23	30	26	-35	-33
260	33	3	23	0	-30	-26	34	0
262	33	4	-23	0	27	25	-34	0
264	34	1	24	22	29	26	33	0
266	34	2	-24	-22	-29	29	-33	33
267	34	2.5	-24	-22	28	-29	-33	-33
268	34	3	25	29	27	-29	32	34
269	34	3.5	-25	-29	-27	28	-32	-34
270	34	4	-25	-29	-27	27	-32	-34
271	34	4.5	-25	-29	-27	28	-32	-34
271.5	34	4.75	-25	-29	-27	29	-32	-34
272	35	1	21	28	25	30	32	35
274	35	2	-21	28	-25	-30	-32	32
276	35	3	22	26	0	29	31	36
278	35	4	-22	-26	29	26	-31	-36
279	35	4.5	-22	-26	-29	-26	-31	35
280	36	1	18	25	-29	27	32	34
281	36	1.5	-18	-25	28	-27	-32	33
282	36	2	-18	-25	27	-27	-32	32
283	36	2.5	-18	26	26	-27	-32	31
284	36	3	-18	27	25	0	32	30
285	36	3.5	-18	-27	24	0	-32	29
286	36	4	-18	-27	23	0	-32	29
287	36	4.5	-18	-27	22	0	-32	-29
288	37	1	0	0	23	25	0	-29
290	37	2	0	25	-23	-25	0	28
291	37	2.5	0	-25	-23	26	0	-28
292	37	3	18	-25	22	27	32	29
293	37	3.5	-18	26	-22	28	-32	-29
294	37	4	-18	27	-22	29	-32	32
295	37	4.5	-18	28	-22	-29	-32	33
296	38	1	-18	29	25	-29	32	34
297	38	1.5	-18	-29	-25	-29	-32	35
298	38	2	-18	22	-25	27	-32	36
300	38	3	22	24	26	29	31	-36
302	38	4	-22	22	-26	-29	-31	33
304	39	1	21	23	0	25	30	35
306	39	2	-21	-23	25	-25	-30	-35
307	39	2.5	-21	24	26	-25	-30	-35
308	39	3	18	25	27	32	29	34
309	39	3.5	-18	-25	28	-32	-29	-34
310	39	4	-18	-25	29	-32	-29	-34
311	39	4.5	-18	-25	-29	31	-29	-34
311.5	39	4.75	-18	-25	-29	30	-29	-34
312	40	1	-18	25	27	29	32	-34
314	40	2	21	-25	28	30	-32	30
315	40	2.5	22	-25	-28	-30	-32	31
316	40	3	23	-25	-28	-30	32	32
317	40	3.5	24	-25	-28	-30	-32	33
318	40	4	25	-25	27	29	-32	34
319	40	4.5	-25	-25	-27	-29	-32	35
320	41	1	22	0	26	-29	31	36
321	41	1.5	-22	0	-26	28	-31	-36
321.5	41	1.75	-22	0	-26	27	-31	-36
322	41	2	-22	29	-26	26	-31	-36
324	41	3	18	-29	25	27	32	34
325	41	3.5	-18	28	-25	-27	-32	-34
326	41	4	-18	27	29	25	-32	-34
327	41	4.5	-18	26	-29	26	-32	-34
328	42	1	-18	25	-29	27	32	-34
329	42	1.5	-18	-25	28	28	-32	-34
330	42	2	-18	22	27	29	-32	-34
331	42	2.5	-18	-22	26	-29	-32	-34
332	42	3	0	23	25	27	-32	0
334	42	4	21	-23	28	30	-32	0
335	42	4.5	22	24	-28	-30	-32	0
336	43	1	23	25	27	-30	-32	0
337	43	1.5	24	-25	-27	-30	-32	0
338	43	2	25	-25	-27	29	-32	32
339	43	2.5	-25	-25	28	28	-32	33
340	43	3	-25	25	29	27	-32	34
341	43	3.5	-25	-25	-29	-27	-32	35
342	43	4	18	-25	-29	-27	-32	36
344	44	1	21	23	28	25	-32	37
346	44	2	-21	-23	30	32	-32	35
347	44	2.5	-21	24	-30	-32	-32	-35
348	44	3	18	25	29	-32	-32	-35
349	44	3.5	-18	-25	-29	31	-32	-35
350	44	4	-18	-25	-29	29	-32	34
352	45	1	21	-25	28	30	32	35
356	45	3	18	25	27	29	-32	36
*-	*-	*-	*-	*-	*-	*-	*-	*-
