**absq	**bar	**beat	**b7	**b7	**b7	**b7
0	1	1	0	0	29	29
8	1	3	0	0	31	-29
12	2	1	0	0	31	33
15	2	1.75	0	0	30	-33
16	2	2	0	0	28	-33
18	2	2.5	0	0	29	-33
21	2	3.25	0	0	28	-33
23	2	3.75	0	0	27	-33
23.5	2	3.875	0	0	26	-33
24	3	1	0	0	25	34
26	3	1.5	0	0	29	-34
28	3	2	0	0	30	35
30	3	2.5	0	0	31	-35
32	3	3	0	0	30	-35
36	4	1	0	0	29	36
44	4	3	0	0	29	0
48	5	1	0	0	27	36
50	5	1.5	0	0	25	-36
52	5	2	0	0	27	-36
53.5	5	2.375	0	0	28	-36
54	5	2.5	0	0	26	35
56	5	3	0	0	25	34
60	6	1	0	0	29	33
63	6	1.75	0	0	-29	32
63.5	6	1.875	0	0	-29	33
64	6	2	0	0	29	34
66	6	2.5	0	0	28	33
68	6	3	0	0	27	-33
70	6	3.5	0	0	-27	32
72	7	1	22	0	26	33
75	7	1.75	-22	0	25	-33
75.5	7	1.875	-22	0	26	-33
76	7	2	-22	0	27	0
78	7	2.5	21	0	26	0
80	7	3	20	0	-26	0
82	7	3.5	-20	0	25	0
84	8	1	19	0	26	0
87	8	1.75	20	0	-26	0
88	8	2	21	0	0	0
90	8	2.5	22	0	0	0
92	8	3	-22	0	26	0
93	8	3.25	23	0	-26	0
94	8	3.5	24	0	-26	0
96	9	1	23	0	25	0
98	9	1.5	26	0	26	0
99	9	1.75	-26	0	28	0
101	9	2.25	-26	0	27	0
101.5	9	2.375	-26	0	26	0
102	9	2.5	25	0	27	0
104	9	3	24	0	26	0
106	9	3.5	-24	0	29	0
107	9	3.75	23	0	-29	0
107.5	9	3.875	22	0	-29	0
108	10	1	21	0	30	0
110	10	1.5	22	0	31	0
112	10	2	24	0	-31	0
113	10	2.25	-24	0	30	0
114	10	2.5	25	0	29	0
116	10	3	23	0	-29	0
118	10	3.5	-23	0	28	0
120	11	1	22	0	29	0
122	11	1.5	-22	0	27	0
124	11	2	-22	0	26	33
126	11	2.5	-22	0	29	34
127	11	2.75	-22	0	29	-34
128	11	3	0	0	-29	33
129	11	3.25	0	0	28	-33
130	11	3.5	22	0	31	36
131	11	3.75	-22	0	-31	36
132	12	1	23	0	0	-36
133	12	1.25	-23	0	30	35
134	12	1.5	22	0	31	36
135	12	1.75	-22	0	29	-36
136	12	2	25	0	-29	-36
137	12	2.25	-25	0	27	-36
138	12	2.5	-25	0	-27	32
139	12	2.75	24	0	28	-32
139.5	12	2.875	23	0	-28	-32
140	12	3	22	0	29	31
142	12	3.5	23	0	25	32
144	13	1	21	0	-25	30
146	13	1.5	19	0	26	-30
147	13	1.75	-19	0	-26	31
148	13	2	22	0	22	-31
149	13	2.25	-22	0	-22	30
150	13	2.5	-22	0	24	29
152	13	3	19	0	23	-29
154	13	3.5	-19	0	-23	28
156	14	1	22	22	22	29
160	14	2	0	-22	26	0
164	14	3	0	-22	27	36
168	15	1	19	26	28	35
171	15	1.75	-19	-26	29	-35
172	15	2	-19	-26	30	35
175	15	2.75	-19	-26	-30	34
176	15	3	-19	-26	-30	33
180	16	1	23	27	-30	32
184	16	2	-23	-27	-30	32
186	16	2.5	-23	28	-30	32
188	16	3	23	-28	-30	-32
190	16	3.5	-23	-28	-30	31
191	16	3.75	-23	-28	-30	30
192	17	1	22	29	26	31
196	17	2	24	-29	-26	33
198	17	2.5	-24	-29	29	-33
200	17	3	25	-29	-29	34
201	17	3.25	-25	-29	28	-34
202	17	3.5	-25	-29	27	-34
204	18	1	26	28	26	35
206	18	1.5	24	-28	-26	-35
207	18	1.75	-24	-28	-26	34
208	18	2	-24	-28	0	33
209	18	2.25	-24	-28	0	32
210	18	2.5	25	27	0	32
212	18	3	22	26	29	-32
214	18	3.5	-22	-26	-29	31
216	19	1	18	25	29	32
222	19	2.5	0	-25	28	-32
224	19	3	25	-25	27	0
228	20	1	24	0	26	0
230	20	1.5	22	0	-26	0
231	20	1.75	-22	0	25	0
231.5	20	1.875	-22	0	26	0
232	20	2	25	0	27	0
233	20	2.25	-25	0	26	0
234	20	2.5	24	0	29	0
236	20	3	23	0	-29	0
238	20	3.5	-23	0	28	0
240	21	1	22	29	29	31
242	21	1.5	-22	-29	26	-31
244	21	2	0	-29	27	-31
246	21	2.5	22	-29	26	-31
248	21	3	-22	-29	24	31
249	21	3.25	21	-29	-24	-31
250	21	3.5	20	-29	-24	-31
251	21	3.75	-20	-29	23	-31
251.5	21	3.875	-20	-29	22	-31
252	22	1	19	28	23	35
254	22	1.5	-19	26	24	-35
256	22	2	18	29	25	34
258	22	2.5	19	28	23	33
260	22	3	23	27	0	-33
262	22	3.5	-23	-27	30	32
264	23	1	19	26	-30	33
266	23	1.5	-19	-26	31	35
268	23	2	19	-26	30	-35
269	23	2.25	-19	-26	-30	34
270	23	2.5	22	-26	31	33
271	23	2.75	-22	-26	-31	32
272	23	3	-22	-26	-31	31
273	23	3.25	21	-26	30	-31
274	23	3.5	22	-26	29	-31
276	24	1	19	0	28	30
278	24	1.5	-19	0	26	28
280	24	2	0	0	27	29
282	24	2.5	21	0	28	30
283	24	2.75	-21	0	30	-30
284	24	3	22	0	29	31
285	24	3.25	-22	0	28	33
286	24	3.5	23	0	27	-33
287	24	3.75	-23	0	-27	32
288	25	1	24	0	26	33
290	25	1.5	21	0	25	35
292	25	2	-21	0	23	-35
293	25	2.25	-21	0	-23	34
294	25	2.5	23	25	-23	32
296	25	3	22	26	24	31
298	25	3.5	-22	27	-24	29
300	26	1	21	28	25	30
302	26	1.5	24	-28	24	33
304	26	2	-24	-28	26	-33
305	26	2.25	23	-28	-26	32
306	26	2.5	24	-28	-26	31
308	26	3	21	28	25	-31
310	26	3.5	-21	-28	-25	30
312	27	1	22	26	24	31
313	27	1.25	-22	-26	-24	29
314	27	1.5	21	-26	28	30
316	27	2	22	-26	26	31
318	27	2.5	18	25	27	32
320	27	3	19	23	26	28
322	27	3.5	17	24	-26	28
324	28	1	18	22	25	-28
326	28	1.5	-18	-22	-25	27
328	28	2	25	21	23	28
330	28	2.5	23	-21	25	-28
332	28	3	-23	-21	-25	32
333	28	3.25	24	-21	-25	-32
334	28	3.5	25	-21	23	-32
336	29	1	21	25	-23	30
338	29	1.5	-21	-25	28	-30
339	29	1.75	-21	-25	-28	31
340	29	2	-21	23	-28	32
342	29	2.5	-21	-23	28	33
343	29	2.75	-21	24	-28	-33
344	29	3	-21	25	28	32
346	29	3.5	-21	26	-28	35
348	30	1	0	25	29	34
350	30	1.5	0	28	30	33
352	30	2	0	27	29	32
354	30	2.5	22	26	-29	31
356	30	3	19	-26	28	-31
357	30	3.25	-19	-26	-28	30
358	30	3.5	21	25	-28	30
359	30	3.75	-21	-25	27	-30
360	31	1	22	24	26	29
361	31	1.25	-22	-24	25	28
362	31	1.5	-22	-24	26	29
364	31	2	25	23	27	30
367	31	2.75	24	-23	-27	31
368	31	3	23	0	25	32
369	31	3.25	22	0	-25	-32
370	31	3.5	23	27	-25	-32
372	32	1	22	29	26	31
375	32	1.75	-22	28	-26	-31
376	32	2	23	27	25	0
378	32	2.5	24	26	24	0
379	32	2.75	-24	-26	22	0
380	32	3	21	25	23	0
382	32	3.5	20	-25	22	0
383	32	3.75	-20	24	-22	0
384	33	1	21	23	21	0
385	33	1.25	-21	-23	28	0
386	33	1.5	18	22	-28	0
387	33	1.75	-18	-22	27	0
388	33	2	25	21	28	32
390	33	2.5	23	-21	-28	-32
391	33	2.75	-23	-21	-28	31
391.5	33	2.875	-23	-21	-28	32
392	33	3	24	28	26	33
394	33	3.5	25	27	29	32
396	34	1	22	26	-29	-32
398	34	1.5	-22	-26	29	31
400	34	2	23	25	27	32
402	34	2.5	-23	27	25	-32
403	34	2.75	22	-27	-25	31
403.5	34	2.875	21	-27	-25	30
404	34	3	20	-27	29	29
405	34	3.25	-20	-27	-29	28
406	34	3.5	24	26	28	31
408	35	1	21	25	-28	-31
409	35	1.25	-21	-25	27	-31
410	35	1.5	-21	-25	28	30
412	35	2	22	24	26	31
413	35	2.25	-22	-24	27	-31
414	35	2.5	21	25	28	30
416	35	3	-21	23	-28	-30
417	35	3.25	-21	-23	27	29
418	35	3.5	22	24	26	29
419	35	3.75	-22	-24	25	-29
420	36	1	19	23	26	-29
422	36	1.5	-19	-23	-26	28
424	36	2	22	22	26	29
432	37	1	0	0	0	0
432	37	1	0	0	31	29
438	37	4	0	0	30	-29
439	37	4.5	0	0	29	-29
440	38	1	0	0	31	-29
441	38	1.5	0	0	32	-29
442	38	2	0	0	33	-29
443	38	2.5	0	0	34	-29
444	38	3	0	0	33	-29
446	38	4	0	0	31	-29
448	39	1	0	24	0	33
454	39	4	0	23	0	-33
455	39	4.5	0	22	0	-33
456	40	1	0	24	0	-33
457	40	1.5	0	25	0	-33
458	40	2	0	26	0	-33
459	40	2.5	0	27	0	-33
460	40	3	0	28	0	-33
462	40	4	0	24	0	-33
464	41	1	0	25	0	34
466	41	2	0	-25	32	-34
470	41	4	0	-25	31	-34
471	41	4.5	0	-25	30	-34
472	42	1	0	0	29	-34
474	42	2	0	0	32	-34
476	42	3	0	0	30	35
478	42	4	0	0	31	-35
480	43	1	0	23	30	-35
482	43	2	0	24	33	-35
484	43	3	0	23	0	-35
486	43	4	0	26	0	-35
488	44	1	0	22	29	36
489.333	44	1.66667	0	-22	30	-36
490.667	44	2.33333	0	-22	31	-36
492	44	3	0	0	32	-36
493.333	44	3.66667	0	0	31	-36
494.667	44	4.33333	0	0	32	-36
496	45	1	0	22	31	-36
497.333	45	1.66667	0	23	32	-36
498.667	45	2.33333	0	24	33	-36
500	45	3	0	25	34	-36
501.333	45	3.66667	0	24	33	-36
502.667	45	4.33333	0	25	34	-36
504	46	1	0	22	32	-36
505.333	46	1.66667	0	25	34	-36
507.333	46	2.66667	0	-25	33	-36
508	46	3	0	24	33	-36
509.333	46	3.66667	0	27	-33	-36
510.667	46	4.33333	0	-27	32	-36
512	47	1	0	26	33	35
514	47	2	0	25	-33	-35
516	47	3	0	23	0	-35
518	47	4	0	24	33	-35
521	48	1.5	0	-24	32	-35
522	48	2	0	25	30	-35
524	48	3	0	26	31	-35
526	48	4	0	-26	30	-35
528	49	1	0	25	-30	34
529	49	1.5	0	-25	31	-34
530	49	2	0	-25	32	-34
533	49	3.5	0	-25	31	-34
534	49	4	0	-25	29	-34
536	50	1	0	0	30	-34
538	50	2	0	0	29	-34
540	50	3	0	25	-29	-34
542	50	4	0	-25	32	-34
544	51	1	0	22	-32	33
546	51	2	0	-22	31	-33
548	51	3	0	25	32	34
550	51	4	0	24	33	35
552	52	1	0	23	32	-35
553	52	1.5	0	-23	-32	34
554	52	2	0	24	35	33
555	52	2.5	0	-24	-35	32
556	52	3	0	-24	-35	31
557	52	3.5	0	-24	34	30
558	52	4	0	-24	33	33
559	52	4.5	0	-24	32	-33
560	53	1	0	-24	31	-33
561	53	1.5	0	-24	-31	32
562	53	2	0	21	30	32
564	53	3	0	22	-30	-32
565	53	3.5	0	-22	29	-32
566	53	4	0	-22	29	31
568	54	1	0	23	-29	32
570	54	2	0	-23	28	-32
572	54	3	0	22	29	31
574	54	4	0	-22	31	-31
575	54	4.5	0	-22	30	-31
576	55	1	0	24	29	0
577	55	1.5	0	-24	28	0
578	55	2	0	23	28	0
580	55	3	0	22	-28	0
582	55	4	0	-22	27	29
584	56	1	0	21	28	30
586.667	56	2.33333	0	22	-28	-30
587	56	2.5	0	-22	-28	31
588	56	3	0	23	0	32
589.333	56	3.66667	0	24	0	-32
590.667	56	4.33333	0	25	0	-32
592	57	1	0	23	0	-32
593.333	57	1.66667	0	25	0	-32
594.667	57	2.33333	0	26	0	-32
596	57	3	0	27	0	-32
597.333	57	3.66667	0	28	0	-32
598.667	57	4.33333	0	27	0	-32
600	58	1	0	29	0	31
602.667	58	2.33333	0	26	0	-31
604	58	3	0	28	0	30
606	58	4	0	27	0	-30
606.667	58	4.33333	0	26	0	-30
607.333	58	4.66667	0	25	0	-30
608	59	1	0	24	0	0
610	59	2	0	-24	0	33
611	59	2.5	0	25	0	-33
612	59	3	0	26	0	-33
614	59	4	0	27	0	32
615	59	4.5	0	-27	0	31
616	60	1	0	25	0	30
618	60	2	0	28	0	-30
620	60	3	0	-28	0	29
621	60	3.5	0	27	0	-29
621.5	60	3.75	0	28	0	-29
622	60	4	0	27	0	-29
623	60	4.5	0	26	0	-29
623.5	60	4.75	0	25	0	-29
624	61	1	0	24	31	33
626	61	2	0	22	-31	-33
627	61	2.5	0	-22	32	34
628	61	3	0	21	33	35
630	61	4	0	20	34	36
632	62	1	0	-20	32	-36
633	62	1.5	0	-20	-32	35
634	62	2	0	24	33	33
636	62	3	0	23	-33	34
637	62	3.5	0	-23	32	-34
638	62	4	0	25	32	-34
640	63	1	0	22	-32	33
642	63	2	0	-22	31	-33
644	63	3	0	0	32	0
646	63	4	0	25	-32	0
648	64	1	0	26	0	0
650	64	2	0	27	32	0
652	64	3	0	28	33	0
654	64	4	0	25	34	0
656	65	1	0	26	35	0
659	65	2.5	0	27	-35	0
660	65	3	0	28	33	0
661	65	3.5	0	29	-33	0
662	65	4	0	28	-33	0
666	66	2	0	27	32	0
668	66	3	0	26	31	0
670	66	4	0	25	30	0
672	67	1	0	-25	29	0
674	67	2	0	24	-29	0
676	67	3	0	23	28	0
680	68	1	0	22	31	0
682	68	2	0	-22	-31	33
684	68	3	0	0	30	34
686	68	4	0	26	-30	35
688	69	1	0	27	29	36
691	69	2.5	0	28	30	-36
692	69	3	0	29	31	-36
694	69	4	0	25	32	-36
696	70	1	0	29	-32	36
698	70	2	0	-29	31	-36
700	70	3	0	25	32	34
703	70	4.5	0	-25	-32	33
704	71	1	0	29	0	34
706	71	2	0	-29	0	33
707	71	2.5	0	28	0	-33
708	71	3	0	27	0	32
709	71	3.5	0	26	0	-32
710	71	4	0	29	0	31
712	72	1	0	-29	0	30
714	72	2	0	28	0	-30
716	72	3	0	29	0	29
718	72	4	0	27	0	-29
720	73	1	0	28	33	0
723	73	2.5	0	27	32	0
724	73	3	0	28	33	0
726	73	4	0	27	32	0
728	74	1	0	26	31	0
730	74	2	0	25	30	0
732	74	3	0	24	29	0
733	74	3.5	0	-24	28	0
734	74	4	0	-24	29	0
736	75	1	0	23	30	32
740	75	3	0	21	0	-32
742	75	4	0	21	0	-32
744	76	1	0	-21	32	30
745	76	1.5	0	22	-32	-30
746	76	2	0	23	-32	-30
747	76	2.5	0	24	33	-30
748	76	3	0	25	34	-30
750	76	4	0	21	35	-30
752	77	1	0	24	-35	33
753	77	1.5	0	-24	34	-33
754	77	2	0	-24	33	-33
755	77	2.5	0	-24	32	-33
756	77	3	0	0	31	-33
759	77	4.5	0	0	32	-33
760	78	1	0	0	33	31
761	78	1.5	0	0	32	-31
762	78	2	0	0	33	-31
764	78	3	0	22	-33	-31
766	78	4	0	-22	32	-31
767	78	4.5	0	-22	31	-31
768	79	1	0	21	30	35
772	79	3	0	25	29	-35
774	79	4	0	-25	-29	34
775	79	4.5	0	-25	-29	33
776	80	1	0	-25	-29	34
777	80	1.5	0	-25	-29	33
778	80	2	0	-25	-29	32
779	80	2.5	0	-25	-29	31
780	80	3	0	26	28	30
782	80	4	0	-26	-28	33
784	81	1	0	24	35	-33
786	81	2	0	-24	-35	32
787	81	2.5	0	-24	-35	31
788	81	3	0	0	-35	33
790	81	4	0	0	34	32
792	82	1	0	0	33	31
794	82	2	0	0	34	32
797	82	3.5	0	0	33	31
798	82	4	0	0	36	29
800	83	1	0	26	-36	30
802	83	2	0	-26	35	-30
804	83	3	0	27	36	29
806	83	4	0	25	34	-29
808	84	1	0	24	33	0
810	84	2	0	23	32	34
812	84	3	0	24	35	33
814	84	4	0	25	34	32
816	85	1	0	24	33	35
818	85	2	0	25	36	34
820	85	3	0	26	35	33
822	85	4	0	27	34	36
824	86	1	0	28	33	35
826	86	2	0	25	32	36
828	86	3	0	26	31	-36
830	86	4	0	-26	30	35
832	87	1	0	27	29	36
833	87	1.5	0	26	-29	-36
834	87	2	0	25	32	34
835	87	2.5	0	24	-32	-34
836	87	3	0	25	-32	33
838	87	4	0	22	31	36
840	88	1	0	26	30	-36
842	88	2	0	-26	-30	35
844	88	3	0	22	29	36
848	89	1	0	25	-29	-36
850	89	2	0	-25	-29	35
851	89	2.5	0	-25	-29	34
852	89	3	0	24	-29	33
854	89	4	0	25	-29	34
857	90	1.5	0	24	-29	33
858	90	2	0	25	-29	34
859	90	2.5	0	-25	-29	33
860	90	3	0	22	-29	31
863	90	4.5	0	23	-29	32
864	91	1	0	24	-29	33
866	91	2	0	25	-29	34
868	91	3	0	22	-29	33
871	91	4.5	0	-22	-29	31
872	92	1	0	-22	-29	31
880	93	1	0	0	0	0
880	93	1	0	22	0	0
892	94	1	0	25	0	29
895	94	1.75	0	26	0	-29
896	94	2	0	27	0	-29
898	94	2.5	0	27	0	-29
901	94	3.25	0	26	0	-29
902	94	3.5	0	25	0	-29
903	94	3.75	0	24	0	-29
904	95	1	0	23	0	32
907	95	1.75	0	-23	0	33
908	95	2	0	25	0	34
910	95	2.5	0	-25	0	34
913	95	3.25	0	-25	0	33
914	95	3.5	0	26	0	32
915	95	3.75	0	27	0	31
916	96	1	0	28	0	30
919	96	1.75	0	27	0	-30
919.5	96	1.875	0	28	0	-30
920	96	2	0	27	0	32
921	96	2.25	0	26	0	-32
922	96	2.5	0	28	0	-32
924	96	3	0	27	0	-32
926	96	3.5	0	-27	0	33
927	96	3.75	0	-27	0	34
928	97	1	0	26	0	35
931	97	1.75	0	-26	0	34
931.5	97	1.875	0	-26	0	35
932	97	2	0	29	0	34
933	97	2.25	0	-29	0	33
934	97	2.5	0	28	0	33
936	97	3	0	27	0	-33
938	97	3.5	0	-27	0	32
940	98	1	0	26	0	33
948	98	3	0	0	0	33
952	99	1	0	26	0	35
956	99	2	0	28	0	-35
958	99	2.5	0	-28	0	34
959	99	2.75	0	-28	0	33
960	99	3	0	-28	0	32
962	99	3.5	0	27	0	-32
963	99	3.75	0	26	0	33
964	100	1	0	25	0	34
966	100	1.5	0	24	0	33
967	100	1.75	0	23	0	-33
968	100	2	0	24	0	-33
969	100	2.25	0	25	0	-33
970	100	2.5	0	23	0	32
972	100	3	0	22	0	31
973	100	3.25	0	-22	0	30
974	100	3.5	0	29	0	31
975	100	3.75	0	-29	0	32
976	101	1	0	28	0	30
978	101	1.5	0	29	0	29
980	101	2	0	26	0	31
982	101	2.5	0	29	0	-31
984	101	3	0	-29	0	30
985	101	3.25	0	28	0	-30
986	101	3.5	0	28	0	-30
987	101	3.75	0	27	0	-30
988	102	1	0	29	0	29
992	102	2	0	25	0	0
994	102	2.5	0	-25	0	32
996	102	3	0	26	0	31
998	102	3.5	0	25	0	32
1000	103	1	0	27	0	29
1002	103	1.5	0	28	0	32
1004	103	2	0	26	0	-32
1005	103	2.25	0	-26	0	31
1006	103	2.5	0	-26	0	31
1007	103	2.75	0	-26	0	30
1008	103	3	0	25	0	32
1012	104	1	0	0	0	28
1014	104	1.5	0	26	0	-28
1016	104	2	0	27	0	29
1018	104	2.5	0	28	0	28
1020	104	3	0	-28	0	30
1022	104	3.5	0	29	0	31
1024	105	1	0	27	0	32
1026	105	1.5	0	28	0	-32
1028	105	2	0	-28	0	33
1029	105	2.25	0	29	0	-33
1030	105	2.5	0	30	0	32
1032	105	3	0	29	0	34
1033.5	105	3.375	0	28	0	-34
1034	105	3.5	0	26	0	35
1036	106	1	0	25	0	36
1037	106	1.25	0	26	0	-36
1038	106	1.5	0	27	0	32
1039	106	1.75	0	26	0	-32
1039.5	106	1.875	0	27	0	-32
1040	106	2	0	28	0	-32
1041	106	2.25	0	27	0	-32
1042	106	2.5	0	30	0	35
1044	106	3	0	29	0	-35
1046	106	3.5	0	-29	0	34
1048	107	1	0	28	0	35
1056	107	3	0	29	0	0
1060	108	1	0	30	0	32
1064	108	2	0	29	0	33
1066	108	2.5	0	28	0	-33
1068	108	3	0	27	0	32
1070	108	3.5	0	29	0	31
1072	109	1	0	28	0	30
1074	109	1.5	0	27	0	32
1076	109	2	0	26	0	31
1077	109	2.25	0	27	0	-31
1078	109	2.5	0	28	0	30
1079	109	2.75	0	29	0	-30
1080	109	3	0	27	0	29
1081	109	3.25	0	-27	0	30
1082	109	3.5	0	26	0	31
1083	109	3.75	0	-26	0	32
1084	110	1	0	25	0	30
1086	110	1.5	0	27	0	29
1088	110	2	0	26	0	28
1089	110	2.25	0	25	0	-28
1090	110	2.5	0	28	0	30
1092	110	3	0	-28	0	29
1094	110	3.5	0	27	0	-29
1096	111	1	0	28	0	28
1098	111	1.5	0	29	0	31
1099	111	1.75	0	28	0	-31
1100	111	2	0	27	0	32
1101	111	2.25	0	26	0	-32
1102	111	2.5	0	28	0	33
1104	111	3	0	27	0	-33
1106	111	3.5	0	-27	0	32
1108	112	1	0	26	0	33
1116	112	3	0	0	0	0
1120	113	1	22	29	31	33
1132	114	3	22	26	31	33
1134	114	4	-22	29	-31	-33
1136	115	1	22	-29	31	33
1138	115	2	-22	28	-31	-33
1139	115	2.5	-22	27	-31	-33
1140	115	3	-22	26	-31	-33
1143	115	4.5	-22	27	-31	-33
1144	116	1	19	28	30	-33
1152	117	1	21	-28	-30	32
1156	117	3	-21	25	-30	35
1158	117	4	20	-25	-30	-35
1159	117	4.5	19	-25	-30	-35
1160	118	1	18	-25	30	34
1164	118	3	17	26	31	33
1168	119	1	-17	28	-31	-33
1170	119	2	-17	-28	30	-33
1171	119	2.5	-17	-28	29	-33
1172	119	3	21	-28	30	32
1174	119	4	-21	27	28	-32
1176	120	1	22	26	-28	31
1177	120	1.5	-22	-26	27	-31
1178	120	2	-22	25	26	-31
1179	120	2.5	-22	24	27	-31
1180	120	3	21	25	28	30
1182	120	4	-21	26	-28	-30
1184	121	1	22	-26	26	-30
1185	121	1.5	-22	25	-26	-30
1186	121	2	-22	24	-26	29
1187	121	2.5	-22	23	-26	-29
1188	121	3	-22	24	-26	29
1192	122	1	19	23	-26	-29
1194	122	2	-19	-23	-26	28
1195	122	2.5	-19	-23	-26	27
1196	122	3	-19	-23	-26	28
1200	123	1	-19	-23	26	28
1208	124	1	0	24	-26	-28
1212	124	3	19	23	-26	-28
1216	125	1	20	22	24	31
1220	125	3	-20	29	25	-31
1222	125	4	-20	29	-25	30
1223	125	4.5	-20	-29	-25	29
1224	126	1	19	-29	26	30
1226	126	2	-19	28	-26	-30
1228	126	3	22	29	-26	29
1230	126	4	-22	-29	-26	31
1232	127	1	22	27	29	-31
1234	127	2	-22	-27	-29	32
1235	127	2.5	23	-27	-29	-32
1236	127	3	24	26	28	33
1239	127	4.5	-24	-26	-28	34
1240	128	1	0	-26	-28	35
1242	128	2	0	25	29	34
1244	128	3	0	-25	30	-34
1245	128	3.5	0	24	-30	33
1246	128	4	0	22	31	36
1248	129	1	0	26	30	-36
1250	129	2	0	-26	-30	35
1251	129	2.5	0	-26	31	-35
1252	129	3	0	25	32	34
1254	129	4	0	26	28	33
1256	130	1	22	24	29	-33
1258	130	2	-22	-24	31	32
1259	130	2.5	-22	-24	-31	31
1260	130	3	21	28	-31	32
1262	130	4	-21	-28	30	-32
1264	131	1	22	24	31	31
1265	131	1.5	-22	-24	-31	32
1266	131	2	-22	-24	-31	33
1267	131	2.5	-22	-24	-31	32
1267.5	131	2.75	-22	-24	-31	33
1268	131	3	20	24	29	34
1269	131	3.5	21	-24	-29	-34
1270	131	4	22	-24	-29	31
1271	131	4.5	23	-24	28	-31
1271.5	131	4.75	-23	-24	29	-31
1272	132	1	21	23	30	32
1273	132	1.5	-21	-23	-30	33
1274	132	2	20	24	29	34
1275	132	2.5	-20	25	-29	35
1276	132	3	24	26	-29	33
1277	132	3.5	-24	27	28	-33
1278	132	4	21	28	28	32
1280	133	1	22	26	-28	-32
1281	133	1.5	-22	-26	-28	31
1282	133	2	-22	24	27	31
1284	133	3	21	25	28	-31
1286	133	4	-21	-25	-28	30
1288	134	1	22	24	26	31
1292	134	3	24	22	29	33
1296	135	1	23	25	-29	-33
1298	135	2	-23	-25	28	32
1299	135	2.5	-23	-25	27	-32
1300	135	3	-23	-25	28	32
1304	136	1	22	26	29	-32
1306	136	2	-22	-26	-29	31
1307	136	2.5	-22	-26	-29	30
1308	136	3	-22	-26	-29	31
1310	136	4	-22	-26	28	-31
1312	137	1	0	25	27	32
1315	137	2.5	0	-25	26	-32
1316	137	3	25	23	27	-32
1320	138	1	26	24	26	35
1324	138	3	25	25	0	34
1326	138	4	23	-25	30	-34
1328	139	1	24	0	-30	33
1330	139	2	-24	0	29	-33
1331	139	2.5	23	0	28	-33
1332	139	3	24	26	29	-33
1334	139	4	-24	-26	-29	32
1335	139	4.5	-24	-26	-29	31
1336	140	1	23	27	30	32
1342	140	4	21	26	-30	-32
1343	140	4.5	-21	27	-30	-32
1344	141	1	21	28	-30	-32
1350	141	4	-21	27	-30	-32
1351	141	4.5	-21	26	-30	-32
1352	142	1	-21	25	-30	-32
1356	142	3	-21	28	-30	-32
1359	142	4.5	-21	27	-30	-32
1360	143	1	-21	28	-30	-32
1368	144	1	0	0	0	0
1368	144	1	0	0	22	0
1372	144	3	0	0	22	0
1373	144	3.5	0	0	23	0
1374	144	4	0	0	24	0
1375	144	4.5	0	0	25	0
1376	145	1	0	22	26	0
1378	145	2	0	-22	24	0
1380	145	3	0	22	-24	0
1381	145	3.5	0	23	25	0
1382	145	4	0	24	26	0
1383	145	4.5	0	25	-26	0
1384	146	1	0	26	22	0
1386	146	2	0	24	-22	0
1389	146	3.5	0	25	-22	0
1390	146	4	0	26	-22	0
1392	147	1	0	22	0	0
1394	147	2	0	-22	26	0
1396	147	3	0	0	27	0
1398	147	4	0	26	28	0
1400	148	1	0	27	29	29
1402	148	2	0	-27	25	-29
1403	148	2.5	0	28	-25	-29
1404	148	3	0	29	27	29
1405	148	3.5	0	-29	-27	30
1406	148	4	0	-29	-27	31
1407	148	4.5	0	-29	26	32
1408	149	1	0	-29	24	33
1410	149	2	0	-29	22	31
1412	149	3	0	29	-22	-31
1413	149	3.5	0	-29	23	32
1414	149	4	0	-29	24	33
1416	150	1	0	27	25	29
1418	150	2	0	-27	29	-29
1420	150	3	0	26	30	0
1422	150	4	0	-26	31	33
1424	151	1	0	25	30	34
1426	151	2	0	26	-30	35
1428	151	3	0	27	29	36
1431	151	4.5	0	28	-29	-36
1432	152	1	0	29	25	-36
1433	152	1.5	0	28	-25	-36
1434	152	2	0	27	-25	-36
1435	152	2.5	0	26	-25	-36
1436	152	3	0	27	0	36
1438	152	4	0	-27	29	-36
1440	153	1	0	26	30	35
1442	153	2	0	-26	31	-35
1444	153	3	0	-26	30	-35
1446	153	4	0	25	30	34
1448	154	1	0	24	-30	33
1449	154	1.5	0	-24	29	-33
1450	154	2	0	-24	29	-33
1451	154	2.5	0	-24	28	-33
1451.5	154	2.75	0	-24	29	-33
1452	154	3	0	23	30	32
1454	154	4	0	24	28	33
1456	155	1	0	25	27	-33
1457	155	1.5	0	-25	-27	32
1458	155	2	0	21	28	32
1460	155	3	0	22	26	-32
1462	155	4	0	-22	-26	31
1464	156	1	18	0	25	32
1466	156	2	-18	29	-25	-32
1468	156	3	-18	-29	27	0
1470	156	4	-18	30	-27	0
1471	156	4.5	-18	-30	28	0
1472	157	1	-18	29	29	32
1474	157	2	-18	27	25	-32
1477	157	3.5	-18	28	26	-32
1478	157	4	-18	29	27	36
1479	157	4.5	-18	-29	28	-36
1480	158	1	18	25	29	-36
1481	158	1.5	-18	-25	-29	35
1482	158	2	-18	-25	-29	34
1483	158	2.5	-18	-25	-29	33
1484	158	3	-18	-25	-29	34
1486	158	4	22	26	-29	33
1488	159	1	-22	-26	29	31
1489	159	1.5	-22	25	-29	-31
1490	159	2	-22	24	-29	33
1491	159	2.5	-22	23	-29	-33
1492	159	3	-22	22	31	-33
1493	159	3.5	-22	-22	-31	32
1494	159	4	-22	-22	-31	31
1495	159	4.5	-22	-22	-31	30
1496	160	1	-22	0	-31	29
1498	160	2	-22	29	-31	-29
1502	160	4	22	28	-31	0
1503	160	4.5	-22	27	-31	0
1504	161	1	-22	26	-31	33
1506	161	2	-22	29	-31	-33
1508	161	3	23	27	30	32
1510	161	4	-23	28	-30	-32
1511	161	4.5	-23	-28	-30	33
1512	162	1	-23	25	23	34
1514	162	2	-23	-25	-23	35
1515	162	2.5	-23	26	24	-35
1516	162	3	-23	27	25	32
1518	162	4	-23	28	21	-32
1520	163	1	-23	25	-21	0
1521	163	1.5	-23	-25	22	0
1522	163	2	-23	-25	23	0
1523	163	2.5	-23	24	24	0
1524	163	3	23	23	25	32
1525	163	3.5	-23	22	-25	-32
1526	163	4	-23	21	-25	-32
1528	164	1	24	-21	28	32
1530	164	2	-24	28	-28	33
1531	164	2.5	-24	-28	27	-33
1532	164	3	-24	-28	26	-33
1533	164	3.5	-24	-28	25	34
1534	164	4	-24	26	24	35
1537	165	1.5	-24	-26	23	-35
1538	165	2	-24	29	24	33
1539	165	2.5	-24	-29	25	-33
1540	165	3	-24	28	26	-33
1542	165	4	-24	29	22	36
1544	166	1	-24	26	0	35
1546	166	2	24	29	22	36
1548	166	3	-24	28	26	33
1550	166	4	-24	26	-26	35
1552	167	1	25	29	25	34
1553	167	1.5	-25	28	-25	-34
1554	167	2	-25	27	27	36
1555	167	2.5	-25	26	-27	-36
1556	167	3	-25	25	-27	-36
1557	167	3.5	-25	24	26	-36
1558	167	4	-25	23	27	32
1560	168	1	-25	-23	25	-32
1562	168	2	-25	22	-25	31
1563	168	2.5	-25	21	26	30
1564	168	3	-25	20	27	29
1566	168	4	-25	21	23	30
1568	169	1	25	20	27	29
1570	169	2	-25	23	-27	32
1572	169	3	-25	-23	27	-32
1574	169	4	24	24	26	33
1576	170	1	-24	22	-26	-33
1578	170	2	-24	-22	29	31
1581	170	3.5	-24	0	28	32
1582	170	4	-24	22	26	33
1584	171	1	-24	-22	29	29
1585	171	1.5	-24	23	-29	-29
1585.33	171	1.66667	-24	-23	-29	31
1586	171	2	-24	24	-29	-31
1586.67	171	2.33333	-24	-24	-29	32
1588	171	3	-24	22	29	33
1590	171	4	24	24	-29	-33
1591	171	4.5	-24	-24	-29	32
1592	172	1	-24	-24	-29	33
1593	172	1.5	-24	-24	-29	34
1594	172	2	-24	21	28	35
1596	172	3	23	25	-28	-35
1597	172	3.5	-23	-25	29	-35
1598	172	4	-23	-25	30	34
1599	172	4.5	-23	24	-30	-34
1600	173	1	-23	23	-30	-34
1601	173	1.5	-23	22	31	33
1602	173	2	-23	21	32	32
1605	173	3.5	-23	-21	31	31
1606	173	4	-23	21	30	30
1607	173	4.5	-23	-21	29	-30
1608	174	1	-23	-21	28	-30
1609	174	1.5	-23	-21	-28	29
1610	174	2	-23	25	30	28
1612	174	3	23	-25	-30	-28
1613	174	3.5	-23	-25	29	-28
1614	174	4	-23	23	28	32
1615	174	4.5	-23	-23	27	-32
1616	175	1	-23	25	28	-32
1618	175	2	22	26	29	31
1621	175	3.5	-22	25	28	-31
1622	175	4	-22	24	26	30
1623	175	4.5	-22	23	-26	29
1624	176	1	-22	22	-26	31
1625	176	1.5	-22	-22	25	-31
1626	176	2	-22	24	24	-31
1627	176	2.5	-22	-24	23	-31
1628	176	3	-22	-24	22	0
1629	176	3.5	-22	25	-22	0
1630	176	4	-22	26	29	31
1631	176	4.5	-22	27	-29	-31
1632	177	1	-22	26	-29	-31
1633	177	1.5	-22	-26	-29	32
1634	177	2	22	24	28	33
1635	177	2.5	-22	-24	27	-33
1636	177	3	-22	24	26	-33
1638	177	4	-22	-24	-26	32
1639	177	4.5	-22	23	27	31
1639.5	177	4.75	-22	24	-27	-31
1640	178	1	21	25	28	30
1642	178	2	-21	23	-28	32
1644	178	3	-21	-23	25	-32
1645	178	3.5	-21	24	-25	-32
1646	178	4	-21	25	-25	31
1647	178	4.5	-21	-25	26	30
1648	179	1	0	-25	27	29
1650	179	2	0	23	28	28
1652	179	3	0	24	-28	29
1654	179	4	0	25	27	-29
1656	180	1	25	21	28	30
1662	180	4	-25	21	-28	-30
1664	181	1	25	-21	0	0
1665	181	1.5	-25	22	0	0
1666	181	2	-25	23	0	0
1667	181	2.5	-25	24	0	0
1668	181	3	-25	23	0	0
1670	181	4	24	24	0	0
1672	182	1	-24	22	0	0
1674	182	2	-24	26	0	0
1677	182	3.5	-24	27	0	0
1678	182	4	24	28	0	0
1679	182	4.5	-24	29	0	0
1680	183	1	-24	28	0	0
1682	183	2	-24	29	0	0
1684	183	3	23	25	0	0
1686.67	183	4.33333	-23	28	0	0
1688	184	1	-23	27	0	0
1689.33	184	1.66667	-23	28	0	0
1690.67	184	2.33333	-23	27	0	0
1692	184	3	23	25	0	0
1694.67	184	4.33333	-23	25	0	0
1696	185	1	-23	27	0	0
1698	185	2	22	28	0	0
1698.67	185	2.33333	-22	29	0	0
1701.33	185	3.66667	-22	26	0	0
1704	186	1	-22	27	0	0
1705.33	186	1.66667	-22	26	0	0
1706	186	2	22	-26	0	0
1706.67	186	2.33333	-22	24	0	0
1709.33	186	3.66667	-22	26	0	0
1711.33	186	4.66667	-22	27	0	0
1712	187	1	21	28	30	0
1716	187	3	-21	0	29	0
1717.33	187	3.66667	-21	0	28	0
1718.67	187	4.33333	-21	0	27	0
1719.33	187	4.66667	-21	0	26	0
1720	188	1	21	0	25	0
1721.33	188	1.66667	-21	0	26	0
1722.67	188	2.33333	-21	0	23	0
1724	188	3	-21	0	26	0
1726	188	4	22	0	-26	0
1726.67	188	4.33333	-22	0	27	0
1728	189	1	-22	0	26	0
1729.33	189	1.66667	-22	0	29	0
1731.33	189	2.66667	-22	0	30	0
1732	189	3	-22	0	31	0
1733.33	189	3.66667	-22	0	29	0
1734	189	4	22	0	-29	0
1736	190	1	-22	0	31	0
1738	190	2	-22	0	30	0
1738.67	190	2.33333	-22	0	29	0
1740	190	3	24	0	28	33
1744	191	1	-24	0	0	32
1745.33	191	1.66667	-24	0	0	33
1746.67	191	2.33333	-24	0	0	34
1748	191	3	24	0	0	35
1750.67	191	4.33333	-24	0	0	33
1752	192	1	-24	0	0	35
1754	192	2	23	0	0	-35
1754.67	192	2.33333	-23	0	0	35
1757.33	192	3.66667	-23	0	0	34
1760	193	1	-23	0	0	32
1761.33	193	1.66667	-23	0	0	32
1762	193	2	23	0	0	-32
1763.33	193	2.66667	-23	0	0	31
1764	193	3	-23	0	0	30
1764.67	193	3.33333	-23	0	0	29
1765.33	193	3.66667	-23	0	0	28
1767.33	193	4.66667	-23	0	0	27
1768	194	1	22	0	26	29
1770	194	2	-22	29	-26	31
1772	194	3	-22	-29	27	-31
1773	194	3.5	-22	-29	-27	32
1774	194	4	-22	28	-27	33
1775	194	4.5	-22	27	26	34
1776	195	1	-22	28	29	33
1777	195	1.5	-22	27	-29	-33
1778	195	2	-22	26	-29	32
1779	195	2.5	-22	25	-29	-32
1780	195	3	-22	26	-29	-32
1782	195	4	-22	-26	-29	31
1784	196	1	0	25	27	32
1787	196	2.5	0	26	28	31
1787.5	196	2.75	0	-26	-28	30
1788	196	3	0	27	29	29
1790	196	4	0	26	30	28
1792	197	1	0	-26	28	-28
1793	197	1.5	0	25	-28	-28
1794	197	2	0	24	-28	31
1795	197	2.5	0	-24	26	-31
1795.5	197	2.75	0	-24	27	-31
1796	197	3	21	25	28	-31
1798	197	4	-21	-25	-28	30
1799	197	4.5	-21	-25	27	-30
1800	198	1	22	24	26	31
1801	198	1.5	-22	-24	25	-31
1802	198	2	-22	22	24	-31
1804	198	3	23	21	25	0
1807	198	4.5	-23	-21	24	0
1807.5	198	4.75	-23	-21	23	0
1808	199	1	24	20	22	0
1816	200	1	-24	0	26	0
1817.33	200	1.66667	-24	0	27	0
1818.67	200	2.33333	-24	0	28	0
1820	200	3	-24	0	29	0
1821.33	200	3.66667	-24	0	28	0
1822.67	200	4.33333	-24	0	29	0
1824	201	1	23	0	25	0
1825.33	201	1.66667	-23	0	26	0
1826.67	201	2.33333	-23	0	27	0
1828	201	3	-23	0	28	0
1829.33	201	3.66667	-23	0	27	0
1830.67	201	4.33333	-23	0	28	0
1832	202	1	22	0	24	0
1835	202	2.5	-22	0	25	0
1835.5	202	2.75	-22	0	26	0
1836	202	3	-22	0	27	0
1838	202	4	21	0	26	0
1840	203	1	22	0	-26	0
1841	203	1.5	-22	0	22	0
1842	203	2	21	0	25	0
1843	203	2.5	20	0	-25	0
1844	203	3	19	0	-25	0
1846	203	4	-19	0	24	0
1848	204	1	18	0	25	0
1852	204	3	21	0	-25	0
1854	204	4	-21	0	26	0
1855	204	4.5	22	0	-26	0
1856	205	1	23	0	25	0
1858	205	2	24	0	28	0
1860	205	3	22	0	-28	0
1862	205	4	-22	0	27	0
1864	206	1	21	30	28	32
1868	206	3	0	29	0	33
1870	206	4	0	-29	0	34
1872	207	1	0	28	0	35
1874	207	2	0	26	0	-35
1877	207	3.5	0	27	0	-35
1878	207	4	0	28	0	-35
1880	208	1	0	26	0	35
1882	208	2	0	24	0	-35
1884	208	3	0	-24	0	33
1885	208	3.5	0	25	0	-33
1886	208	4	0	26	0	-33
1887	208	4.5	0	27	0	-33
1888	209	1	0	28	0	-33
1889	209	1.5	0	29	0	-33
1890	209	2	0	30	0	32
1892	209	3	0	29	0	31
1894	209	4	0	28	0	30
1896	210	1	0	-28	0	29
1898	210	2	0	27	0	-29
1900	210	3	0	28	0	28
1904	211	1	0	26	0	-28
1908	211	3	0	-26	0	28
1910	211	4	0	25	0	29
1912	212	1	0	24	0	-29
1913	212	1.5	0	-24	0	28
1914	212	2	0	23	0	28
1916	212	3	0	22	0	-28
1918	212	4	0	-22	0	27
1920	213	1	0	21	30	28
1923	213	2.5	0	-21	29	-28
1924	213	3	0	-21	28	32
1925	213	3.5	0	-21	27	-32
1926	213	4	0	-21	28	-32
1928	214	1	0	-21	-28	30
1930	214	2	0	-21	27	-30
1931	214	2.5	0	-21	26	-30
1932	214	3	21	-21	25	30
1934	214	4	-21	-21	23	-30
1936	215	1	19	0	-23	33
1938	215	2	-19	0	24	-33
1940	215	3	19	28	23	-33
1942	215	4	-19	-28	21	32
1944	216	1	22	26	22	31
1946	216	2	-22	-26	24	-31
1948	216	3	-22	26	-24	-31
1949	216	3.5	-22	-26	25	-31
1950	216	4	21	-26	26	30
1952	217	1	20	29	27	29
1954	217	2	-20	-29	-27	31
1955	217	2.5	19	-29	-27	-31
1956	217	3	20	-29	0	-31
1957	217	3.5	-20	-29	0	32
1958	217	4	21	28	0	30
1960	218	1	18	27	29	29
1962	218	2	-18	-27	-29	32
1964	218	3	22	26	-29	-32
1966	218	4	-22	-26	-29	31
1968	219	1	23	25	27	32
1970	219	2	21	-25	28	-32
1972	219	3	22	24	26	0
1976	220	1	18	27	25	32
1980	220	3	22	26	26	31
1982	220	4	-22	29	-26	-31
1983	220	4.5	21	-29	-26	-31
1984	221	1	20	-29	27	-31
1985	221	1.5	-20	-29	26	-31
1986	221	2	21	28	25	30
1987	221	2.5	-21	-28	24	-30
1988	221	3	18	-28	25	29
1989	221	3.5	-18	27	-25	-29
1990	221	4	-18	27	-25	-29
1991	221	4.5	-18	26	-25	-29
1992	222	1	21	28	-25	28
1996	222	3	-21	-28	23	32
1998	222	4	22	-28	-23	-32
1999	222	4.5	23	-28	-23	-32
2000	223	1	24	-28	26	33
2003	223	2.5	-24	-28	25	-33
2004	223	3	20	29	24	34
2005	223	3.5	-20	-29	23	-34
2006	223	4	-20	-29	22	-34
2010	224	2	21	-29	25	-34
2012	224	3	22	0	24	33
2014	224	4	23	0	-24	-33
2015	224	4.5	-23	0	25	-33
2016	225	1	24	0	26	-33
2018	225	2	-24	0	-26	32
2020	225	3	20	22	27	31
2022	225	4	-20	-22	29	-31
2024	226	1	0	25	30	32
2026	226	2	0	-25	29	-32
2028	226	3	0	26	-29	30
2030	226	4	0	-26	28	-30
2032	227	1	20	27	29	29
2038	227	4	19	-27	-29	30
2039	227	4.5	18	-27	-29	-30
2040	228	1	17	26	-29	31
2044	228	3	19	-26	28	30
2046	228	4	-19	25	-28	-30
2048	229	1	20	24	27	29
2050	229	2	-20	-24	-27	31
2052	229	3	18	25	-27	30
2054	229	4	-18	-25	-27	29
2056	230	1	19	23	26	-29
2058	230	2	-19	-23	-26	28
2059	230	2.5	-19	-23	-26	27
2060	230	3	-19	-23	-26	28
2064	231	1	22	22	-26	29
*-	*-	*-	*-	*-	*-	*-
