**absq	**bar	**beat	**b7	**b7	**b7	**b7
0	0	1	0	25	0	0
8	1	1	0	28	0	0
12	1	3	0	29	0	0
16	2	1	0	30	0	32
22	2	4	0	30	0	-32
24	3	1	0	-30	0	35
26	3	2	0	31	0	-35
28	3	3	0	-31	0	36
30	3	4	0	31	0	-36
32	4	1	0	30	0	37
33	4	1.5	0	31	0	-37
34	4	2	0	32	0	-37
35	4	2.5	0	31	0	-37
36	4	3	0	30	0	0
37	4	3.5	0	29	0	0
38	4	4	0	28	0	37
41	5	1.5	0	26	0	-37
42	5	2	0	33	0	38
46	5	4	0	32	0	38
47	5	4.5	0	31	0	-38
48	6	1	21	32	0	37
49	6	1.5	-21	-32	0	38
50	6	2	-21	30	0	39
51	6	2.5	-21	-30	0	38
52	6	3	-21	32	0	37
53	6	3.5	-21	-32	0	36
54	6	4	-21	31	0	35
55	6	4.5	-21	30	0	-35
56	7	1	24	29	0	-35
58	7	2	-24	-29	0	34
59	7	2.5	-24	-29	0	33
60	7	3	25	-29	0	34
64	8	1	26	28	28	35
66	8	2	-26	-28	-28	34
67	8	2.5	-26	-28	-28	33
68	8	3	0	0	-28	32
70	8	4	26	0	-28	35
72	9	1	-26	0	31	-35
73	9	1.5	-26	0	-31	34
74	9	2	27	0	-31	36
76	9	3	-27	0	32	-36
78	9	4	27	0	-32	35
79	9	4.5	-27	0	-32	34
80	10	1	26	0	33	35
82	10	2	28	0	-33	-35
85	10	3.5	27	0	0	-35
86	10	4	26	0	33	-35
87	10	4.5	25	0	-33	-35
88	11	1	24	29	-33	0
89	11	1.5	22	-29	-33	0
90	11	2	25	-29	34	0
92	11	3	-25	29	-34	0
94	11	4	24	-29	34	0
95	11	4.5	23	-29	-34	0
96	12	1	24	29	33	0
98	12	2	25	-29	32	0
100	12	3	21	30	-32	0
101	12	3.5	-21	-30	31	0
102	12	4	-21	-30	30	37
103	12	4.5	-21	31	29	-37
104	13	1	0	32	28	-37
106	13	2	24	28	33	38
108	13	3	-24	26	-33	-38
109	13	3.5	23	-26	-33	-38
110	13	4	22	27	32	-38
111	13	4.5	-22	-27	31	-38
112	14	1	21	28	32	37
113	14	1.5	-21	-28	-32	38
114	14	2	-21	-28	-32	39
115	14	2.5	-21	-28	-32	38
116	14	3	21	30	-32	37
117	14	3.5	-21	-30	-32	36
118	14	4	-21	-30	-32	35
120	15	1	25	29	32	-35
122	15	2	-25	-29	-32	34
123	15	2.5	-25	-29	-32	33
124	15	3	-25	-29	-32	34
126	15	4	-25	-29	31	-34
127	15	4.5	-25	-29	30	-34
128	16	1	21	28	30	35
136	17	1	21	28	0	37
140	17	3	-21	-28	32	-37
142	17	4	21	28	-32	37
144	18	1	25	27	-32	36
146	18	2	-25	-27	32	-36
148	18	3	26	28	30	35
150	18	4	-26	-28	31	-35
152	19	1	25	29	32	34
154	19	2	21	28	-32	37
158	19	4	21	-28	32	37
160	20	1	25	27	-32	36
162	20	2	-25	27	32	-36
164	20	3	26	28	30	35
166	20	4	-26	-28	31	-35
168	21	1	25	29	32	34
172	21	3	0	29	0	-34
174	21	4	25	-29	0	-34
175	21	4.5	-25	29	0	-34
176	22	1	-25	30	32	-34
178	22	2	23	30	-32	-34
179	22	2.5	-23	-30	32	-34
180	22	3	24	29	33	0
182	22	4	22	-29	33	0
183	22	4.5	-22	28	-33	0
184	23	1	25	27	32	36
186	23	2	-25	25	-32	-36
187	23	2.5	-25	-25	31	36
188	23	3	0	28	30	37
190	23	4	0	-28	28	37
191	23	4.5	0	27	-28	-37
191.5	23	4.75	0	26	-28	-37
192	24	1	25	27	32	36
195	24	2.5	-25	-27	-32	35
196	24	3	-25	-27	-32	34
198	24	4	25	-27	31	32
199	24	4.5	-25	-27	30	-32
200	25	1	26	0	30	35
203	25	2.5	26	0	-30	34
203.5	25	2.75	-26	0	-30	33
204	25	3	25	29	0	34
207	25	4.5	24	29	0	-34
208	26	1	23	30	32	0
210	26	2	21	30	-32	0
211	26	2.5	-21	-30	32	0
212	26	3	24	29	33	0
214	26	4	-24	-29	33	0
215	26	4.5	23	28	-33	0
215.5	26	4.75	22	-28	-33	0
216	27	1	25	27	32	36
218	27	2	-25	25	-32	-36
219	27	2.5	-25	-25	31	36
220	27	3	0	28	30	37
222	27	4	0	-28	28	37
223	27	4.5	0	27	-28	-37
223.5	27	4.75	0	26	-28	-37
224	28	1	25	27	32	36
226	28	2	-25	25	-32	-36
227	28	2.5	-25	26	-32	35
228	28	3	-25	27	0	34
229	28	3.5	-25	28	0	-34
230	28	4	25	29	32	32
232	29	1	26	-29	-32	35
233	29	1.5	-26	-29	30	-35
234	29	2	-26	28	31	-35
235	29	2.5	26	-28	-31	34
235.5	29	2.75	-26	-28	-31	33
236	29	3	25	29	32	34
239	29	4.5	24	-29	-32	33
240	30	1	23	0	0	34
242	30	2	21	30	0	35
243	30	2.5	22	-30	0	-35
244	30	3	23	-30	32	34
245	30	3.5	24	29	-32	-34
246	30	4	25	30	-32	-34
247	30	4.5	23	-30	-32	-34
248	31	1	24	28	33	0
250	31	2	-24	26	-33	0
252	31	3	0	27	32	36
253	31	3.5	0	28	-32	-36
254	31	4	0	29	31	-36
255	31	4.5	0	27	-31	-36
256	32	1	0	28	30	37
258	32	2	0	-28	32	-37
259	32	2.5	0	27	-32	-37
260	32	3	0	29	31	36
262	32	4	0	26	30	35
264	33	1	25	0	29	34
266	33	2	-25	0	32	36
268	33	3	26	0	-32	35
270	33	4	-26	0	31	35
272	34	1	25	29	32	34
275	34	2.5	24	-29	33	-34
276	34	3	23	30	32	34
278	34	4	25	-30	-32	-34
280	35	1	24	29	0	0
282	35	2	23	28	32	0
284	35	3	22	27	32	0
286	35	4	-22	29	31	36
288	36	1	0	28	30	37
290	36	2	25	27	32	36
292	36	3	26	26	30	35
294	36	4	26	-26	28	-35
296	37	1	25	0	32	36
298	37	2	-25	29	-32	-36
300	37	3	21	30	32	35
302	37	4	25	29	-32	34
304	38	1	26	28	30	33
306	38	2	-26	-28	31	35
308	38	3	25	29	32	34
310	38	4	22	-29	31	33
312	39	1	24	28	-31	-33
313	39	1.5	-24	-28	30	32
314	39	2	25	27	29	32
316	39	3	22	26	-29	-32
318	39	4	-22	-26	29	31
320	40	1	0	25	29	32
322	40	2	25	27	-29	-32
324	40	3	25	27	0	0
326	40	4	26	28	0	0
328	41	1	25	27	0	0
330	41	2	24	26	0	0
332	41	3	25	25	0	0
334	41	4	-25	-25	32	34
336	42	1	0	0	32	34
338	42	2	0	0	33	35
340	42	3	0	0	32	34
342	42	4	0	29	31	33
344	43	1	25	-29	32	32
346	43	2	-25	27	-32	-32
348	43	3	23	28	0	0
350	43	4	24	-28	0	0
352	44	1	-24	26	0	0
354	44	2	22	27	0	36
356	44	3	25	-27	32	-36
358	44	4	-25	26	-32	34
359	44	4.5	-25	25	-32	-34
360	45	1	21	25	30	35
362	45	2	0	26	31	-35
364	45	3	0	0	-31	33
366	45	4	0	29	29	34
368	46	1	25	-29	32	-34
370	46	2	-25	27	-32	33
371	46	2.5	-25	-27	-32	32
372	46	3	23	28	-32	32
374	46	4	24	-28	31	33
376	47	1	-24	26	31	0
378	47	2	22	27	-31	36
380	47	3	25	-27	32	-36
382	47	4	-25	26	-32	34
383	47	4.5	-25	25	-32	-34
384	48	1	21	25	30	35
386	48	2	24	26	31	-35
388	48	3	-24	-26	-31	33
389	48	3.5	-24	22	30	-33
390	48	4	25	29	29	34
391	48	4.5	-25	-29	28	-34
392	49	1	-25	-29	27	-34
393	49	1.5	-25	-29	26	33
394	49	2	-25	28	29	32
395	49	2.5	-25	27	-29	-32
396	49	3	22	26	-29	-32
397	49	3.5	-22	-26	28	-32
398	49	4	-22	-26	29	31
399	49	4.5	-22	-26	28	-31
400	50	1	25	25	27	32
401	50	1.5	-25	-25	25	-32
402	50	2	-25	-25	32	-32
404	50	3	26	0	-32	35
405	50	3.5	-26	0	31	-35
405.5	50	3.75	-26	0	30	-35
406	50	4	-26	0	31	-35
408	51	1	25	29	32	34
412	51	3	-25	29	-32	-34
414	51	4	-25	30	-32	-34
416	52	1	25	29	-32	0
420	52	3	25	27	-32	36
422	52	4	-25	29	-32	-36
423	52	4.5	26	-29	-32	-36
424	53	1	27	29	-32	36
426	53	2	28	28	-32	37
428	53	3	25	27	-32	36
432	54	1	-25	0	32	34
434	54	2	-25	27	-32	36
436	54	3	0	-27	32	36
438	54	4	0	26	33	35
440	55	1	25	29	32	34
444	55	3	25	27	30	0
446	55	4	26	28	31	35
448	56	1	25	29	32	34
451	56	2.5	-25	-29	32	-34
452	56	3	23	0	32	-34
454	56	4	25	29	-32	33
455	56	4.5	-25	-29	-32	32
456	57	1	25	29	25	34
458	57	2	24	-29	26	33
460	57	3	23	30	27	32
463	57	4.5	22	-30	-27	-32
463.5	57	4.75	21	-30	-27	-32
464	58	1	25	29	-27	0
466	58	2	-25	27	26	36
467	58	2.5	-25	-27	25	-36
468	58	3	-25	-27	32	36
469	58	3.5	-25	28	-32	-36
470	58	4	-25	29	-32	-36
471	58	4.5	-25	27	-32	-36
472	59	1	21	28	-32	37
474	59	2	-21	28	-32	-37
476	59	3	0	27	32	36
478	59	4	25	-27	-32	34
479	59	4.5	-25	28	-32	-34
480	60	1	25	29	-32	-34
481	60	1.5	-25	30	-32	35
482	60	2	-25	29	31	36
483	60	2.5	-25	-29	30	34
484	60	3	26	-29	30	35
485	60	3.5	-26	28	-30	-35
486	60	4	-26	28	-30	35
488	61	1	25	29	0	34
490	61	2	23	30	32	-34
492	61	3	-23	27	32	-34
493	61	3.5	24	-27	-32	-34
494	61	4	25	30	-32	-34
495	61	4.5	23	-30	-32	-34
496	62	1	24	-30	33	0
498	62	2	24	29	-33	0
500	62	3	23	30	32	0
502	62	4	-23	-30	30	0
503	62	4.5	22	-30	-30	0
503.5	62	4.75	21	-30	-30	0
504	63	1	25	0	-30	0
505	63	1.5	-25	0	31	0
506	63	2	-25	29	32	0
507	63	2.5	-25	-29	30	0
508	63	3	22	29	31	0
510	63	4	24	-29	-31	0
512	64	1	21	30	30	0
513	64	1.5	22	-30	31	0
514	64	2	23	-30	32	0
515	64	2.5	24	-30	33	0
516	64	3	25	29	34	0
518	64	4	-25	27	-34	36
520	65	1	-25	-27	-34	36
521	65	1.5	-25	28	-34	-36
522	65	2	-25	29	32	-36
523	65	2.5	-25	27	-32	-36
524	65	3	21	28	32	37
528	66	1	0	27	32	36
530	66	2	25	-27	-32	34
531	66	2.5	-25	28	-32	-34
532	66	3	25	29	-32	-34
533	66	3.5	-25	30	-32	35
534	66	4	-25	29	31	36
535	66	4.5	-25	-29	30	34
536	67	1	26	-29	30	35
538	67	2	-26	28	-30	-35
540	67	3	25	29	0	34
542	67	4	23	30	32	-34
544	68	1	-23	27	32	-34
545	68	1.5	24	-27	-32	-34
546	68	2	25	30	-32	-34
547	68	2.5	23	-30	-32	-34
548	68	3	24	-30	33	0
550	68	4	-24	29	33	0
552	69	1	23	30	32	0
554	69	2	-23	-30	30	0
557	69	3.5	-23	0	31	0
558	69	4	-23	0	32	32
559	69	4.5	-23	0	30	-32
560	70	1	0	29	31	33
562	70	2	0	-29	-31	34
564	70	3	0	28	30	35
566	70	4	0	-28	-30	33
568	71	1	25	27	0	34
569	71	1.5	-25	-27	0	35
570	71	2	-25	-27	29	36
571	71	2.5	-25	-27	30	34
572	71	3	24	26	31	35
573	71	3.5	-24	-26	32	-35
574	71	4	-24	-26	33	-35
575	71	4.5	-24	-26	31	-35
576	72	1	23	27	32	0
578	72	2	-23	28	-32	0
580	72	3	22	29	31	36
584	73	1	23	25	0	35
586	73	2	24	26	0	-35
588	73	3	25	27	32	34
590	73	4	-25	29	-32	-34
591	73	4.5	24	-29	-32	-34
591.5	73	4.75	25	-29	-32	-34
592	74	1	22	-29	31	33
593	74	1.5	-22	28	-31	-33
594	74	2	-22	29	-31	-33
596	74	3	0	25	30	34
598	74	4	0	26	-30	35
600	75	1	0	27	29	36
603	75	2.5	0	-27	-29	35
603.5	75	2.75	0	-27	-29	34
604	75	3	0	26	30	35
606	75	4	0	-26	31	-35
608	76	1	0	25	32	34
612	76	3	25	29	0	0
616	77	1	25	29	32	34
620	77	3	25	-29	32	34
622	77	4	-25	29	-32	-34
624	78	1	25	29	-32	34
626	78	2	-25	-29	32	-34
628	78	3	-25	-29	32	34
632	79	1	21	28	30	32
636	79	3	21	28	30	32
640	80	1	24	28	31	33
646	80	4	24	28	31	33
648	81	1	24	28	31	33
651	81	2.5	-24	-28	30	-33
651.5	81	2.75	-24	-28	29	-33
652	81	3	0	26	30	35
654	81	4	24	-26	31	-35
656	82	1	25	27	29	34
658	82	2	26	28	31	33
660	82	3	24	-28	-31	-33
661	82	3.5	-24	-28	29	32
662	82	4	25	27	30	32
664	83	1	22	26	29	-32
666	83	2	-22	-26	-29	31
668	83	3	25	0	0	32
670	83	4	-25	0	29	-32
672	84	1	0	26	30	35
674	84	2	24	-26	31	-35
676	84	3	25	27	29	34
678	84	4	26	28	31	33
680	85	1	24	-28	-31	-33
681	85	1.5	-24	-28	29	32
682	85	2	25	27	30	32
684	85	3	22	26	29	-32
686	85	4	-22	-26	-29	31
688	86	1	25	25	29	32
704	87	1	0	0	0	0
704	87	1	0	0	28	0
708	87	3	0	0	31	0
712	88	1	0	0	29	0
714	88	2	0	0	30	0
716	88	3	0	0	31	0
718	88	4	0	0	32	0
720	89	1	0	0	30	32
724	89	3	0	0	0	35
726	89	4	0	0	31	-35
728	90	1	0	0	-31	33
730	90	2	0	0	29	34
732	90	3	0	0	30	35
734	90	4	0	0	31	36
736	91	1	0	0	32	34
740	91	3	0	0	33	0
742	91	4	0	0	-33	35
746	92	2	0	0	32	33
747	92	2.5	0	0	31	-33
748	92	3	0	0	32	34
750	92	4	0	0	33	35
752	93	1	0	0	31	36
754	93	2	0	0	30	-36
755	93	2.5	0	0	29	-36
756	93	3	0	0	28	37
762	94	2	0	0	31	36
763	94	2.5	0	0	-31	35
764	94	3	0	0	-31	36
766	94	4	0	0	32	37
768	95	1	0	0	33	35
770	95	2	0	0	32	34
771	95	2.5	0	0	31	33
772	95	3	21	0	30	32
774	95	4	-21	0	-30	35
776	96	1	24	0	26	-35
777	96	1.5	-24	0	-26	34
778	96	2	-24	0	31	33
780	96	3	22	0	-31	-33
782	96	4	23	0	30	32
784	97	1	24	0	29	33
786	97	2	25	0	-29	34
788	97	3	23	25	30	-34
790	97	4	-23	-25	-30	33
791	97	4.5	-23	-25	-30	32
792	98	1	0	28	26	33
794	98	2	24	-28	-26	-33
796	98	3	-24	26	0	0
798	98	4	22	27	0	0
800	99	1	23	28	0	0
802	99	2	24	29	0	0
804	99	3	25	27	0	0
808	100	1	26	0	0	0
810	100	2	-26	28	0	0
814	100	4	25	26	0	0
815	100	4.5	24	-26	0	0
816	101	1	25	27	0	0
818	101	2	26	28	0	0
820	101	3	24	29	0	0
822	101	4	23	-29	0	0
823	101	4.5	22	-29	0	0
824	102	1	21	30	0	0
830	102	4	24	29	0	0
831	102	4.5	-24	28	0	0
832	103	1	-24	29	0	0
834	103	2	25	30	0	0
836	103	3	26	28	30	0
838	103	4	25	27	-30	0
839	103	4.5	24	26	29	0
840	104	1	23	25	30	0
841	104	1.5	-23	-25	31	0
842	104	2	21	-25	32	0
844	104	3	-21	28	-32	0
846	104	4	26	-28	31	0
848	105	1	25	27	30	0
850	105	2	24	26	29	0
852	105	3	23	-26	-29	0
854	105	4	-23	25	28	0
856	106	1	22	26	29	0
858	106	2	-22	27	-29	0
859	106	2.5	-22	-27	30	0
860	106	3	0	-27	31	36
861	106	3.5	0	-27	29	-36
862	106	4	0	26	32	-36
863	106	4.5	0	25	-32	-36
864	107	1	0	26	-32	35
866	107	2	0	-26	31	-35
868	107	3	0	25	32	34
870	107	4	0	-25	-32	36
872	108	1	0	32	0	-36
874	108	2	0	-32	0	35
875	108	2.5	0	-32	0	34
876	108	3	0	31	0	33
878	108	4	0	-31	0	33
880	109	1	0	30	0	32
881	109	1.5	0	-30	0	33
882	109	2	0	32	0	34
883	109	2.5	0	-32	0	35
884	109	3	0	-32	0	36
885	109	3.5	0	-32	0	32
886	109	4	21	31	0	35
887	109	4.5	-21	30	0	-35
888	110	1	25	29	0	-35
890	110	2	-25	29	0	34
892	110	3	26	28	0	35
894	110	4	26	-28	28	-35
896	111	1	25	0	32	0
898	111	2	23	25	-32	0
900	111	3	24	29	33	0
902	111	4	-24	-29	33	0
904	112	1	23	30	32	0
906	112	2	-23	30	30	32
908	112	3	0	29	31	36
910	112	4	0	27	-31	-36
912	113	1	21	28	30	37
914	113	2	-21	-28	32	37
916	113	3	25	27	32	36
918	113	4	-25	-27	-32	34
919	113	4.5	25	-27	32	-34
920	114	1	26	0	30	35
922	114	2	26	0	31	-35
924	114	3	25	0	32	34
926	114	4	-25	25	-32	36
928	115	1	-25	29	-32	36
931	115	2.5	-25	29	-32	36
932	115	3	0	30	0	34
934	115	4	0	30	0	35
936	116	1	25	29	32	36
940	116	3	28	0	33	0
946	117	2	27	0	32	0
948	117	3	26	0	31	0
950	117	4	28	0	30	0
953	118	1.5	-28	0	29	0
954	118	2	27	0	32	0
956	118	3	26	0	-32	0
958	118	4	-26	0	31	0
960	119	1	25	29	32	36
964	119	3	0	32	0	37
970	120	2	0	31	0	36
972	120	3	0	30	0	35
974	120	4	0	32	0	34
977	121	1.5	0	-32	0	33
978	121	2	0	31	0	36
980	121	3	0	30	0	-36
982	121	4	0	-30	0	35
984	122	1	25	29	32	36
986	122	2	25	-29	32	-36
988	122	3	28	0	33	0
991	122	4.5	27	0	32	0
992	123	1	26	0	31	0
994	123	2	28	0	33	0
996	123	3	27	0	32	0
998	123	4	26	0	31	0
1000	124	1	25	29	32	36
1002	124	2	-25	29	-32	36
1004	124	3	0	32	0	37
1007	124	4.5	0	31	0	36
1008	125	1	0	30	0	35
1010	125	2	0	32	0	37
1012	125	3	0	31	0	36
1014	125	4	0	30	0	35
1016	126	1	25	29	32	36
1019	126	2.5	25	-29	32	-36
1020	126	3	28	0	33	0
1024	127	1	26	0	31	0
1027	127	2.5	28	0	33	0
1028	127	3	27	0	32	0
1030	127	4	26	0	31	0
1032	128	1	25	29	32	36
1035	128	2.5	-25	29	-32	36
1036	128	3	0	32	0	37
1040	129	1	0	30	0	35
1043	129	2.5	0	32	0	37
1044	129	3	0	31	0	36
1046	129	4	0	30	0	35
1048	130	1	25	29	32	36
1052	130	3	-25	0	-32	34
1054	130	4	-25	29	-32	-34
1056	131	1	25	-29	32	-34
1058	131	2	-25	29	-32	34
1060	131	3	25	30	32	34
1064	132	1	26	-30	30	35
1066	132	2	-26	28	-30	-35
1068	132	3	-26	28	-30	-35
1072	133	1	22	29	31	33
1076	133	3	25	-29	32	34
1078	133	4	-25	28	-32	-34
1079	133	4.5	-25	27	-32	-34
1080	134	1	-25	27	-32	-34
1082	134	2	21	30	-32	33
1083	134	2.5	-21	-30	-32	32
1084	134	3	21	-30	30	32
1086	134	4	-21	29	-30	35
1087	134	4.5	-21	28	-30	-35
1088	135	1	24	28	31	-35
1089	135	1.5	-24	-28	-31	34
1090	135	2	-24	-28	-31	33
1091	135	2.5	23	-28	32	32
1092	135	3	25	0	29	34
1093	135	3.5	-25	0	30	-34
1094	135	4	24	28	31	33
1097	136	1.5	-24	-28	30	32
1098	136	2	25	27	29	32
1100	136	3	22	26	-29	-32
1102	136	4	-22	27	29	31
1104	137	1	25	-27	29	32
1106	137	2	-25	26	-29	-32
1107	137	2.5	-25	25	-29	-32
1108	137	3	24	26	0	0
1110	137	4	23	25	32	0
1112	138	1	22	26	-32	36
1113	138	1.5	23	-26	-32	-36
1114	138	2	24	-26	31	-36
1115	138	2.5	25	-26	-31	-36
1116	138	3	26	0	30	35
1117	138	3.5	23	0	-30	-35
1118	138	4	25	0	29	34
1120	139	1	22	29	-29	33
1121	139	1.5	-22	-29	30	-33
1122	139	2	-22	-29	31	-33
1123	139	2.5	-22	-29	-31	34
1124	139	3	0	28	30	35
1126	139	4	0	27	29	36
1128	140	1	0	26	30	-36
1130	140	2	0	-26	-30	35
1132	140	3	25	27	29	36
1134	140	4	-25	29	-29	35
1135	140	4.5	-25	-29	30	34
1136	141	1	24	-29	31	33
1137	141	1.5	-24	28	-31	-33
1138	141	2	23	28	32	32
1139	141	2.5	-23	27	-32	-32
1140	141	3	22	29	-32	33
1141	141	3.5	-22	-29	31	-33
1141.5	141	3.75	-22	-29	30	-33
1142	141	4	-22	-29	31	-33
1143	141	4.5	-22	28	-31	-33
1144	142	1	23	27	32	0
1146	142	2	25	-27	-32	0
1147	142	2.5	-25	26	-32	0
1147.5	142	2.75	-25	25	-32	0
1148	142	3	-25	26	0	0
1149	142	3.5	24	-26	0	0
1149.5	142	3.75	23	-26	0	0
1150	142	4	24	-26	0	0
1152	143	1	25	25	32	34
1158	143	4	25	29	-32	-34
1160	144	1	25	29	32	34
1164	144	3	21	30	32	35
1170	145	2	21	30	32	35
1172	145	3	21	30	32	35
1174	145	4	-21	-30	32	-35
1176	146	1	25	29	-32	34
1178	146	2	-25	-29	31	-34
1179	146	2.5	-25	-29	32	-34
1180	146	3	28	0	33	37
1182	146	4	-28	30	32	-37
1186	147	2	25	27	-32	36
1188	147	3	26	28	30	35
1190	147	4	-26	-28	31	-35
1192	148	1	25	29	32	34
1198	148	4	24	-29	29	36
1199	148	4.5	23	-29	-29	-36
1200	149	1	22	0	31	36
1201	149	1.5	23	0	-31	-36
1202	149	2	24	0	-31	-36
1203	149	2.5	25	0	-31	-36
1204	149	3	26	0	30	35
1208	150	1	0	0	29	36
1210	150	2	22	29	-29	35
1211	150	2.5	-22	-29	-29	34
1212	150	3	24	29	0	33
1216	151	1	23	28	0	0
1220	151	3	22	29	0	0
1222	151	4	-22	27	29	36
1224	152	1	0	-27	31	36
1225	152	1.5	0	28	-31	-36
1226	152	2	0	29	-31	-36
1228	152	3	0	26	30	35
1230	152	4	0	28	-30	-35
1232	153	1	0	25	29	36
1234	153	2	0	-25	32	-36
1236	153	3	0	28	-32	37
1238	153	4	0	-28	32	37
1240	154	1	0	0	33	38
1243	154	2.5	0	0	32	37
1244	154	3	0	0	31	36
1246	154	4	0	0	30	35
1248	155	1	0	0	29	36
1250	155	2	22	29	28	-36
1251	155	2.5	-22	-29	27	-36
1252	155	3	24	29	26	0
1256	156	1	23	28	0	0
1260	156	3	22	29	0	0
1262	156	4	25	-29	0	0
1264	157	1	-25	30	0	0
1266	157	2	25	30	0	0
1268	157	3	26	31	0	0
1271	157	4.5	25	30	0	0
1272	158	1	24	29	0	0
1274	158	2	23	28	0	0
1276	158	3	22	29	31	33
1280	159	1	-22	-29	31	33
1282	159	2	-22	28	29	33
1283	159	2.5	-22	27	-29	-33
1284	159	3	0	26	30	35
1288	160	1	0	0	29	36
1290	160	2	0	29	31	33
1292	160	3	0	29	31	33
1294	160	4	0	29	31	33
1296	161	1	0	30	32	35
1300	161	3	0	29	31	34
1303	161	4.5	0	29	31	34
1304	162	1	0	28	30	33
1306	162	2	0	27	29	32
1308	162	3	24	26	28	33
1311	162	4.5	-24	-26	27	-33
1311.5	162	4.75	-24	-26	28	-33
1312	163	1	22	-26	29	0
1314	163	2	24	-26	28	33
1316	163	3	24	0	-28	33
1317	163	3.5	-24	0	27	-33
1318	163	4	-24	0	28	32
1319	163	4.5	23	0	29	31
1319.5	163	4.75	22	0	-29	-31
1320	164	1	21	28	30	32
1321	164	1.5	-21	-28	31	-32
1322	164	2	-21	-28	32	32
1323	164	2.5	-21	-28	30	-32
1324	164	3	24	26	31	33
1326	164	4	-24	28	-31	-33
1328	165	1	-24	28	0	-33
1331	165	2.5	-24	27	0	-33
1331.5	165	2.75	-24	26	0	-33
1332	165	3	23	25	32	0
1334	165	4	21	28	-32	0
1336	166	1	-21	28	30	0
1337	166	1.5	22	-28	-30	0
1338	166	2	23	-28	32	0
1339	166	2.5	24	-28	-32	0
1340	166	3	25	27	32	36
1342	166	4	-25	29	-32	-36
1343	166	4.5	-25	-29	31	-36
1343.5	166	4.75	-25	-29	30	-36
1344	167	1	-25	-29	29	34
1345	167	1.5	-25	28	-29	-34
1346	167	2	-25	27	32	36
1347	167	2.5	-25	26	-32	-36
1348	167	3	25	27	32	36
1350	167	4	-25	-27	29	-36
1351	167	4.5	-25	-27	30	35
1351.5	167	4.75	-25	-27	-30	34
1352	168	1	24	28	31	33
1353	168	1.5	-24	-28	32	-33
1354	168	2	-24	-28	33	-33
1356	168	3	26	-28	-33	35
1357	168	3.5	-26	-28	32	-35
1358	168	4	-26	-28	31	-35
1359	168	4.5	-26	-28	30	-35
1360	169	1	-26	0	31	35
1362	169	2	-26	28	-31	-35
1364	169	3	25	29	32	34
1366	169	4	-25	-29	-32	32
1368	170	1	-25	27	0	-32
1369	170	1.5	-25	-27	0	33
1370	170	2	-25	25	29	34
1371	170	2.5	-25	-25	-29	35
1372	170	3	0	-25	29	36
1373	170	3.5	0	26	-29	-36
1374	170	4	22	27	29	-36
1375	170	4.5	-22	26	-29	-36
1376	171	1	22	29	31	0
1378	171	2	22	-29	-31	33
1380	171	3	24	0	-31	33
1382	171	4	-24	26	30	33
1383	171	4.5	-24	-26	29	-33
1384	172	1	-24	26	28	35
1385	172	1.5	-24	-26	29	-35
1386	172	2	23	26	30	-35
1387	172	2.5	22	-26	31	-35
1388	172	3	21	28	32	-35
1389	172	3.5	22	-28	-32	-35
1390	172	4	23	-28	-32	34
1391	172	4.5	24	27	31	33
1391.5	172	4.75	-24	26	-31	-33
1392	173	1	25	27	29	32
1393	173	1.5	-25	-27	30	-32
1394	173	2	24	28	31	33
1397	173	3.5	-24	26	30	32
1398	173	4	23	29	31	31
1399	173	4.5	22	-29	-31	30
1400	174	1	25	-29	32	29
1402	174	2	23	25	28	32
1404	174	3	22	26	29	-32
1406	174	4	-22	-26	-29	31
1407	174	4.5	-22	-26	28	-31
1408	175	1	0	25	27	32
1409	175	1.5	0	-25	25	-32
1410	175	2	25	29	32	-32
1412	175	3	26	28	-32	0
1414	175	4	-26	-28	31	35
1415	175	4.5	-26	27	30	-35
1416	176	1	26	28	31	35
1417	176	1.5	-26	29	-31	-35
1418	176	2	-26	30	30	-35
1419	176	2.5	-26	28	-30	-35
1420	176	3	25	29	32	34
1422	176	4	-25	-29	-32	32
1424	177	1	-25	27	0	-32
1425	177	1.5	-25	-27	0	33
1426	177	2	-25	25	29	34
1427	177	2.5	-25	-25	-29	35
1428	177	3	0	-25	29	36
1429	177	3.5	0	26	-29	-36
1430	177	4	22	27	29	-36
1431	177	4.5	-22	26	-29	-36
1432	178	1	22	29	31	0
1434	178	2	22	-29	-31	33
1436	178	3	24	0	-31	33
1438	178	4	-24	26	30	33
1439	178	4.5	-24	-26	29	-33
1440	179	1	-24	26	28	35
1441	179	1.5	-24	-26	29	-35
1442	179	2	23	26	30	-35
1443	179	2.5	22	-26	31	-35
1444	179	3	21	28	32	-35
1445	179	3.5	22	-28	-32	-35
1446	179	4	23	-28	-32	34
1447	179	4.5	24	26	31	33
1448	180	1	25	27	29	32
1449	180	1.5	-25	-27	30	-32
1450	180	2	24	28	31	33
1453	180	3.5	-24	26	30	32
1454	180	4	23	29	31	31
1455	180	4.5	22	-29	-31	30
1456	181	1	25	-29	32	29
1458	181	2	24	25	28	32
1459	181	2.5	23	-25	-28	-32
1460	181	3	22	26	29	-32
1462	181	4	-22	-26	-29	31
1464	182	1	25	25	-29	32
1466	182	2	-25	-25	27	-32
1468	182	3	23	-25	-27	-32
1470	182	4	-23	-25	28	31
1471	182	4.5	-23	-25	-28	30
1472	183	1	22	26	29	31
1480	184	1	25	25	29	32
*-	*-	*-	*-	*-	*-	*-
