**absq	**bar	**beat	**b7	**b7	**b7	**b7
0	1	1	0	29	0	0
4	1	3	0	-29	0	36
8	2	1	0	32	0	34
14	2	4	0	33	0	35
16	3	1	0	34	0	36
18	3	2	0	34	0	36
20	3	3	0	35	0	37
24	4	1	0	34	0	36
26	4	2	0	-34	0	39
28	4	3	0	35	0	-39
29	4	3.5	0	-35	0	38
30	4	4	0	-35	0	37
31	4	4.5	0	34	0	36
32	5	1	0	33	0	35
33	5	1.5	0	32	0	-35
34	5	2	0	31	0	38
35	5	2.5	0	32	0	-38
36	5	3	0	33	0	-38
37	5	3.5	0	34	0	-38
38	5	4	0	35	0	37
40	6	1	0	-35	32	36
42	6	2	0	34	-32	-36
44	6	3	28	35	-32	37
46	6	4	-28	28	-32	-37
47	6	4.5	-28	-28	-32	36
48	7	1	26	-28	35	37
49	7	1.5	-26	29	-35	38
50	7	2	-26	30	-35	37
51	7	2.5	-26	28	-35	-37
52	7	3	-26	31	-35	-37
54	7	4	27	-31	36	36
56	8	1	28	30	37	-36
57	8	1.5	-28	-30	-37	35
58	8	2	28	33	37	35
60	8	3	29	-33	38	-35
62	8	4	-29	32	-38	34
63	8	4.5	-29	31	-38	-34
64	9	1	28	32	37	35
66	9	2	-28	-32	39	-35
67	9	2.5	29	-32	-39	-35
68	9	3	30	28	-39	0
69	9	3.5	31	-28	38	0
70	9	4	32	-28	37	0
71	9	4.5	-32	-28	36	0
72	10	1	28	0	37	32
75	10	2.5	29	0	36	-32
76	10	3	30	0	35	-32
77	10	3.5	31	0	-35	-32
78	10	4	32	0	34	-32
79	10	4.5	30	0	-34	-32
80	11	1	31	0	33	35
82	11	2	30	0	32	-35
84	11	3	31	0	33	-35
86	11	4	-31	0	-33	36
88	12	1	30	0	34	37
90	12	2	28	0	35	37
92	12	3	29	0	-35	38
94	12	4	-29	0	34	-38
96	13	1	28	32	35	37
98	13	2	-28	-32	35	-37
100	13	3	25	-32	-35	36
102	13	4	-25	-32	34	39
104	14	1	28	30	35	-39
105	14	1.5	-28	-30	-35	38
106	14	2	-28	-30	-35	37
107	14	2.5	-28	-30	36	36
108	14	3	-28	-30	37	35
109	14	3.5	-28	-30	-37	34
110	14	4	29	31	36	33
112	15	1	30	32	34	32
114	15	2	30	32	37	35
116	15	3	31	33	-37	-35
117	15	3.5	-31	-33	36	-35
117.5	15	3.75	-31	-33	35	-35
118	15	4	-31	-33	36	34
119	15	4.5	-31	-33	-36	33
120	16	1	30	32	37	34
122	16	2	26	35	37	33
124	16	3	26	-35	35	37
125	16	3.5	27	34	-35	-37
126	16	4	28	33	-35	-37
127	16	4.5	29	-33	-35	-37
128	17	1	30	32	-35	-37
130	17	2	-30	33	34	-37
131	17	2.5	-30	-33	33	-37
132	17	3	-30	-33	34	-37
134	17	4	-30	32	-34	-37
136	18	1	26	33	35	37
140	18	3	0	0	0	0
142	18	4	29	31	36	33
144	19	1	28	32	37	35
147	19	2.5	28	32	37	35
148	19	3	28	32	37	35
150	19	4	26	33	-37	-35
153	20	1.5	27	32	-37	-35
154	20	2	28	30	-37	-35
155	20	2.5	29	31	-37	-35
156	20	3	30	32	-37	0
157	20	3.5	31	33	-37	0
158	20	4	32	34	-37	0
159	20	4.5	30	32	-37	0
160	21	1	31	33	35	0
161	21	1.5	-31	34	-35	0
162	21	2	33	35	-35	0
164	21	3	32	-35	36	0
166	21	4	25	34	-36	36
167	21	4.5	-25	-34	36	-36
168	22	1	28	35	35	37
170	22	2	-28	-35	32	-37
171	22	2.5	28	-35	-32	37
172	22	3	26	0	35	37
174	22	4	-26	0	-35	33
175	22	4.5	-26	0	35	-33
176	23	1	-26	0	35	-33
177	23	1.5	-26	0	-35	34
178	23	2	-26	0	33	35
179	23	2.5	-26	0	-33	36
180	23	3	0	0	-33	37
181	23	3.5	0	0	34	-37
182	23	4	0	28	35	-37
183	23	4.5	0	-28	36	38
184	24	1	0	-28	37	39
185	24	1.5	0	29	38	-39
186	24	2	0	30	39	37
187	24	2.5	0	28	37	-37
188	24	3	0	29	38	36
190	24	4	0	30	37	35
192	25	1	0	32	36	-35
194	25	2	25	-32	36	34
196	25	3	28	0	37	35
198	25	4	-28	32	-37	-35
199	25	4.5	28	-32	37	-35
200	26	1	26	33	37	0
202	26	2	-26	-33	-37	35
203	26	2.5	-26	33	36	-35
204	26	3	0	33	35	37
206	26	4	0	29	36	38
207	26	4.5	0	-29	37	-38
208	27	1	0	-29	38	36
209	27	1.5	0	30	-38	-36
210	27	2	0	31	-38	-36
211	27	2.5	0	32	-38	-36
212	27	3	0	33	37	35
213	27	3.5	0	34	-37	36
214	27	4	0	35	-37	37
215	27	4.5	0	33	-37	38
216	28	1	0	34	36	39
218	28	2	0	35	39	37
220	28	3	0	33	-39	36
222	28	4	29	-33	38	36
224	29	1	30	0	39	34
226	29	2	-30	32	39	-34
227	29	2.5	30	-32	-39	34
228	29	3	30	32	37	34
230	29	4	26	33	-37	35
231	29	4.5	-26	-33	37	-35
232	30	1	-26	30	37	-35
233	30	1.5	27	-30	-37	36
234	30	2	28	-30	-37	37
235	30	2.5	29	31	-37	-37
236	30	3	30	32	0	-37
237	30	3.5	31	33	0	-37
238	30	4	32	34	0	36
239	30	4.5	30	32	0	35
240	31	1	31	33	0	36
242	31	2	32	34	39	36
244	31	3	28	35	-39	37
245	31	3.5	-28	-35	38	-37
246	31	4	-28	-35	37	39
247	31	4.5	-28	-35	36	-39
248	32	1	-28	32	37	-39
249	32	1.5	-28	-32	36	38
250	32	2	-28	-32	35	37
251	32	2.5	-28	-32	34	36
252	32	3	28	-32	35	37
254	32	4	-28	32	35	37
256	33	1	25	32	34	36
*-	*-	*-	*-	*-	*-	*-
