**absq	**bar	**beat	**b7	**b7	**b7	**b7
0	1	1	0	0	26	0
4	1	3	0	22	26	0
6	1	4	0	-22	29	0
8	2	1	0	22	-29	0
10	2	2	0	25	29	0
12	2	3	0	-25	27	29
14	2	4	0	25	-27	-29
15	2	4.5	0	-25	26	-29
15.5	2	4.75	0	-25	25	-29
16	3	1	0	24	26	29
18	3	2	0	23	28	32
19	3	2.5	0	22	-28	-32
20	3	3	0	23	27	-32
21	3	3.5	0	-23	26	-32
22	3	4	0	-23	27	32
23	3	4.5	0	-23	28	-32
24	4	1	0	22	29	31
26	4	2	0	29	-29	31
27	4	2.5	0	-29	29	-31
28	4	3	0	-29	26	30
30	4	4	0	28	-26	30
32	5	1	22	29	-26	29
34	5	2	-22	26	-26	-29
36	5	3	22	26	0	-29
38	5	4	25	27	29	-29
40	6	1	-25	-27	29	0
41	6	1.5	-25	26	-29	0
42	6	2	25	27	30	0
43	6	2.5	-25	25	-30	0
44	6	3	24	26	-30	0
45	6	3.5	-24	-26	29	0
46	6	4	23	27	29	0
47	6	4.5	22	-27	-29	0
48	7	1	23	25	-29	0
49	7	1.5	-23	-25	28	0
49.5	7	1.75	-23	-25	27	0
50	7	2	-23	-25	28	0
52	7	3	22	26	29	33
54	7	4	-22	29	31	-33
56	8	1	0	28	30	33
58	8	2	0	29	31	33
60	8	3	25	27	32	29
62	8	4	-25	27	-32	-29
64	9	1	24	26	0	-29
66	9	2	25	27	0	-29
69	9	3.5	25	27	0	0
70	9	4	23	28	32	0
72	10	1	22	29	-32	33
74	10	2	-22	29	31	-33
76	10	3	0	-29	-31	33
77	10	3.5	0	-29	30	-33
77.5	10	3.75	0	-29	29	-33
78	10	4	0	28	30	-33
80	11	1	0	29	31	33
82	11	2	22	29	31	33
84	11	3	25	27	32	29
86	11	4	25	-27	-32	-29
88	12	1	24	0	28	33
90	12	2	-24	26	-28	-33
91	12	2.5	23	-26	-28	-33
92	12	3	22	29	31	33
93	12	3.5	23	-29	-31	-33
94	12	4	24	29	31	-33
95	12	4.5	25	-29	-31	-33
96	13	1	26	28	30	-33
98	13	2	-26	-28	30	33
99	13	2.5	25	27	-30	-33
99.5	13	2.75	24	26	-30	-33
100	13	3	23	27	-30	32
101	13	3.5	-23	-27	29	-32
102	13	4	24	26	28	31
103	13	4.5	-24	-26	27	-31
104	14	1	21	-26	28	30
106	14	2	-21	25	-28	-30
107	14	2.5	-21	-25	27	-30
108	14	3	22	-25	26	29
110	14	4	-22	24	-26	-29
112	15	1	0	25	27	0
114	15	2	21	28	30	32
118	15	4	18	27	29	32
120	16	1	18	27	29	32
122	16	2	22	29	31	33
125	16	3.5	22	29	31	33
126	16	4	22	29	31	33
128	17	1	25	29	32	34
132	17	3	25	29	32	34
134	17	4	-25	25	32	34
136	18	1	0	26	30	35
138	18	2	0	24	31	33
140	18	3	0	28	30	32
142	18	4	0	-28	30	35
145	19	1.5	0	0	29	34
146	19	2	0	0	28	33
148	19	3	23	0	27	-33
150	19	4	-23	0	-27	32
151	19	4.5	23	0	-27	-32
152	20	1	24	26	26	33
154	20	2	22	-26	-26	-33
155	20	2.5	-22	26	-26	-33
156	20	3	21	28	0	0
158	20	4	24	26	0	0
160	21	1	23	25	0	0
161	21	1.5	22	-25	0	0
162	21	2	21	28	0	0
163	21	2.5	20	-28	0	0
164	21	3	21	-28	0	0
165	21	3.5	-21	27	0	0
166	21	4	22	26	0	0
168	22	1	23	-26	0	34
169	22	1.5	-23	25	0	-34
169.5	22	1.75	-23	24	0	-34
170	22	2	-23	25	0	-34
172	22	3	0	26	30	35
174	22	4	26	-26	-30	33
176	23	1	24	0	31	-33
178	23	2	25	0	29	32
180	23	3	26	0	28	30
181	23	3.5	25	0	-28	-30
182	23	4	24	0	31	33
183	23	4.5	23	0	-31	-33
184	24	1	22	0	-31	-33
185	24	1.5	-22	0	-31	32
186	24	2	22	0	29	31
187	24	2.5	-22	0	-29	30
187.5	24	2.75	-22	0	-29	29
188	24	3	19	0	-29	30
190	24	4	19	26	28	30
192	25	1	22	-26	29	29
194	25	2	22	24	29	33
196	25	3	-22	24	-29	-33
197	25	3.5	22	-24	29	33
198	25	4	22	-24	29	33
200	26	1	18	25	29	34
204	26	3	21	23	30	35
206	26	4	-21	26	-30	35
207	26	4.5	22	-26	-30	-35
208	27	1	23	-26	30	-35
210	27	2	-23	25	-30	34
211	27	2.5	-23	-25	30	-34
212	27	3	0	24	31	33
214	27	4	0	24	31	33
216	28	1	21	28	30	32
220	28	3	-21	25	-30	35
224	29	1	22	-25	29	34
228	29	3	-22	24	-29	33
232	30	1	20	27	29	32
236	30	3	-20	-27	-29	31
238	30	4	-20	26	-29	-31
240	31	1	21	25	28	-31
242	31	2	-21	-25	-28	30
243	31	2.5	-21	-25	-28	29
244	31	3	-21	-25	-28	30
248	32	1	0	24	26	31
250	32	2	22	-24	-26	-31
253	32	3.5	22	0	-26	-31
254	32	4	22	26	-26	-31
256	33	1	25	-26	0	0
257	33	1.5	-25	26	0	0
258	33	2	-25	26	0	0
260	33	3	-25	28	0	0
262	33	4	23	-28	0	0
264	34	1	24	-28	0	0
266	34	2	25	27	0	0
268	34	3	26	28	0	0
269	34	3.5	25	-28	0	0
270	34	4	24	29	0	33
271	34	4.5	23	-29	0	-33
272	35	1	22	27	0	-33
273	35	1.5	-22	-27	0	33
274	35	2	23	-27	30	32
276	35	3	24	26	-30	33
277	35	3.5	-24	-26	30	-33
278	35	4	-24	26	29	-33
279	35	4.5	-24	-26	-29	34
280	36	1	23	-26	30	35
281	36	1.5	-23	26	-30	-35
282	36	2	-23	25	-30	34
283	36	2.5	-23	-25	29	-34
284	36	3	0	26	28	33
285	36	3.5	0	-26	27	-33
286	36	4	26	-26	28	-33
287	36	4.5	-26	27	-28	-33
288	37	1	-26	28	-28	30
289	37	1.5	26	-28	26	-30
290	37	2	25	27	27	-30
292	37	3	26	-27	28	-30
293	37	3.5	-26	26	-28	-30
294	37	4	-26	26	-28	-30
295	37	4.5	-26	-26	27	-30
295.5	37	4.75	-26	-26	26	-30
296	38	1	23	-26	27	0
298	38	2	-23	25	-27	30
300	38	3	0	26	28	-30
301	38	3.5	0	-26	27	30
302	38	4	22	-26	26	31
303	38	4.5	-22	-26	25	-31
304	39	1	-22	0	24	29
305	39	1.5	22	0	-24	-29
306	39	2	21	26	23	30
308	39	3	22	-26	0	31
309	39	3.5	-22	26	0	-31
310	39	4	23	25	30	30
312	40	1	24	26	-30	0
313	40	1.5	-24	-26	30	0
314	40	2	-24	-26	29	33
315	40	2.5	-24	27	-29	-33
316	40	3	23	28	30	-33
317	40	3.5	-23	-28	-30	33
318	40	4	-23	27	-30	32
319	40	4.5	-23	-27	29	-32
320	41	1	24	-27	28	33
321	41	1.5	-24	26	-28	-33
322	41	2	-24	26	29	-33
323	41	2.5	-24	-26	-29	34
324	41	3	23	-26	30	35
326	41	4	-23	25	-30	34
327	41	4.5	22	-25	-30	-34
328	42	1	21	28	-30	-34
329	42	1.5	-21	-28	-30	33
330	42	2	19	-28	-30	33
332	42	3	23	27	-30	-33
334	42	4	-23	-27	-30	32
336	43	1	19	26	30	33
344	44	1	22	0	31	33
348	44	3	-22	29	-31	-33
352	45	1	22	29	31	33
356	45	3	19	28	30	33
359	45	4.5	-19	-28	-30	32
359.5	45	4.75	-19	-28	-30	31
360	46	1	26	28	-30	30
362	46	2	-26	-28	26	31
364	46	3	25	29	27	32
366	46	4	24	29	26	33
368	47	1	25	29	27	-33
369	47	1.5	-25	-29	-27	32
370	47	2	-25	-29	-27	32
372	47	3	22	-29	26	-32
373	47	3.5	-22	-29	-26	31
374	47	4	-22	-29	29	31
376	48	1	0	26	-29	30
378	48	2	26	-26	28	-30
380	48	3	24	0	29	29
381	48	3.5	-24	0	28	-29
382	48	4	25	29	27	-29
383	48	4.5	-25	-29	26	-29
384	49	1	-25	-29	27	0
386	49	2	24	29	26	0
388	49	3	23	28	30	0
390	49	4	-23	28	-30	0
392	50	1	22	29	31	33
395	50	2.5	-22	-29	30	-33
396	50	3	-22	-29	29	31
397	50	3.5	-22	-29	28	-31
398	50	4	18	-29	27	32
400	51	1	22	-29	26	-32
402	51	2	-22	-29	29	31
404	51	3	0	26	-29	30
406	51	4	0	-26	28	-30
408	52	1	22	0	29	29
410	52	2	-22	29	31	33
412	52	3	25	29	32	34
414	52	4	-25	29	-32	-34
416	53	1	23	30	32	34
418	53	2	21	-30	32	35
420	53	3	25	29	32	34
422	53	4	26	28	30	33
424	54	1	23	27	30	32
428	54	3	24	26	28	33
430	54	4	22	-26	29	31
434	55	2	22	26	29	31
436	55	3	19	-26	28	30
438	55	4	26	26	-28	-30
440	56	1	-26	22	26	0
441	56	1.5	25	-22	-26	0
442	56	2	24	-22	-26	33
443	56	2.5	-24	-22	27	-33
444	56	3	-24	26	28	-33
445	56	3.5	23	-26	-28	32
446	56	4	22	-26	29	31
448	57	1	-22	-26	29	-31
450	57	2	21	26	30	30
452	57	3	22	26	31	29
453	57	3.5	-22	-26	30	-29
454	57	4	-22	26	29	31
455	57	4.5	-22	-26	28	-31
456	58	1	18	25	27	30
457	58	1.5	-18	-25	-27	29
458	58	2	-18	24	-27	29
460	58	3	19	23	26	-29
462	58	4	-19	-23	-26	28
464	59	1	0	22	26	29
465	59	1.5	0	-22	-26	30
466	59	2	22	-22	-26	31
467	59	2.5	-22	-22	-26	32
468	59	3	24	-22	0	33
470	59	4	-24	-22	26	-33
472	60	1	23	0	28	0
474	60	2	26	0	-28	0
476	60	3	25	0	27	0
478	60	4	-25	0	30	0
479	60	4.5	25	0	-30	0
480	61	1	25	0	29	0
482	61	2	24	0	-29	0
483	61	2.5	-24	0	29	0
484	61	3	-24	0	29	0
485	61	3.5	25	0	-29	0
486	61	4	26	0	28	0
487	61	4.5	-26	0	29	0
488	62	1	-26	0	30	0
489	62	1.5	-26	0	28	0
490	62	2	25	0	31	0
491	62	2.5	24	0	-31	0
492	62	3	23	0	-31	0
494	62	4	-23	0	30	0
496	63	1	24	0	31	0
498	63	2	22	29	31	33
502	63	4	22	29	31	33
504	64	1	24	28	31	33
506	64	2	-24	28	-31	-33
508	64	3	20	29	31	34
511	64	4.5	21	-29	-31	-34
512	65	1	22	-29	31	33
515	65	2.5	-22	-29	30	32
516	65	3	22	26	29	31
520	66	1	19	-26	-29	30
522	66	2	26	-26	28	-30
524	66	3	-26	0	0	33
526	66	4	22	29	31	-33
527	66	4.5	-22	-29	-31	33
528	67	1	22	-29	-31	33
529	67	1.5	-22	29	31	-33
530	67	2	-22	29	31	34
532	67	3	0	30	32	35
534	67	4	0	-30	-32	34
536	68	1	0	29	31	-34
537	68	1.5	0	-29	-31	33
538	68	2	0	28	30	33
540	68	3	0	27	29	-33
542	68	4	0	-27	-29	32
544	69	1	0	26	30	33
546	69	2	26	28	-30	-33
548	69	3	25	27	0	0
550	69	4	24	26	29	33
552	70	1	23	27	30	-33
554	70	2	23	28	-30	32
556	70	3	22	29	26	-32
558	70	4	-22	-29	29	31
560	71	1	0	0	-29	30
562	71	2	0	26	28	30
564	71	3	22	27	29	29
566	71	4	-22	26	-29	33
568	72	1	22	0	0	34
570	72	2	-22	26	29	33
572	72	3	-22	27	29	31
573	72	3.5	-22	-27	-29	32
574	72	4	-22	26	-29	33
575	72	4.5	-22	-26	-29	34
576	73	1	21	-26	30	35
577	73	1.5	-21	25	-30	34
577.5	73	1.75	-21	-25	-30	35
578	73	2	20	25	29	36
580	73	3	19	-25	30	35
582	73	4	19	24	29	35
583	73	4.5	-19	-24	28	-35
584	74	1	18	25	30	34
586	74	2	-18	-25	29	-34
588	74	3	-18	-25	29	-34
592	75	1	21	0	30	35
596	75	3	-21	25	-30	-35
598	75	4	22	-25	31	-35
600	76	1	23	-25	32	34
601	76	1.5	-23	-25	31	-34
602	76	2	-23	-25	30	-34
603	76	2.5	-23	-25	29	-34
604	76	3	24	26	28	33
606	76	4	-24	-26	29	-33
608	77	1	23	27	30	-33
610	77	2	-23	-27	-30	32
611	77	2.5	-23	-27	-30	31
612	77	3	-23	-27	-30	32
616	78	1	22	29	31	33
618	78	2	22	26	-31	-33
620	78	3	25	27	0	0
622	78	4	25	27	29	0
624	79	1	24	26	-29	0
626	79	2	23	25	32	0
628	79	3	22	26	-32	0
630	79	4	-22	-26	31	29
631	79	4.5	-22	27	-31	-29
632	80	1	0	28	30	32
634	80	2	0	25	29	32
636	80	3	0	26	-29	31
638	80	4	0	-26	28	30
640	81	1	22	-26	29	29
642	81	2	-22	-26	31	36
644	81	3	22	0	31	36
646	81	4	-22	26	31	36
647	81	4.5	22	-26	-31	-36
648	82	1	19	26	30	35
649	82	1.5	-19	-26	-30	34
650	82	2	-19	-26	-30	33
651	82	2.5	-19	26	-30	32
652	82	3	0	22	0	31
654	82	4	22	-22	31	36
656	83	1	22	0	31	36
658	83	2	-22	26	31	36
659	83	2.5	22	-26	-31	-36
660	83	3	19	26	30	35
661	83	3.5	-19	-26	-30	34
662	83	4	-19	-26	-30	33
663	83	4.5	-19	26	-30	32
664	84	1	0	22	0	31
666	84	2	0	-22	29	31
668	84	3	0	26	28	30
670	84	4	22	-26	31	33
672	85	1	21	-26	30	-33
673	85	1.5	-21	-26	-30	32
674	85	2	22	-26	29	31
676	85	3	19	26	28	30
679	85	4.5	20	-26	29	-30
680	86	1	21	25	30	35
681	86	1.5	-21	-25	31	-35
682	86	2	-21	-25	30	-35
683	86	2.5	-21	-25	-30	34
684	86	3	22	24	-30	33
685	86	3.5	-22	-24	29	-33
686	86	4	-22	-24	29	-33
688	87	1	19	23	-29	-33
690	87	2	-19	-23	28	-33
692	87	3	22	22	29	31
*-	*-	*-	*-	*-	*-	*-
