**absq	**bar	**beat	**b7	**b7	**b7	**b7
0	1	1	0	29	0	0
4	1	3	0	30	32	0
8	2	1	25	27	-32	36
12	2	3	21	28	32	37
14	2	4	-21	30	-32	-37
16	3	1	23	-30	32	34
17	3	1.5	-23	29	-32	-34
18	3	2	-23	28	-32	35
20	3	3	22	-28	31	36
22	3	4	-22	27	-31	-36
24	4	1	21	28	30	32
26	4	2	-21	30	-30	-32
27	4	2.5	-21	-30	31	33
28	4	3	0	-30	32	34
29	4	3.5	0	29	-32	-34
30	4	4	0	28	33	35
31	4	4.5	0	27	-33	-35
32	5	1	0	26	-33	-35
34	5	2	0	27	32	34
36	5	3	0	28	-32	33
38	5	4	0	29	31	33
40	6	1	28	30	32	32
42	6	2	-28	32	-32	-32
44	6	3	26	-32	0	0
46	6	4	-26	31	0	35
48	7	1	25	30	32	-35
50	7	2	-25	29	-32	34
52	7	3	26	-29	30	33
53	7	3.5	-26	28	-30	-33
54	7	4	23	28	-30	32
56	8	1	24	-28	29	33
58	8	2	25	27	29	32
60	8	3	22	26	29	-32
62	8	4	-22	-26	-29	31
64	9	1	0	25	27	32
66	9	2	25	-25	-27	-32
67	9	2.5	-25	-25	28	-32
68	9	3	-25	0	29	0
70	9	4	24	29	-29	0
72	10	1	23	28	0	0
74	10	2	22	27	0	36
76	10	3	24	26	0	-36
78	10	4	-24	-26	0	35
80	11	1	25	25	0	34
82	11	2	-25	-25	32	-34
84	11	3	0	29	-32	33
86	11	4	0	-29	31	-33
88	12	1	0	28	30	35
90	12	2	0	27	29	36
92	12	3	0	26	31	-36
94	12	4	0	26	-31	35
96	13	1	0	25	32	-35
98	13	2	0	32	-32	34
100	13	3	0	-32	29	33
102	13	4	29	31	-29	-33
104	14	1	-29	30	0	-33
106	14	2	28	-30	0	-33
108	14	3	27	29	0	32
110	14	4	28	30	32	-32
111	14	4.5	-28	-30	-32	31
112	15	1	-28	28	30	32
113	15	1.5	27	-28	-30	-32
114	15	2	26	-28	-30	33
115	15	2.5	25	-28	-30	-33
116	15	3	24	29	31	-33
118	15	4	25	30	30	32
120	16	1	26	-30	28	-32
121	16	1.5	-26	29	-28	-32
122	16	2	-26	28	-28	31
124	16	3	25	-28	0	32
126	16	4	-25	27	29	-32
128	17	1	0	28	30	-32
130	17	2	25	27	29	-32
132	17	3	26	0	28	0
134	17	4	25	0	27	0
136	18	1	24	0	26	0
138	18	2	23	25	28	0
140	18	3	22	26	29	0
142	18	4	24	-26	-29	0
144	19	1	25	27	0	0
146	19	2	-25	-27	29	0
148	19	3	21	28	30	32
152	20	1	0	26	31	33
154	20	2	0	25	32	34
156	20	3	0	28	30	35
158	20	4	0	29	31	33
160	21	1	25	-29	32	32
161	21	1.5	-25	-29	31	-32
162	21	2	-25	32	30	-32
163	21	2.5	-25	-32	29	-32
164	21	3	26	31	28	35
166	21	4	28	30	-28	-35
168	22	1	-28	29	25	36
170	22	2	27	29	32	-36
172	22	3	26	28	33	0
174	22	4	-26	30	35	0
176	23	1	25	-30	34	36
177	23	1.5	-25	29	-34	-36
178	23	2	24	29	33	-36
180	23	3	23	-29	-33	37
181	23	3.5	-23	-29	32	-37
182	23	4	-23	28	32	39
184	24	1	22	29	34	-39
186	24	2	-22	-29	33	38
188	24	3	0	28	-33	37
190	24	4	0	-28	32	-37
191	24	4.5	0	-28	31	36
192	25	1	0	0	30	35
193	25	1.5	0	0	31	-35
194	25	2	0	0	32	34
196	25	3	29	0	-32	33
198	25	4	-29	0	31	-33
200	26	1	28	32	30	0
202	26	2	27	-32	29	36
204	26	3	26	31	0	-36
206	26	4	-26	30	33	35
207	26	4.5	25	-30	-33	-35
208	27	1	24	29	-33	-35
210	27	2	25	-29	32	34
212	27	3	22	29	-32	33
214	27	4	-22	29	31	-33
216	28	1	0	32	30	32
218	28	2	25	-32	29	36
219	28	2.5	-25	31	-29	-36
220	28	3	-25	30	0	39
222	28	4	25	29	32	-39
223	28	4.5	-25	-29	-32	38
224	29	1	28	28	32	37
226	29	2	27	29	32	36
228	29	3	26	30	33	-36
230	29	4	26	-30	-33	35
232	30	1	27	29	0	36
234	30	2	29	-29	29	-36
236	30	3	28	0	30	32
238	30	4	27	0	32	-32
240	31	1	26	0	-32	33
242	31	2	26	0	31	35
244	31	3	25	0	30	-35
246	31	4	-25	25	29	34
248	32	1	0	26	28	33
250	32	2	0	28	-28	-33
251	32	2.5	0	-28	29	-33
252	32	3	0	28	30	32
253	32	3.5	0	-28	31	-32
254	32	4	0	27	32	32
256	33	1	0	28	-32	33
258	33	2	29	29	31	-33
260	33	3	-29	26	30	-33
262	33	4	28	-26	30	-33
264	34	1	27	0	29	0
266	34	2	26	0	28	33
268	34	3	27	0	29	32
270	34	4	-27	0	-29	31
272	35	1	-27	0	-29	32
274	35	2	-27	29	-29	-32
276	35	3	26	-29	30	33
278	35	4	-26	28	-30	35
280	36	1	0	27	0	36
282	36	2	0	26	28	37
284	36	3	0	27	29	-37
285	36	3.5	0	-27	-29	36
286	36	4	25	-27	-29	36
288	37	1	26	26	31	35
289	37	1.5	-26	-26	30	33
290	37	2	-26	28	33	37
292	37	3	27	29	-33	-37
293	37	3.5	-27	-29	-33	36
294	37	4	27	-29	32	36
296	38	1	26	30	33	-36
297	38	1.5	-26	-30	-33	35
298	38	2	-26	30	-33	35
300	38	3	22	29	0	36
302	38	4	-22	31	33	36
303	38	4.5	23	-31	-33	-36
304	39	1	24	-31	-33	35
306	39	2	21	30	32	-35
308	39	3	22	29	-32	33
310	39	4	-22	-29	31	36
311	39	4.5	-22	28	-31	-36
312	40	1	25	27	32	-36
313	40	1.5	-25	28	-32	-36
314	40	2	-25	29	32	34
316	40	3	0	28	-32	35
318	40	4	0	-28	30	-35
320	41	1	0	0	31	36
322	41	2	0	32	32	-36
324	41	3	0	-32	28	37
326	41	4	0	30	35	-37
328	42	1	0	31	-35	36
330	42	2	0	32	34	-36
332	42	3	0	28	33	35
334	42	4	0	-28	32	34
336	43	1	0	29	-32	33
338	43	2	0	-29	31	-33
340	43	3	0	30	32	32
342	43	4	0	-30	-32	37
344	44	1	0	31	0	-37
346	44	2	0	-31	33	36
348	44	3	0	30	-33	35
350	44	4	0	30	32	34
351	44	4.5	0	-30	-32	35
352	45	1	0	29	31	36
353	45	1.5	0	-29	-31	35
353.5	45	1.75	0	-29	-31	36
354	45	2	0	28	30	37
355	45	2.5	0	-28	31	-37
356	45	3	0	27	32	-37
357	45	3.5	0	-27	31	36
358	45	4	0	-27	30	36
359	45	4.5	0	-27	29	-36
360	46	1	0	26	30	-36
362	46	2	0	-26	-30	35
364	46	3	0	29	31	36
366	46	4	29	-29	-31	38
368	47	1	-29	26	33	-38
370	47	2	28	-26	-33	37
371	47	2.5	-28	-26	32	-37
371.5	47	2.75	-28	-26	33	-37
372	47	3	25	0	34	36
374	47	4	27	29	32	36
376	48	1	26	30	33	-36
378	48	2	24	31	-33	35
380	48	3	25	29	32	34
382	48	4	-25	30	-32	-34
384	49	1	26	-30	-32	33
386	49	2	-26	29	31	-33
388	49	3	-26	-29	30	-33
390	49	4	-26	28	-30	-33
392	50	1	22	29	31	-33
400	51	1	0	0	0	38
402	51	2	0	0	31	-38
404	51	3	0	0	32	37
406	51	4	0	0	33	38
408	52	1	0	0	34	36
412	52	3	24	0	33	35
415	52	4.5	-24	0	-33	36
416	53	1	25	0	32	37
418	53	2	26	0	31	38
419	53	2.5	-26	0	30	-38
420	53	3	27	0	29	-38
421	53	3.5	-27	0	-29	37
422	53	4	-27	0	-29	36
424	54	1	26	0	30	-36
426	54	2	-26	33	-30	35
428	54	3	24	-33	29	36
430	54	4	25	32	-29	36
432	55	1	22	31	0	-36
434	55	2	26	30	0	35
436	55	3	25	-30	0	34
437	55	3.5	-25	29	0	-34
438	55	4	24	29	0	33
440	56	1	23	-29	0	32
442	56	2	23	28	32	32
444	56	3	22	29	-32	0
446	56	4	-22	-29	31	36
448	57	1	0	0	32	-36
450	57	2	0	32	30	35
452	57	3	0	31	29	36
454	57	4	29	32	25	34
456	58	1	-29	30	26	33
458	58	2	28	-30	33	-33
460	58	3	29	29	33	0
462	58	4	27	-29	32	36
464	59	1	26	0	31	36
466	59	2	-26	30	30	35
467	59	2.5	-26	-30	31	-35
468	59	3	0	30	32	34
469	59	3.5	0	-30	30	-34
470	59	4	0	31	33	33
472	60	1	0	29	-33	34
474	60	2	0	30	32	-34
476	60	3	0	26	33	33
478	60	4	29	31	-33	-33
482	61	2	28	30	33	-33
486	61	4	27	29	32	36
488	62	1	28	30	-32	-36
489	62	1.5	-28	-30	31	-36
489.5	62	1.75	-28	-30	30	-36
490	62	2	26	28	31	35
492	62	3	25	29	32	-35
494	62	4	-25	25	-32	34
496	63	1	0	26	30	35
498	63	2	28	24	31	33
500	63	3	-28	25	29	32
502	63	4	27	-25	32	-32
504	64	1	26	0	33	35
506	64	2	-26	0	35	-35
507	64	2.5	-26	0	-35	36
508	64	3	-26	28	-35	37
509	64	3.5	-26	-28	34	-37
510	64	4	24	-28	33	38
511	64	4.5	-24	29	-33	-38
512	65	1	28	30	32	39
514	65	2	26	31	33	38
516	65	3	27	29	-33	-38
517	65	3.5	-27	-29	32	37
517.5	65	3.75	-27	-29	31	-37
518	65	4	-27	29	32	36
520	66	1	26	31	33	-36
522	66	2	-26	30	-33	35
523	66	2.5	-26	29	-33	34
524	66	3	-26	30	0	35
526	66	4	-26	-30	33	-35
528	67	1	22	29	-33	36
529	67	1.5	-22	-29	32	-36
530	67	2	-22	26	31	36
532	67	3	0	28	30	32
534	67	4	0	27	29	36
536	68	1	0	26	30	-36
538	68	2	26	-26	33	35
540	68	3	29	0	33	38
542	68	4	29	29	34	-38
544	69	1	28	32	35	37
546	69	2	27	32	32	36
548	69	3	26	31	33	-36
550	69	4	26	30	-33	35
552	70	1	27	29	0	36
554	70	2	-27	29	0	-36
556	70	3	28	30	0	0
558	70	4	29	31	0	0
560	71	1	27	32	0	0
562	71	2	28	-32	0	0
563	71	2.5	-28	31	0	0
564	71	3	-28	30	0	0
565	71	3.5	27	29	0	0
566	71	4	26	31	0	0
568	72	1	25	30	0	0
569	72	1.5	-25	29	0	0
570	72	2	24	29	0	0
572	72	3	23	-29	0	0
574	72	4	-23	28	32	0
576	73	1	22	29	-32	0
578	73	2	-22	-29	31	36
580	73	3	0	26	30	-36
582	73	4	0	-26	31	35
584	74	1	0	0	29	34
586	74	2	0	0	28	35
588	74	3	0	0	31	33
590	74	4	0	0	30	32
591	74	4.5	0	0	29	-32
592	75	1	0	0	30	35
594	75	2	0	32	-30	34
596	75	3	0	31	33	35
598	75	4	26	30	-33	-35
600	76	1	25	-30	0	0
602	76	2	24	29	0	36
604	76	3	23	-29	0	39
606	76	4	23	28	30	-39
608	77	1	22	29	33	38
610	77	2	29	-29	-33	36
612	77	3	30	0	32	-36
614	77	4	-30	32	-32	35
616	78	1	29	33	-32	36
618	78	2	-29	-33	31	36
620	78	3	0	32	30	37
622	78	4	26	33	35	-37
624	79	1	27	-33	34	36
625	79	1.5	-27	32	-34	-36
626	79	2	28	32	-34	-36
628	79	3	29	-32	33	-36
630	79	4	-29	31	-33	-36
632	80	1	0	32	34	0
634	80	2	26	28	33	35
636	80	3	-26	-28	-33	37
638	80	4	29	31	33	38
640	81	1	28	-31	35	39
642	81	2	-28	30	32	35
643	81	2.5	27	-30	-32	-35
644	81	3	26	-30	33	-35
646	81	4	22	29	-33	38
648	82	1	26	-29	33	-38
650	82	2	-26	28	-33	37
652	82	3	27	29	31	-37
654	82	4	-27	-29	32	36
656	83	1	26	30	33	-36
658	83	2	-26	-30	-33	35
660	83	3	22	29	0	36
662	83	4	-22	-29	33	-36
663	83	4.5	-22	28	-33	-36
663.5	83	4.75	-22	27	-33	-36
664	84	1	0	26	35	37
666	84	2	0	30	32	-37
668	84	3	0	31	33	35
670	84	4	0	28	-33	-35
671	84	4.5	0	-28	32	34
672	85	1	0	29	31	33
674	85	2	0	30	32	32
676	85	3	0	29	-32	33
678	85	4	22	-29	31	33
680	86	1	25	-29	32	34
683	86	2.5	-25	-29	31	35
683.5	86	2.75	-25	-29	30	-35
684	86	3	-25	0	29	36
686	86	4	24	26	-29	-36
688	87	1	25	29	0	-36
690	87	2	22	-29	0	-36
692	87	3	24	-29	0	0
694	87	4	23	28	0	0
696	88	1	22	29	0	0
697	88	1.5	23	-29	0	0
698	88	2	24	26	0	0
699	88	2.5	25	-26	0	0
700	88	3	26	28	0	0
702	88	4	22	27	0	0
703	88	4.5	23	-27	0	0
704	89	1	24	26	0	0
705	89	1.5	25	27	0	0
706	89	2	26	28	0	0
707	89	2.5	27	29	0	0
708	89	3	28	30	32	0
709	89	3.5	-28	31	-32	0
710	89	4	27	32	-32	0
712	90	1	26	-32	35	0
714	90	2	-26	31	-35	0
716	90	3	25	32	-35	36
718	90	4	-25	-32	34	-36
719	90	4.5	-25	31	-34	-36
720	91	1	21	30	35	39
721	91	1.5	-21	29	-35	-39
722	91	2	-21	30	32	-39
724	91	3	22	29	34	-39
726	91	4	-22	-29	33	38
728	92	1	0	0	32	39
730	92	2	0	29	31	36
731	92	2.5	0	-29	32	-36
732	92	3	0	-29	33	38
733	92	3.5	0	-29	31	-38
734	92	4	0	32	32	37
735	92	4.5	0	-32	33	-37
736	93	1	0	-32	34	36
738	93	2	0	31	33	-36
740	93	3	0	32	34	-36
742	93	4	0	29	33	36
744	94	1	0	31	-33	35
745	94	1.5	0	-31	-33	34
746	94	2	0	30	32	33
747	94	2.5	0	-30	-32	32
748	94	3	22	29	-32	33
750	94	4	-22	29	31	-33
752	95	1	25	-29	32	34
753	95	1.5	-25	28	-32	-34
754	95	2	-25	27	25	-34
755	95	2.5	-25	26	26	-34
756	95	3	-25	25	27	36
757	95	3.5	-25	-25	28	-36
758	95	4	24	26	29	-36
759	95	4.5	-24	-26	-29	35
760	96	1	25	27	-29	34
761	96	1.5	-25	-27	30	-34
762	96	2	22	29	31	33
764	96	3	24	28	-31	-33
765	96	3.5	-24	27	30	-33
766	96	4	23	26	28	32
767	96	4.5	-23	25	-28	-32
768	97	1	22	26	29	-32
770	97	2	-22	-26	-29	31
771	97	2.5	-22	-26	-29	30
772	97	3	-22	-26	-29	31
776	98	1	23	25	27	32
780	98	3	21	28	30	-32
784	99	1	25	27	29	-32
792	100	1	-25	-27	29	32
*-	*-	*-	*-	*-	*-	*-
