**absq	**bar	**beat	**b7	**b7	**b7	**b7
0	0	1	0	0	29	0
8	1	1	0	0	28	0
12	1	3	0	0	29	0
16	2	1	0	0	-29	33
18	2	2	0	0	29	-33
20	2	3	0	0	26	-33
24	3	1	0	0	28	32
28	3	3	0	0	-28	33
32	4	1	0	0	29	-33
34	4	2	0	0	-29	33
36	4	3	0	0	28	30
40	5	1	0	0	-28	32
42	5	2	0	0	27	-32
43	5	2.5	0	0	26	-32
44	5	3	0	0	27	-32
47	5	4.5	0	0	26	-32
48	6	1	0	0	26	33
50	6	2	0	0	28	-33
52	6	3	0	0	-28	32
54	6	4	0	0	27	-32
56	7	1	22	0	26	-32
58	7	2	-22	0	-26	31
59	7	2.5	-22	0	-26	30
60	7	3	-22	0	-26	31
62	7	4	-22	0	25	-31
63	7	4.5	-22	0	24	30
64	8	1	21	0	25	30
66	8	2	-21	0	26	-30
68	8	3	22	0	-26	-30
69	8	3.5	-22	0	25	-30
70	8	4	-22	0	24	29
71	8	4.5	-22	0	23	28
72	9	1	-22	26	24	29
74	9	2	22	-26	-24	-29
76	9	3	19	-26	23	28
80	10	1	21	25	-23	0
84	10	3	-21	26	0	0
88	11	1	22	-26	0	0
90	11	2	-22	26	0	0
92	11	3	21	23	28	0
96	12	1	-21	25	-28	0
98	12	2	20	-25	-28	0
99	12	2.5	19	-25	-28	0
100	12	3	20	-25	29	0
103	12	4.5	19	-25	-29	0
104	13	1	19	26	28	0
108	13	3	0	25	-28	32
110	13	4	0	-25	27	-32
111	13	4.5	0	-25	26	-32
112	14	1	0	-25	27	-32
114	14	2	0	24	-27	-32
115	14	2.5	0	23	26	-32
116	14	3	0	24	26	33
118	14	4	0	-24	28	-33
119	14	4.5	0	24	-28	-33
120	15	1	21	23	-28	32
122	15	2	-21	-23	27	-32
123	15	2.5	-21	-23	26	-32
124	15	3	-21	-23	25	-32
126	15	4	-21	-23	26	31
127	15	4.5	-21	-23	-26	30
128	16	1	22	0	26	31
131	16	2.5	-22	0	-26	30
132	16	3	21	28	0	30
136	17	1	-21	-28	25	-30
138	17	2	20	-28	-25	-30
139	17	2.5	19	-28	-25	-30
140	17	3	20	29	-25	0
143	17	4.5	19	-29	-25	0
144	18	1	19	28	26	30
145	18	1.5	20	-28	-26	-30
146	18	2	21	-28	-26	-30
147	18	2.5	22	-28	-26	-30
148	18	3	23	-28	25	-30
150	18	4	-23	27	-25	-30
151	18	4.5	-23	26	-25	-30
152	19	1	-23	27	-25	30
154	19	2	-23	-27	24	-30
155	19	2.5	-23	-27	23	-30
156	19	3	0	26	24	29
159	19	4.5	0	-26	23	-29
160	20	1	19	26	23	30
166	20	4	19	-26	-23	28
168	21	1	19	-26	-23	28
176	22	1	23	27	25	30
182	22	4	23	27	25	30
184	23	1	23	27	25	30
187	23	2.5	-23	-27	26	-30
188	23	3	-23	25	27	-30
190	23	4	-23	-25	28	-30
191	23	4.5	-23	26	-28	-30
192	24	1	23	27	27	32
194	24	2	-23	28	23	-32
195	24	2.5	-23	-28	-23	33
196	24	3	-23	27	30	34
198	24	4	-23	25	-30	35
200	25	1	24	26	28	-35
201	25	1.5	-24	-26	-28	34
202	25	2	-24	-26	-28	33
203	25	2.5	-24	-26	-28	32
204	25	3	-24	-26	-28	33
206	25	4	-24	-26	29	-33
208	26	1	25	27	-29	32
210	26	2	-25	-27	28	-32
211	26	2.5	-25	-27	27	-32
212	26	3	-25	-27	29	-32
214	26	4	-25	-27	25	-32
216	27	1	-25	-27	0	32
218	27	2	-25	-27	29	-32
220	27	3	23	0	-29	-32
222	27	4	-23	0	28	32
224	28	1	22	0	31	33
227	28	2.5	-22	0	30	32
228	28	3	0	0	29	31
230	28	4	0	0	28	30
232	29	1	0	0	29	29
234	29	2	22	0	-29	-29
235	29	2.5	-22	0	-29	30
236	29	3	-22	0	-29	31
238	29	4	22	26	-29	-31
240	30	1	23	-26	27	30
242	30	2	-23	25	-27	-30
244	30	3	23	28	0	-30
247	30	4.5	22	27	0	-30
248	31	1	21	26	29	0
250	31	2	20	25	-29	0
252	31	3	19	26	-29	0
254	31	4	-19	-26	28	0
256	32	1	-19	-26	30	0
258	32	2	-19	-26	-30	33
259	32	2.5	-19	-26	29	-33
260	32	3	0	23	28	-33
262	32	4	0	-23	27	32
263	32	4.5	0	25	-27	-32
264	33	1	0	24	26	35
265	33	1.5	0	-24	27	-35
266	33	2	26	-24	28	-35
267	33	2.5	-26	-24	29	-35
268	33	3	-26	23	30	-35
270	33	4	25	-23	-30	34
272	34	1	28	0	-30	33
274	34	2	-28	0	28	32
275	34	2.5	27	0	-28	-32
276	34	3	26	0	-28	33
278	34	4	25	29	27	29
279	34	4.5	-25	-29	-27	30
280	35	1	24	-29	26	31
281	35	1.5	-24	-29	-26	32
282	35	2	-24	29	-26	33
283	35	2.5	23	-29	-26	34
284	35	3	21	30	25	35
286	35	4	23	-30	-25	34
287	35	4.5	-23	29	-25	-34
288	36	1	24	28	28	-34
289	36	1.5	-24	-28	-28	33
290	36	2	-24	27	29	33
291	36	2.5	-24	26	-29	-33
292	36	3	23	27	30	-33
294	36	4	-23	27	-30	32
296	37	1	24	26	0	33
298	37	2	-24	22	26	-33
300	37	3	-24	-22	29	-33
301	37	3.5	-24	23	-29	-33
302	37	4	22	24	29	-33
303	37	4.5	-22	25	-29	-33
304	38	1	-22	26	29	-33
305	38	1.5	23	-26	-29	-33
306	38	2	24	22	0	-33
307	38	2.5	25	-22	26	-33
308	38	3	26	-22	29	0
309	38	3.5	-26	23	-29	0
310	38	4	22	24	29	29
311	38	4.5	-22	22	-29	-29
312	39	1	-22	24	29	33
313	39	1.5	21	-24	-29	-33
314	39	2	22	-24	29	33
315	39	2.5	21	-24	-29	-33
316	39	3	19	23	28	33
318	39	4	-19	-23	-28	33
319	39	4.5	-19	-23	29	-33
320	40	1	0	0	30	32
322	40	2	0	0	31	33
325	40	3.5	0	0	30	32
326	40	4	0	0	29	31
327	40	4.5	0	0	28	30
328	41	1	0	0	29	31
330	41	2	0	22	-29	-31
332	41	3	0	26	28	30
334	41	4	19	26	-28	-30
336	42	1	22	26	0	0
338	42	2	22	0	0	0
339	42	2.5	-22	22	0	0
340	42	3	22	26	0	0
342	42	4	22	26	0	0
344	43	1	21	26	0	0
346	43	2	-21	26	0	0
347	43	2.5	22	-26	0	0
348	43	3	23	25	0	0
350	43	4	24	26	0	0
353	44	1.5	23	25	0	0
354	44	2	22	24	0	26
355	44	2.5	21	23	0	-26
356	44	3	22	24	0	29
358	44	4	-22	-24	22	29
359	44	4.5	-22	23	-22	-29
360	45	1	-22	24	26	29
362	45	2	-22	-24	26	29
364	45	3	19	23	26	28
366	45	4	-19	-23	26	-28
367	45	4.5	-19	-23	-26	29
368	46	1	0	0	25	30
370	46	2	22	0	26	31
372	46	3	26	0	-26	-31
373	46	3.5	-26	0	25	30
374	46	4	26	0	24	30
375	46	4.5	-26	0	23	-30
376	47	1	26	0	24	-30
378	47	2	26	0	-24	29
380	47	3	25	0	23	30
382	47	4	26	0	28	0
383	47	4.5	-26	0	-28	30
384	48	1	-26	0	-28	33
385	48	1.5	25	0	27	-33
386	48	2	24	26	26	33
387	48	2.5	23	-26	25	-33
388	48	3	22	29	26	33
390	48	4	-22	29	-26	33
392	49	1	25	29	27	32
393	49	1.5	-25	-29	-27	33
394	49	2	-25	29	-27	34
395	49	2.5	-25	-29	-27	33
395.5	49	2.75	-25	-29	-27	34
396	49	3	21	28	25	35
398	49	4	25	29	32	34
401	50	1.5	26	28	31	33
402	50	2	24	27	29	33
403	50	2.5	-24	26	-29	-33
404	50	3	23	27	30	-33
406	50	4	-23	-27	-30	32
408	51	1	19	26	-30	33
410	51	2	-19	-26	29	-33
411	51	2.5	-19	-26	28	-33
412	51	3	-19	-26	28	-33
416	52	1	22	26	29	31
424	53	1	21	28	30	32
428	53	3	24	-28	31	33
431	53	4.5	-24	-28	30	-33
432	54	1	-24	24	29	-33
433	54	1.5	-24	-24	28	-33
434	54	2	23	-24	28	32
436	54	3	22	24	-28	31
438	54	4	-22	-24	27	-31
440	55	1	21	25	28	30
443	55	2.5	-21	23	-28	-30
444	55	3	-21	25	-28	0
446	55	4	-21	26	-28	30
448	56	1	22	24	26	-30
450	56	2	-22	-24	-26	29
451	56	2.5	-22	22	-26	-29
452	56	3	19	23	-26	28
454	56	4	26	24	-26	-28
455	56	4.5	-26	-24	-26	29
456	57	1	-26	23	27	30
458	57	2	25	-23	-27	-30
460	57	3	26	0	28	-30
464	58	1	0	23	27	-30
466	58	2	19	-23	28	-30
468	58	3	-19	-23	26	0
470	58	4	18	-23	27	0
472	59	1	19	-23	28	30
476	59	3	-19	26	-28	-30
480	60	1	23	25	27	30
496	61	1	0	0	0	0
496	61	1	23	27	30	32
502	61	4	23	27	30	32
504	62	1	23	27	30	32
508	62	3	-23	27	-30	-32
510	62	4	-23	-27	-30	30
512	63	1	23	28	-30	32
516	63	3	24	-28	26	33
520	64	1	-24	26	28	31
524	64	3	22	26	29	-31
528	65	1	23	25	27	30
536	66	1	19	0	26	-30
538	66	2	26	28	-26	-30
539	66	2.5	-26	-28	25	-30
540	66	3	-26	-28	23	-30
542	66	4	25	27	-23	-30
544	67	1	26	28	0	0
546	67	2	-26	-28	30	0
547	67	2.5	26	28	-30	0
548	67	3	25	27	-30	0
550	67	4	-25	-27	29	0
552	68	1	-25	-27	30	0
554	68	2	24	26	-30	0
555	68	2.5	23	25	30	0
556	68	3	24	26	29	0
558	68	4	25	27	-29	0
560	69	1	24	26	-29	0
562	69	2	25	27	28	0
563	69	2.5	-25	-27	27	0
564	69	3	23	25	28	0
566	69	4	22	26	29	33
568	70	1	0	23	27	-33
570	70	2	0	-23	-27	32
572	70	3	0	30	26	33
575	70	4.5	0	-30	-26	33
576	71	1	0	-30	23	32
582	71	4	26	-30	28	31
583	71	4.5	-26	-30	-28	30
584	72	1	-26	0	-28	31
586	72	2	25	0	27	32
588	72	3	26	0	28	30
591	72	4.5	26	0	28	-30
592	73	1	25	0	27	0
598	73	4	24	30	26	35
599	73	4.5	23	-30	25	-35
600	74	1	24	-30	26	-35
602	74	2	25	29	27	34
604	74	3	21	30	25	35
607	74	4.5	-21	30	-25	35
608	75	1	25	29	0	34
610	75	2	-25	-29	32	-34
611	75	2.5	-25	-29	-32	33
611.5	75	2.75	-25	-29	-32	32
612	75	3	0	-29	31	33
614	75	4	25	28	29	34
615	75	4.5	-25	27	-29	-34
616	76	1	24	28	31	-34
617	76	1.5	-24	-28	-31	33
618	76	2	22	29	-31	33
620	76	3	23	27	30	-33
622	76	4	-23	-27	-30	32
624	77	1	19	26	28	33
630	77	4	-19	-26	26	33
632	78	1	0	0	28	-33
634	78	2	0	0	-28	32
636	78	3	0	0	29	31
640	79	1	0	0	26	30
642	79	2	19	26	-26	-30
644	79	3	21	-26	0	-30
646	79	4	-21	25	0	-30
648	80	1	22	24	0	0
650	80	2	-22	-24	29	0
652	80	3	19	23	-29	0
654	80	4	-19	-23	28	30
656	81	1	0	-23	27	32
660	81	3	0	0	26	33
662	81	4	26	0	28	-33
664	82	1	-26	0	-28	30
666	82	2	25	0	29	32
668	82	3	24	0	31	33
670	82	4	-24	0	-31	35
671	82	4.5	-24	0	30	-35
671.5	82	4.75	-24	0	29	-35
672	83	1	-24	0	28	-35
673	83	1.5	-24	0	-28	34
674	83	2	-24	26	29	33
676	83	3	23	28	30	-33
678	83	4	-23	-28	-30	32
680	84	1	22	29	26	31
683	84	2.5	-22	-29	25	-31
684	84	3	-22	26	24	-31
686	84	4	21	-26	-24	30
688	85	1	20	0	-24	29
690	85	2	-20	25	23	-29
691	85	2.5	-20	-25	22	28
691.5	85	2.75	-20	-25	-22	27
692	85	3	19	26	23	28
694	85	4	-19	28	-23	26
695	85	4.5	-19	-28	-23	27
696	86	1	-19	-28	30	28
697	86	1.5	-19	27	-30	29
698	86	2	-19	26	-30	30
699	86	2.5	-19	-26	-30	31
700	86	3	0	25	-30	32
701	86	3.5	0	-25	-30	33
702	86	4	23	-25	-30	34
703	86	4.5	-23	26	-30	35
704	87	1	25	27	-30	34
705	87	1.5	-25	-27	-30	33
706	87	2	26	28	-30	33
708	87	3	23	27	-30	-33
710	87	4	-23	-27	-30	32
712	88	1	24	26	28	33
718	88	4	-24	22	26	-33
720	89	1	22	24	29	-33
723	89	2.5	-22	25	-29	-33
724	89	3	0	26	28	-33
726	89	4	22	-26	31	-33
728	90	1	25	0	-31	0
729	90	1.5	-25	0	30	0
730	90	2	-25	0	30	30
732	90	3	24	0	-30	33
734	90	4	-24	0	29	-33
736	91	1	23	0	30	32
738	91	2	-23	25	-30	34
740	91	3	0	28	0	-34
741	91	3.5	0	-28	0	33
742	91	4	0	-28	26	33
744	92	1	0	27	29	-33
746	92	2	0	-27	-29	32
748	92	3	0	26	28	33
750	92	4	22	-26	31	-33
752	93	1	25	0	-31	0
753	93	1.5	-25	0	30	0
754	93	2	-25	0	30	30
756	93	3	24	0	-30	33
758	93	4	-24	0	29	-33
760	94	1	23	0	30	32
762	94	2	-23	25	-30	34
764	94	3	24	28	0	-34
765	94	3.5	-24	-28	0	33
766	94	4	-24	-28	26	33
768	95	1	22	27	29	-33
770	95	2	23	-27	-29	32
772	95	3	24	26	28	33
774	95	4	26	26	-28	-33
775	95	4.5	-26	-26	-28	32
776	96	1	-26	-26	26	31
777	96	1.5	25	-26	-26	30
778	96	2	24	26	28	30
779	96	2.5	23	-26	-28	-30
780	96	3	24	26	-28	-30
782	96	4	-24	26	27	29
783	96	4.5	-24	-26	26	-29
784	97	1	23	27	25	30
786	97	2	23	-27	-25	-30
787	97	2.5	-23	-27	26	-30
788	97	3	-23	25	27	-30
790	97	4	23	-25	-27	-30
791	97	4.5	-23	26	-27	-30
792	98	1	23	27	0	-30
794	98	2	23	28	0	-30
796	98	3	24	-28	26	0
797	98	3.5	-24	27	-26	0
798	98	4	-24	26	-26	0
799	98	4.5	-24	25	-26	0
800	99	1	22	24	26	0
801	99	1.5	-22	22	-26	0
802	99	2	-22	29	26	0
803	99	2.5	23	-29	-26	0
804	99	3	24	-29	26	0
805	99	3.5	-24	28	-26	0
806	99	4	25	27	27	0
807	99	4.5	-25	26	-27	0
808	100	1	-25	25	-27	0
809	100	1.5	24	26	-27	0
810	100	2	23	27	25	30
811	100	2.5	22	-27	-25	-30
812	100	3	23	-27	-25	-30
813	100	3.5	-23	-27	26	-30
814	100	4	-23	25	27	30
816	101	1	19	26	28	30
818	101	2	-19	-26	-28	30
819	101	2.5	-19	-26	27	-30
820	101	3	0	22	26	31
821	101	3.5	0	-22	25	-31
822	101	4	0	-22	26	-31
824	102	1	0	-22	-26	29
825	102	1.5	0	-22	22	-29
826	102	2	0	29	31	-29
827	102	2.5	0	-29	-31	30
828	102	3	0	-29	-31	31
830	102	4	0	28	30	32
832	103	1	0	27	-30	-32
833	103	1.5	0	-27	29	31
834	103	2	0	-27	29	30
835	103	2.5	0	-27	-29	29
836	103	3	0	26	-29	30
838	103	4	26	-26	28	35
839	103	4.5	-26	27	-28	-35
840	104	1	-26	28	26	-35
842	104	2	25	29	27	34
844	104	3	24	26	28	-34
845	104	3.5	-24	-26	-28	33
846	104	4	-24	-26	29	33
847	104	4.5	-24	27	-29	-33
848	105	1	23	28	30	-33
850	105	2	-23	27	-30	32
851	105	2.5	24	-27	-30	-32
852	105	3	25	-27	-30	30
853	105	3.5	-25	26	-30	-30
854	105	4	26	26	29	31
855	105	4.5	-26	-26	28	-31
856	106	1	23	-26	27	-31
857	106	1.5	-23	-26	-27	30
858	106	2	-23	25	-27	30
860	106	3	24	26	0	29
862	106	4	-24	-26	26	28
863	106	4.5	23	-26	-26	-28
864	107	1	22	0	26	31
866	107	2	-22	26	26	-31
867	107	2.5	21	-26	-26	-31
868	107	3	19	26	28	30
870	107	4	-19	26	-28	-30
871	107	4.5	-19	-26	27	-30
872	108	1	0	28	26	-30
874	108	2	23	-28	25	-30
876	108	3	23	27	-25	-30
877	108	3.5	-23	-27	26	-30
878	108	4	23	25	27	-30
879	108	4.5	-23	-25	25	-30
880	109	1	25	29	27	0
884	109	3	24	-29	26	0
886	109	4	22	-29	-26	33
888	110	1	26	28	0	33
890	110	2	-26	-28	30	33
892	110	3	-26	26	30	35
894	110	4	-26	30	30	-35
896	111	1	25	-30	32	34
898	111	2	-25	29	-32	32
900	111	3	0	-29	31	33
902	111	4	25	28	29	34
903	111	4.5	-25	27	-29	-34
904	112	1	24	28	31	-34
905	112	1.5	-24	-28	-31	33
906	112	2	22	29	-31	33
908	112	3	23	27	30	-33
910	112	4	-23	-27	-30	32
912	113	1	19	26	-30	33
914	113	2	-19	-26	26	-33
916	113	3	0	22	26	-33
918	113	4	26	-22	26	-33
920	114	1	26	0	28	-33
922	114	2	26	26	-28	-33
923	114	2.5	-26	-26	29	-33
924	114	3	28	26	30	-33
926	114	4	-28	26	-30	-33
927	114	4.5	27	-26	-30	-33
928	115	1	26	28	-30	0
932	115	3	25	27	0	0
934	115	4	22	29	0	33
936	116	1	26	-29	0	33
938	116	2	-26	28	30	33
940	116	3	-26	26	30	35
942	116	4	-26	30	30	-35
944	117	1	25	-30	32	34
946	117	2	-25	29	-32	32
948	117	3	0	-29	31	33
950	117	4	25	28	29	34
951	117	4.5	-25	27	-29	-34
952	118	1	24	28	31	-34
953	118	1.5	-24	-28	-31	33
954	118	2	22	29	-31	33
956	118	3	23	27	30	-33
958	118	4	-23	-27	-30	32
960	119	1	24	26	0	33
962	119	2	-24	22	26	-33
964	119	3	22	24	29	-33
967	119	4.5	-22	25	29	-33
968	120	1	0	26	28	-33
970	120	2	22	-26	31	-33
972	120	3	25	0	-31	0
973	120	3.5	-25	0	30	0
974	120	4	-25	0	30	30
976	121	1	24	0	-30	33
978	121	2	-24	0	29	-33
979	121	2.5	-24	0	-29	33
980	121	3	23	0	30	32
982	121	4	-23	25	-30	34
984	122	1	0	28	0	-34
985	122	1.5	0	-28	0	33
986	122	2	0	-28	26	33
988	122	3	0	27	29	-33
990	122	4	0	-27	-29	32
991	122	4.5	0	-27	29	-32
992	123	1	0	26	28	33
994	123	2	22	-26	31	-33
996	123	3	25	0	-31	0
997	123	3.5	-25	0	30	0
998	123	4	-25	0	30	30
1000	124	1	24	0	-30	33
1002	124	2	-24	0	29	-33
1003	124	2.5	-24	0	-29	33
1004	124	3	23	0	30	32
1006	124	4	-23	25	-30	34
1008	125	1	-23	28	-30	-34
1009	125	1.5	-23	-28	-30	33
1010	125	2	-23	-28	-30	33
1012	125	3	-23	27	-30	-33
1014	125	4	-23	-27	-30	32
1016	126	1	0	26	28	31
1018	126	2	19	-26	-28	30
1020	126	3	22	-26	29	31
1023	126	4.5	22	-26	-29	-31
1024	127	1	21	0	30	30
1026	127	2	24	22	31	33
1028	127	3	-24	24	28	-33
1029	127	3.5	23	-24	-28	32
1030	127	4	22	-24	31	31
1031	127	4.5	-22	25	-31	30
1032	128	1	-22	26	-31	29
1034	128	2	21	-26	30	30
1036	128	3	22	-26	29	31
1040	129	1	19	-26	28	30
*-	*-	*-	*-	*-	*-	*-
