**absq	**bar	**beat	**b7	**b7	**b7	**b7
0	1	1	0	0	0	31
8	2	1	0	24	0	31
12	2	3	0	-24	0	35
16	3	1	0	24	0	-35
20	3	3	21	28	0	35
24	4	1	-21	-28	28	0
26	4	2	-21	-28	-28	35
28	4	3	21	28	-28	-35
30	4	4	-21	-28	-28	35
32	5	1	24	0	28	33
34	5	2	-24	28	-28	-33
36	5	3	-24	-28	31	31
38	5	4	-24	28	-31	-31
40	6	1	24	26	-31	0
44	6	3	0	24	31	0
46	6	4	28	-24	-31	0
50	7	2	28	-24	28	0
52	7	3	26	-24	-28	0
54	7	4	-26	-24	28	35
56	8	1	24	0	26	-35
58	8	2	-24	28	-26	35
60	8	3	0	-28	24	33
62	8	4	24	28	-24	-33
64	9	1	-24	26	0	31
66	9	2	24	-26	31	-31
68	9	3	22	24	-31	31
70	9	4	-22	-24	31	34
72	10	1	20	25	29	-34
73	10	1.5	-20	-25	-29	33
74	10	2	-20	-25	29	32
75	10	2.5	-20	-25	-29	31
76	10	3	21	25	28	30
78	10	4	21	-25	28	-30
80	11	1	24	24	28	31
86	11	4	0	-24	28	-31
88	12	1	0	0	29	-31
90	12	2	0	0	29	-31
92	12	3	0	0	28	0
94	12	4	24	26	31	0
96	13	1	25	27	-31	0
98	13	2	25	27	30	0
100	13	3	24	26	31	0
102	13	4	-24	28	-31	33
104	14	1	27	29	-31	34
106	14	2	-27	29	-31	34
108	14	3	0	28	0	33
110	14	4	24	-28	33	35
112	15	1	20	31	34	36
114	15	2	20	-31	34	36
116	15	3	24	0	33	35
118	15	4	-24	28	31	33
120	16	1	23	30	32	34
122	16	2	-23	-30	32	34
123	16	2.5	-23	29	-32	-34
124	16	3	24	28	31	33
126	16	4	-24	26	28	31
128	17	1	23	27	30	32
130	17	2	-23	27	-30	-32
131	17	2.5	-23	-27	29	-32
132	17	3	24	26	28	33
133	17	3.5	-24	-26	27	-33
134	17	4	21	-26	28	-33
135	17	4.5	-21	-26	-28	32
136	18	1	22	-26	-28	31
137	18	1.5	-22	-26	-28	30
138	18	2	-22	24	27	31
140	18	3	21	25	28	-31
142	18	4	-21	25	-28	30
144	19	1	24	24	-28	33
146	19	2	-24	-24	24	-33
148	19	3	0	0	28	32
150	19	4	21	0	-28	-32
152	20	1	24	0	-28	0
154	20	2	-24	24	26	0
156	20	3	-24	28	-26	0
158	20	4	23	-28	25	0
159	20	4.5	22	-28	24	0
160	21	1	23	-28	25	0
161	21	1.5	21	-28	-25	0
162	21	2	23	27	-25	0
163	21	2.5	24	26	-25	0
164	21	3	25	27	0	0
165	21	3.5	-25	25	0	0
166	21	4	-25	27	0	0
167	21	4.5	-25	28	0	0
168	22	1	24	29	0	0
170	22	2	23	28	28	0
172	22	3	22	-28	31	0
174	22	4	-22	27	-31	31
176	23	1	21	26	-31	35
178	23	2	-21	-26	30	-35
179	23	2.5	-21	-26	29	-35
180	23	3	-21	25	30	-35
181	23	3.5	-21	-25	28	-35
182	23	4	-21	-25	30	34
183	23	4.5	-21	-25	31	33
184	24	1	0	-25	32	34
185	24	1.5	0	-25	-32	32
186	24	2	0	-25	-32	34
187	24	2.5	0	-25	-32	35
188	24	3	0	0	31	36
190	24	4	0	28	30	35
192	25	1	0	31	29	-35
194	25	2	0	-31	-29	34
196	25	3	0	-31	28	33
198	25	4	24	30	-28	-33
199	25	4.5	-24	29	-28	-33
200	26	1	28	30	0	32
201	26	1.5	-28	28	0	-32
202	26	2	-28	30	0	-32
203	26	2.5	-28	31	0	-32
204	26	3	-28	32	0	0
206	26	4	27	-32	0	0
207	26	4.5	26	-32	0	0
208	27	1	27	-32	0	0
209	27	1.5	25	-32	0	0
210	27	2	27	-32	0	0
211	27	2.5	28	-32	0	0
212	27	3	29	31	0	0
214	27	4	28	30	28	0
216	28	1	-28	29	31	0
218	28	2	27	-29	-31	31
220	28	3	26	28	-31	35
222	28	4	-26	-28	30	-35
223	28	4.5	-26	-28	29	-35
224	29	1	-26	0	30	-35
225	29	1.5	-26	0	28	-35
226	29	2	-26	28	30	34
227	29	2.5	-26	-28	31	33
228	29	3	25	29	32	34
229	29	3.5	-25	-29	-32	32
230	29	4	-25	-29	-32	34
231	29	4.5	-25	28	-32	35
232	30	1	0	27	-32	36
234	30	2	0	26	28	35
236	30	3	0	25	29	-35
238	30	4	25	-25	-29	34
239	30	4.5	-25	-25	30	-34
240	31	1	26	24	31	33
243	31	2.5	25	25	30	-33
244	31	3	24	26	29	33
245	31	3.5	-24	27	-29	-33
246	31	4	23	28	28	-33
247	31	4.5	-23	-28	-28	32
248	32	1	22	-28	29	31
250	32	2	-22	27	-29	-31
252	32	3	21	28	25	30
255	32	4.5	22	-28	-25	-30
256	33	1	23	25	0	0
257	33	1.5	24	-25	0	0
258	33	2	25	-25	32	0
260	33	3	-25	0	33	0
262	33	4	24	0	-33	35
263	33	4.5	-24	0	32	-35
264	34	1	27	0	31	36
266	34	2	20	0	-31	-36
267	34	2.5	21	0	30	35
268	34	3	22	0	29	34
269	34	3.5	23	0	-29	-34
270	34	4	24	0	28	33
272	35	1	-24	0	-28	32
273	35	1.5	-24	0	27	-32
274	35	2	23	28	25	-32
276	35	3	22	29	26	31
278	35	4	-22	-29	24	33
279	35	4.5	-22	28	-24	-33
280	36	1	23	27	25	32
282	36	2	24	26	28	31
284	36	3	21	25	-28	-31
285	36	3.5	-21	-25	27	-31
286	36	4	-21	-25	28	30
288	37	1	22	24	26	31
290	37	2	-22	-24	29	-31
292	37	3	20	0	-29	0
294	37	4	21	28	28	0
296	38	1	22	31	-28	0
298	38	2	-22	-31	27	0
300	38	3	21	30	28	0
302	38	4	-21	28	-28	32
303	38	4.5	-21	-28	27	-32
303.5	38	4.75	-21	-28	26	-32
304	39	1	-21	-28	25	35
305	39	1.5	-21	29	-25	-35
306	39	2	-21	30	-25	-35
307	39	2.5	-21	28	-25	-35
308	39	3	0	29	-25	34
310	39	4	0	-29	-25	32
312	40	1	0	30	0	-32
313	40	1.5	0	-30	0	33
314	40	2	0	-30	0	34
315	40	2.5	0	-30	0	32
316	40	3	0	31	0	33
318	40	4	0	30	28	35
320	41	1	25	29	32	-35
322	41	2	-25	-29	-32	34
324	41	3	28	0	28	35
328	42	1	27	29	0	0
330	42	2	25	-29	0	0
332	42	3	-25	32	0	0
333	42	3.5	26	-32	0	0
334	42	4	27	-32	0	32
335	42	4.5	25	-32	0	-32
336	43	1	26	30	0	35
338	43	2	-26	29	28	-35
339	43	2.5	-26	28	-28	-35
340	43	3	27	29	31	34
344	44	1	28	28	30	0
346	44	2	-28	24	28	0
348	44	3	26	28	-28	0
349	44	3.5	-26	-28	29	0
350	44	4	-26	-28	30	0
351	44	4.5	-26	-28	28	0
352	45	1	25	27	29	0
354	45	2	-25	25	-29	32
356	45	3	-25	27	30	-32
357	45	3.5	-25	-27	-30	33
358	45	4	-25	-27	-30	34
359	45	4.5	-25	-27	-30	32
360	46	1	24	28	31	33
362	46	2	26	-28	28	-33
364	46	3	25	29	32	34
366	46	4	-25	25	-32	-34
368	47	1	21	-25	-32	35
370	47	2	23	28	-32	-35
372	47	3	22	-28	31	36
374	47	4	-22	27	29	-36
375	47	4.5	-22	26	-29	-36
376	48	1	-22	27	-29	-36
377	48	1.5	-22	-27	30	-36
378	48	2	-22	-27	31	-36
379	48	2.5	-22	-27	29	-36
380	48	3	21	28	30	32
381	48	3.5	-21	-28	-30	33
382	48	4	25	27	-30	34
383	48	4.5	-25	-27	-30	32
384	49	1	24	28	31	33
386	49	2	26	-28	-31	35
388	49	3	25	29	32	-35
390	49	4	-25	-29	-32	34
391	49	4.5	-25	-29	-32	33
392	50	1	-25	-29	-32	34
396	50	3	22	-29	31	-34
398	50	4	-22	-29	-31	33
400	51	1	24	28	-31	33
404	51	3	25	-28	29	-33
406	51	4	-25	27	-29	32
407	51	4.5	-25	26	-29	31
408	52	1	-25	27	-29	32
412	52	3	21	28	30	-32
414	52	4	-21	-28	-30	35
416	53	1	24	26	31	-35
417	53	1.5	-24	-26	-31	34
418	53	2	-24	-26	-31	33
420	53	3	25	27	29	-33
422	53	4	-25	-27	-29	32
423	53	4.5	-25	-27	-29	31
424	54	1	-25	-27	0	32
426	54	2	-25	-27	27	-32
428	54	3	22	26	31	33
432	55	1	21	-26	30	-33
434	55	2	22	25	31	-33
435	55	2.5	-22	24	-31	-33
436	55	3	-22	27	29	31
438	55	4	21	-27	-29	-31
439	55	4.5	20	-27	-29	-31
440	56	1	24	26	28	0
442	56	2	-24	-26	31	31
444	56	3	-24	-26	-31	35
445	56	3.5	-24	-26	30	-35
446	56	4	-24	-26	29	-35
447	56	4.5	-24	-26	28	-35
448	57	1	0	0	29	34
450	57	2	0	0	28	35
452	57	3	0	0	31	33
454	57	4	24	0	-31	-33
456	58	1	28	0	30	32
459	58	2.5	-28	0	29	-32
459.5	58	2.75	-28	0	28	-32
460	58	3	27	0	29	-32
462	58	4	28	0	30	-32
464	59	1	26	0	-30	0
465	59	1.5	-26	0	29	0
466	59	2	-26	28	28	0
467	59	2.5	-26	-28	27	0
468	59	3	24	31	28	0
470	59	4	-24	-31	26	31
472	60	1	0	30	0	35
474	60	2	0	31	24	-35
476	60	3	0	29	27	34
478	60	4	20	-29	-27	-34
480	61	1	24	28	26	35
483	61	2.5	-24	-28	25	-35
483.5	61	2.75	-24	-28	24	-35
484	61	3	23	-28	25	-35
486	61	4	24	-28	26	33
488	62	1	22	0	24	-33
490	62	2	-22	24	26	31
492	62	3	20	27	27	-31
493	62	3.5	-20	-27	-27	30
494	62	4	-20	-27	29	31
495	62	4.5	-20	-27	-29	32
496	63	1	0	26	28	33
497	63	1.5	0	-26	26	-33
498	63	2	20	27	29	32
499	63	2.5	-20	-27	-29	31
500	63	3	21	25	28	30
502	63	4	24	24	-28	33
504	64	1	-24	28	31	-33
506	64	2	21	-28	30	32
508	64	3	22	26	31	-32
509	64	3.5	-22	-26	-31	31
510	64	4	20	27	29	31
512	65	1	21	25	28	-31
514	65	2	-21	-25	-28	30
516	65	3	24	24	-28	31
522	66	2	0	-24	28	-31
524	66	3	0	0	29	-31
526	66	4	0	0	29	-31
528	67	1	0	0	28	0
530	67	2	24	26	31	0
532	67	3	25	27	-31	0
534	67	4	25	27	30	0
536	68	1	24	26	31	0
538	68	2	-24	28	-31	33
540	68	3	27	29	-31	34
542	68	4	-27	29	-31	34
544	69	1	0	28	0	33
546	69	2	24	-28	33	35
548	69	3	20	31	34	36
550	69	4	20	-31	34	36
552	70	1	24	0	33	35
554	70	2	-24	28	31	33
556	70	3	23	30	32	34
558	70	4	-23	-30	32	34
559	70	4.5	-23	29	-32	-34
560	71	1	24	28	31	33
562	71	2	-24	26	28	31
564	71	3	23	27	30	32
566	71	4	-23	27	-30	-32
567	71	4.5	-23	-27	29	-32
568	72	1	24	26	28	33
569	72	1.5	-24	-26	27	-33
570	72	2	21	-26	28	-33
571	72	2.5	-21	-26	-28	32
572	72	3	22	-26	-28	31
573	72	3.5	-22	-26	-28	30
574	72	4	-22	24	27	31
576	73	1	21	25	28	-31
578	73	2	-21	25	-28	30
580	73	3	24	24	0	31
582	73	4	-24	28	26	-31
584	74	1	0	29	27	-31
586	74	2	0	29	27	-31
588	74	3	24	28	26	-31
590	74	4	-24	26	28	-31
592	75	1	20	27	29	-31
594	75	2	20	27	29	-31
596	75	3	24	26	28	-31
*-	*-	*-	*-	*-	*-	*-
