**absq	**bar	**beat	**b7	**b7	**b7	**b7	**b7	**b7
0	1	1	0	0	0	24	0	0
8	1	3	0	0	0	24	0	0
12	2	1	0	0	0	24	0	31
16	2	2	0	0	0	27	0	-31
20	2	3	0	0	0	-27	0	31
22	2	3.5	0	0	0	26	0	-31
24	3	1	0	0	0	26	0	31
28	3	2	0	0	0	25	0	34
34	3	3.5	0	0	0	-25	0	33
36	4	1	17	24	0	24	0	33
40	4	2	-17	-24	0	-24	0	35
42	4	2.5	-17	-24	0	23	0	-35
44	4	3	-17	24	0	21	0	-35
46	4	3.5	-17	-24	0	-21	0	34
48	5	1	-17	24	0	22	0	33
52	5	2	18	27	0	-22	0	32
58	5	3.5	-18	26	0	-22	0	-32
60	6	1	19	26	0	21	0	31
64	6	2	20	25	0	0	0	-31
68	6	3	21	-25	0	28	0	30
72	7	1	22	24	0	26	0	31
74	7	1.5	-22	-24	0	27	0	-31
78	7	2.5	-22	-24	0	26	0	-31
79	7	2.75	-22	-24	0	25	0	-31
80	7	3	0	0	0	24	0	0
84	8	1	21	28	0	25	0	30
92	8	3	-21	-28	0	-25	0	30
96	9	1	-21	-28	0	26	0	30
100	9	2	22	24	0	-26	0	31
104	9	3	-22	-24	0	27	0	-31
108	10	1	23	0	0	28	0	30
112	10	2	24	0	0	-28	0	29
114	10	2.5	-24	0	0	27	0	-29
115	10	2.75	-24	0	0	26	0	-29
116	10	3	25	0	0	27	0	-29
120	11	1	26	28	0	28	0	28
124	11	2	-26	-28	0	-28	0	35
128	11	3	-26	-28	0	24	0	-35
130	11	3.5	-26	-28	0	-24	0	34
131	11	3.75	-26	-28	0	-24	0	33
132	12	1	0	24	0	28	0	33
134	12	1.5	26	-24	0	-28	0	-33
136	12	2	24	28	0	26	0	0
138	12	2.5	25	-28	0	27	0	32
140	12	3	26	-28	0	28	0	30
142	12	3.5	-26	-28	0	-28	0	31
144	13	1	0	27	0	29	0	32
146	13	1.5	25	-27	0	-29	0	-32
148	13	2	23	28	0	0	0	0
150	13	2.5	24	26	0	29	0	31
152	13	3	25	27	0	-29	0	29
154	13	3.5	-25	-27	0	27	0	30
156	14	1	0	26	0	28	0	31
158	14	1.5	24	-26	0	-28	0	-31
160	14	2	22	27	0	0	0	0
162	14	2.5	23	25	0	28	0	30
164	14	3	24	26	0	-28	0	28
166	14	3.5	-24	-26	0	26	0	29
168	15	1	0	25	0	27	0	30
170	15	1.5	23	-25	0	-27	0	-30
172	15	2	21	26	0	0	0	0
174	15	2.5	22	24	0	27	0	29
176	15	3	23	25	0	-27	0	27
178	15	3.5	-23	-25	0	25	0	28
180	16	1	0	24	0	26	0	29
182	16	1.5	22	-24	0	-26	0	-29
184	16	2	20	-24	0	0	0	0
186	16	2.5	21	-24	0	26	0	28
188	16	3	22	0	0	-26	0	26
190	16	3.5	-22	0	0	24	0	27
192	17	1	21	28	0	25	0	28
194	17	1.5	-21	-28	0	26	0	-28
196	17	2	-21	28	0	-26	0	0
198	17	2.5	-21	-28	0	25	0	0
199	17	2.75	-21	-28	0	24	0	0
200	17	3	-21	28	0	25	0	30
204	18	1	22	24	0	0	0	31
206	18	1.5	-22	-24	0	29	0	-31
210	18	2.5	-22	-24	0	28	0	30
211	18	2.75	-22	-24	0	-28	0	29
212	18	3	-22	-24	0	26	0	31
214	18	3.5	-22	-24	0	27	0	-31
216	19	1	0	0	0	28	0	30
218	19	1.5	21	0	0	-28	0	-30
220	19	2	19	0	0	0	0	28
222	19	2.5	20	0	0	27	0	29
224	19	3	21	0	0	25	0	30
226	19	3.5	-21	0	0	26	0	-30
228	20	1	0	0	0	27	0	29
230	20	1.5	20	0	0	-27	0	-29
232	20	2	18	0	0	0	0	27
234	20	2.5	19	0	0	26	0	28
236	20	3	20	0	0	24	0	29
238	20	3.5	-20	0	0	25	0	-29
240	21	1	0	0	0	26	0	28
242	21	1.5	19	28	0	-26	0	-28
244	21	2	17	26	0	0	0	-28
246	21	2.5	18	27	0	25	0	-28
248	21	3	19	28	0	23	0	-28
250	21	3.5	-19	-28	0	24	0	-28
252	22	1	0	0	0	25	0	0
254	22	1.5	18	27	0	-25	0	0
256	22	2	16	25	0	0	0	0
258	22	2.5	17	26	0	24	0	0
260	22	3	18	27	0	22	0	32
262	22	3.5	-18	-27	0	23	0	-32
264	23	1	17	0	0	24	0	33
266	23	1.5	-17	26	0	-24	0	35
267	23	1.75	-17	-26	0	25	0	-35
268	23	2	-17	24	0	26	0	-35
270	23	2.5	-17	25	0	27	0	34
272	23	3	-17	26	0	28	0	33
274	23	3.5	-17	-26	0	-28	0	32
275	23	3.75	-17	-26	0	-28	0	31
276	24	1	21	0	0	-28	0	30
278	24	1.5	-21	25	0	27	0	32
279	24	1.75	-21	-25	0	26	0	-32
280	24	2	-21	23	0	25	0	-32
281	24	2.25	-21	-23	0	-25	0	31
282	24	2.5	-21	24	0	26	0	31
284	24	3	-21	25	0	25	0	-31
286	24	3.5	-21	-25	0	28	0	30
288	25	1	17	24	0	26	0	31
290	25	1.5	-17	-24	0	27	0	-31
292	25	2	-17	-24	0	28	0	-31
296	25	3	-17	-24	0	29	0	-31
300	26	1	-17	-24	0	28	0	-31
312	27	1	0	0	0	0	0	0
312	27	1	24	0	0	0	0	28
318	27	4	-24	0	0	0	0	27
319	27	4.5	-24	0	0	0	0	26
320	28	1	-24	0	0	0	0	29
324	28	3	-24	0	0	0	0	28
328	29	1	23	0	0	0	0	0
330	29	2	-23	0	0	0	0	28
332	29	3	24	0	0	0	0	-28
334	29	4	-24	0	0	0	0	27
335	29	4.5	-24	0	0	0	0	26
336	30	1	-24	0	0	0	0	29
340	30	3	-24	0	0	0	0	28
344	31	1	23	0	0	0	0	0
346	31	2	-23	0	0	0	0	28
348	31	3	24	0	0	0	0	-28
349	31	3.5	-24	0	0	0	0	26
350	31	4	-24	0	0	0	0	29
353	32	1.5	-24	0	0	0	0	28
354	32	2	-24	0	0	0	0	27
355	32	2.5	-24	0	0	0	0	26
356	32	3	23	0	0	0	0	25
360	33	1	24	0	0	28	0	24
372	34	3	-24	0	0	-28	0	28
376	35	1	0	0	0	27	0	29
380	35	3	0	0	0	28	0	30
383	35	4.5	0	0	0	-28	0	31
384	36	1	0	0	0	-28	0	32
386	36	2	0	0	0	-28	0	33
390	36	4	0	0	0	-28	0	32
392	37	1	0	0	0	27	0	-32
394	37	2	0	0	0	-27	0	34
396	37	3	0	0	0	28	0	33
398	37	4	0	0	0	-28	0	32
402	38	2	0	0	0	-28	0	31
403	38	2.5	0	0	0	-28	0	30
404	38	3	25	0	0	27	0	29
406	38	4	-25	0	0	-27	0	32
407	38	4.5	24	0	0	-27	0	-32
408	39	1	23	0	0	28	0	-32
409	39	1.5	22	0	0	-28	0	31
410	39	2	24	0	0	-28	0	33
414	39	4	23	0	0	-28	0	32
415	39	4.5	22	0	0	-28	0	31
416	40	1	21	0	0	0	0	30
420	40	3	21	0	0	28	0	-30
423	40	4.5	-21	0	0	27	0	-30
424	41	1	22	0	0	26	0	0
425	41	1.5	-22	0	0	25	0	0
426	41	2	-22	0	0	27	0	0
428	41	3	18	0	0	-27	0	0
430	41	4	-18	0	0	26	0	0
431	41	4.5	-18	0	0	25	0	0
432	42	1	22	0	0	24	0	0
435	42	2.5	21	0	0	-24	0	0
436	42	3	19	0	0	24	0	0
438	42	4	20	0	0	-24	0	0
440	43	1	-20	0	0	25	0	0
442	43	2	21	0	0	-25	0	0
444	43	3	-21	0	0	21	0	0
446	43	4	17	0	0	-21	0	0
448	44	1	-17	0	0	22	0	0
450	44	2	20	0	0	-22	0	0
451	44	2.5	-20	0	0	23	0	0
452	44	3	-20	0	0	24	0	0
453	44	3.5	19	0	0	-24	0	0
454	44	4	20	0	0	-24	0	0
455	44	4.5	21	0	0	23	0	0
456	45	1	22	0	0	24	0	0
457	45	1.5	-22	0	0	25	0	0
458	45	2	-22	0	0	26	0	0
459	45	2.5	21	0	0	-26	0	0
460	45	3	22	0	0	-26	0	0
461	45	3.5	23	0	0	25	0	0
462	45	4	24	0	0	26	0	0
463	45	4.5	-24	0	0	27	0	0
464	46	1	-24	0	0	28	0	26
465	46	1.5	23	0	0	-28	0	-26
466	46	2	24	0	0	-28	0	-26
467	46	2.5	25	0	0	-28	0	27
468	46	3	26	0	0	0	0	28
470	46	4	27	0	0	0	0	29
474	47	2	26	0	0	0	0	30
476	47	3	-26	0	0	0	0	31
478	47	4	25	0	0	0	0	32
480	48	1	26	0	0	0	0	28
482	48	2	-26	0	0	28	0	-28
485	48	3.5	0	0	0	27	0	-28
486	48	4	19	0	0	26	0	-28
487	48	4.5	-19	0	0	25	0	-28
488	49	1	20	0	0	24	0	0
490	49	2	18	0	0	25	0	0
492	49	3	19	0	0	23	0	28
496	50	1	0	0	0	22	0	31
498	50	2	0	0	0	29	0	-31
501	50	3.5	0	0	0	28	0	-31
502	50	4	0	0	0	26	0	-31
504	51	1	0	0	0	27	0	32
506	51	2	0	0	0	28	0	-32
508	51	3	0	0	0	24	0	33
510	51	4	26	0	0	-24	0	-33
513	52	1.5	25	0	0	0	0	-33
514	52	2	23	0	0	0	0	32
516	52	3	24	0	0	0	0	33
518	52	4	25	0	0	0	0	32
520	53	1	21	0	0	0	0	-32
521	53	1.5	-21	0	0	0	0	31
522	53	2	-21	0	0	28	0	30
523	53	2.5	-21	0	0	-28	0	29
524	53	3	0	0	0	-28	0	30
525	53	3.5	0	0	0	27	0	-30
526	53	4	0	0	0	25	0	-30
528	54	1	0	0	0	26	0	31
530	54	2	0	0	0	27	0	-31
532	54	3	0	0	0	23	0	32
534	54	4	23	0	0	-23	0	-32
537	55	1.5	22	0	0	0	0	-32
538	55	2	20	0	0	0	0	-32
540	55	3	21	0	0	0	0	33
542	55	4	22	0	0	0	0	-33
544	56	1	18	0	0	0	0	34
546	56	2	-18	0	0	27	0	-34
549	56	3.5	0	0	0	26	0	-34
550	56	4	0	0	0	24	0	33
552	57	1	0	0	0	25	0	34
554	57	2	0	0	0	26	0	33
556	57	3	0	0	0	22	0	-33
557	57	3.5	0	0	0	-22	0	32
558	57	4	22	0	0	-22	0	31
559	57	4.5	-22	0	0	-22	0	30
560	58	1	-22	0	0	0	0	29
561	58	1.5	21	0	0	0	0	-29
562	58	2	19	0	0	0	0	28
564	58	3	20	0	0	0	0	29
566	58	4	21	0	0	0	0	28
568	59	1	17	0	0	24	0	-28
569	59	1.5	-17	0	0	-24	0	27
570	59	2	-17	0	0	-24	0	26
571	59	2.5	-17	0	0	25	0	25
572	59	3	0	0	0	26	0	24
573	59	3.5	0	0	0	27	0	-24
574	59	4	0	0	0	26	0	-24
576	60	1	24	0	0	-26	0	0
578	60	2	-24	0	0	25	0	0
579	60	2.5	-24	0	0	24	0	0
580	60	3	23	0	0	25	0	0
582	60	4	24	0	0	24	0	0
584	61	1	-24	0	0	26	0	28
586	61	2	23	0	0	27	0	-28
587	61	2.5	22	0	0	-27	0	29
588	61	3	21	0	0	28	0	30
589	61	3.5	-21	0	0	-28	0	31
590	61	4	-21	0	0	-28	0	30
594	62	2	0	0	0	28	0	29
595	62	2.5	0	0	0	-28	0	28
596	62	3	0	0	0	27	0	29
598	62	4	0	0	0	28	0	28
600	63	1	0	0	0	-28	0	30
602	63	2	0	0	0	27	0	31
603	63	2.5	0	0	0	26	0	-31
604	63	3	0	0	0	25	0	32
606	63	4	23	0	0	-25	0	-32
610	64	2	22	0	0	-25	0	32
611	64	2.5	21	0	0	-25	0	-32
612	64	3	22	0	0	0	0	31
614	64	4	21	0	0	0	0	32
616	65	1	25	0	0	0	0	-32
618	65	2	-25	0	0	0	0	31
619	65	2.5	-25	0	0	0	0	30
620	65	3	-25	0	0	0	0	29
622	65	4	-25	0	0	27	0	-29
624	66	1	22	0	0	26	0	0
626	66	2	-22	0	0	27	0	0
628	66	3	23	0	0	-27	0	0
630	66	4	-23	0	0	26	0	0
631	66	4.5	-23	0	0	25	0	0
632	67	1	22	0	0	24	0	0
634	67	2	-22	0	0	-24	0	33
636	67	3	23	0	0	0	0	32
638	67	4	21	0	0	0	0	33
640	68	1	22	0	0	0	0	-33
642	68	2	-22	0	0	0	0	32
643	68	2.5	-22	0	0	0	0	31
644	68	3	21	0	0	0	0	30
646	68	4	-21	0	0	28	0	-30
648	69	1	22	0	0	27	0	0
650	69	2	21	0	0	28	0	0
652	69	3	23	0	0	-28	0	0
654	69	4	24	0	0	27	0	35
655	69	4.5	-24	0	0	26	0	-35
656	70	1	25	0	0	25	0	34
658	70	2	26	0	0	24	0	35
662	70	4	24	0	0	28	0	34
663	70	4.5	-24	0	0	-28	0	33
664	71	1	25	0	0	27	0	32
666	71	2	23	0	0	28	0	-32
668	71	3	24	0	0	-28	0	0
670	71	4	-24	0	0	27	0	0
671	71	4.5	-24	0	0	26	0	0
672	72	1	23	0	0	25	0	0
674	72	2	24	0	0	24	0	33
676	72	3	23	0	0	25	0	32
678	72	4	24	0	0	24	0	33
680	73	1	-24	0	0	26	0	-33
681	73	1.5	-24	0	0	-26	0	32
682	73	2	22	0	0	27	0	31
684	73	3	21	0	0	28	0	-31
686	73	4	-21	0	0	-28	0	30
688	74	1	20	0	0	29	0	31
696	75	1	24	0	0	28	0	-31
704	76	1	0	0	0	0	0	0
704	76	1	17	24	0	28	0	0
706	76	1	-17	-24	28	-28	0	0
708	76	1	-17	-24	-28	26	0	0
710	76	1	-17	-24	26	28	0	0
712	77	1	-17	-24	28	-28	0	0
713	77	1	-17	-24	-28	27	0	0
714	77	1	-17	-24	-28	26	0	0
715	77	1	-17	-24	27	25	0	0
716	77	1	-17	-24	26	24	0	0
717	77	1	-17	-24	25	-24	0	0
718	77	1	-17	-24	24	28	0	0
720	78	1	-17	24	28	26	0	0
722	78	1	-17	-24	26	-26	0	0
723	78	1	-17	-24	-26	27	0	0
724	78	1	-17	-24	-26	28	0	0
725	78	1	-17	-24	27	-28	0	0
726	78	1	-17	-24	28	-28	0	0
727	78	1	-17	-24	-28	27	0	0
728	79	1	21	23	-28	25	0	32
729	79	1	-21	-23	27	-25	0	-32
730	79	1	-21	-23	25	-25	32	-32
732	79	1	-21	-23	-25	-25	-32	30
734	79	1	-21	-23	-25	-25	30	32
736	80	1	21	-23	-25	0	32	-32
737	80	1	-21	-23	-25	0	-32	31
738	80	1	-21	-23	0	0	-32	30
739	80	1	-21	-23	0	0	31	29
740	80	1	-21	-23	0	0	30	28
741	80	1	-21	-23	0	0	29	-28
742	80	1	-21	-23	0	0	28	30
744	81	1	-21	23	0	0	30	28
746	81	1	-21	-23	0	0	28	30
748	81	1	-21	-23	0	0	30	-30
749	81	1	-21	-23	0	0	-30	29
750	81	1	-21	-23	0	0	-30	28
751	81	1	-21	-23	0	0	29	27
752	82	1	0	24	0	28	28	26
753	82	1	0	-24	0	-28	27	-26
754	82	1	0	-24	28	-28	26	-26
756	82	1	0	-24	-28	26	-26	-26
758	82	1	0	-24	26	28	-26	-26
760	83	1	17	-24	28	-28	-26	-26
761	83	1	-17	-24	-28	27	-26	-26
762	83	1	-17	-24	-28	26	-26	-26
763	83	1	-17	-24	27	25	-26	-26
764	83	1	-17	21	26	24	-26	-26
765	83	1	-17	-21	25	-24	-26	-26
766	83	1	-17	-21	24	26	-26	-26
768	84	1	-17	-21	26	24	-26	-26
770	84	1	-17	-21	24	26	-26	-26
772	84	1	-17	-21	26	-26	-26	-26
773	84	1	-17	-21	-26	25	-26	-26
774	84	1	-17	-21	-26	24	-26	-26
775	84	1	-17	-21	25	23	-26	-26
776	85	1	17	0	24	22	-26	0
777	85	1	-17	0	23	21	-26	0
778	85	1	-17	0	22	24	0	0
779	85	1	-17	0	21	-24	0	0
780	85	1	-17	0	24	0	0	0
782	85	1	-17	0	0	24	0	0
784	86	1	-17	0	24	-24	0	0
785	86	1	-17	0	-24	23	0	0
786	86	1	-17	0	-24	22	0	0
787	86	1	-17	0	23	21	0	0
788	86	1	18	0	22	20	0	0
789	86	1	-18	0	21	-20	0	0
790	86	1	-18	0	20	27	0	0
792	87	1	-18	0	27	-27	0	0
793	87	1	-18	0	-27	26	0	0
794	87	1	-18	0	-27	25	0	0
795	87	1	-18	0	26	-25	0	0
796	87	1	-18	0	25	-25	0	0
797	87	1	-18	0	-25	24	0	0
798	87	1	-18	0	-25	23	0	0
799	87	1	-18	0	24	22	0	0
800	88	1	19	0	23	21	0	0
801	88	1	-19	0	22	-21	0	0
802	88	1	-19	0	21	28	0	0
804	88	1	-19	0	28	-28	0	0
805	88	1	-19	0	-28	27	0	0
806	88	1	-19	0	-28	26	0	0
807	88	1	-19	0	27	-26	0	0
808	89	1	-19	0	26	-26	0	0
809	89	1	-19	0	-26	25	0	0
810	89	1	-19	0	-26	24	0	0
811	89	1	-19	0	25	23	0	0
812	89	1	20	0	24	22	0	0
813	89	1	-20	0	23	-22	0	0
814	89	1	-20	0	22	29	0	0
816	90	1	-20	0	29	-29	0	0
817	90	1	-20	0	-29	28	0	0
818	90	1	-20	0	-29	27	0	0
819	90	1	-20	0	28	-27	0	0
820	90	1	-20	0	27	-27	0	0
821	90	1	-20	0	-27	26	0	0
822	90	1	-20	0	-27	25	0	0
823	90	1	-20	0	26	24	0	0
824	91	1	21	0	25	23	0	28
825	91	1	-21	0	24	-23	0	-28
826	91	1	-21	0	23	-23	28	-28
827	91	1	-21	0	-23	-23	-28	29
828	91	1	-21	0	-23	0	-28	30
829	91	1	-21	0	-23	0	29	-30
830	91	1	-21	0	0	0	30	28
832	92	1	21	0	0	21	28	30
834	92	1	-21	0	21	-21	30	-30
835	92	1	-21	0	-21	22	-30	31
836	92	1	-21	0	-21	23	-30	32
837	92	1	-21	0	22	-23	31	-32
838	92	1	-21	0	23	21	32	30
840	93	1	-21	0	21	28	30	32
841	93	1	-21	0	-21	-28	-30	31
842	93	1	-21	0	28	26	32	30
843	93	1	-21	0	-28	-26	31	29
844	93	1	-21	0	26	28	30	30
845	93	1	-21	0	-26	27	29	-30
846	93	1	-21	0	28	26	30	0
847	93	1	-21	0	27	25	-30	0
848	94	1	0	24	26	26	0	31
849	94	1	0	-24	25	-26	0	-31
850	94	1	0	-24	26	-26	31	-31
851	94	1	0	-24	-26	-26	-31	32
852	94	1	0	-24	-26	0	-31	33
853	94	1	0	-24	-26	0	32	-33
854	94	1	0	-24	0	0	33	31
856	95	1	17	-24	0	24	31	33
858	95	1	-17	-24	24	-24	33	-33
859	95	1	-17	-24	-24	25	-33	34
860	95	1	-17	-24	-24	26	-33	35
861	95	1	-17	-24	25	-26	34	-35
862	95	1	-17	-24	26	24	35	33
864	96	1	-17	24	24	26	33	35
865	96	1	-17	-24	-24	-26	-33	34
866	96	1	-17	-24	26	-26	35	33
867	96	1	-17	-24	-26	27	34	32
868	96	1	-17	-24	-26	28	33	33
869	96	1	-17	-24	27	-28	32	-33
870	96	1	-17	-24	28	-28	33	0
871	96	1	-17	-24	-28	27	-33	0
872	97	1	21	23	-28	25	0	32
873	97	1	-21	-23	27	-25	0	-32
874	97	1	-21	-23	25	-25	32	-32
875	97	1	-21	-23	-25	-25	-32	31
876	97	1	-21	-23	-25	0	-32	30
877	97	1	-21	-23	-25	0	31	29
878	97	1	-21	-23	0	0	30	30
879	97	1	-21	-23	0	0	29	-30
880	98	1	-21	-23	0	0	30	28
882	98	1	-21	-23	0	0	28	-28
883	98	1	-21	-23	0	0	-28	27
884	98	1	17	24	0	24	-28	26
885	98	1	-17	-24	0	-24	27	25
886	98	1	-17	-24	24	28	26	26
887	98	1	-17	-24	-24	-28	25	-26
888	99	1	-17	-24	28	-28	26	0
889	99	1	-17	-24	-28	27	-26	0
890	99	1	-17	-24	-28	26	0	0
891	99	1	-17	-24	27	25	0	0
892	99	1	-17	-24	26	26	0	0
893	99	1	-17	-24	25	-26	0	0
894	99	1	-17	-24	26	0	0	0
896	100	1	18	22	0	0	0	25
898	100	1	-18	-22	0	0	25	29
900	100	1	-18	-22	0	0	29	-29
901	100	1	-18	-22	0	0	-29	28
902	100	1	-18	-22	0	0	-29	27
903	100	1	-18	-22	0	0	28	26
904	101	1	-18	-22	0	0	27	27
905	101	1	-18	-22	0	0	26	-27
906	101	1	-18	-22	0	0	27	0
908	101	1	19	21	0	28	0	0
910	101	1	-19	-21	28	-28	0	0
911	101	1	-19	-21	-28	27	0	0
912	102	1	-19	-21	-28	28	0	0
913	102	1	-19	-21	27	-28	0	0
914	102	1	-19	-21	28	26	0	0
916	102	1	-19	-21	26	-26	0	0
917	102	1	-19	-21	-26	25	0	0
918	102	1	-19	-21	-26	24	0	0
919	102	1	-19	-21	25	23	0	0
920	103	1	20	24	24	22	0	29
921	103	1	-20	-24	23	-22	0	-29
922	103	1	-20	-24	22	-22	29	-29
923	103	1	-20	-24	-22	-22	-29	30
924	103	1	-20	-24	-22	29	-29	31
925	103	1	-20	-24	-22	-29	30	-31
926	103	1	-20	-24	29	27	31	29
928	104	1	-20	-24	27	29	29	31
930	104	1	-20	-24	29	-29	31	-31
931	104	1	-20	-24	-29	28	-31	32
932	104	1	17	-24	-29	26	-31	33
933	104	1	-17	-24	28	-26	32	-33
934	104	1	-17	-24	26	-26	33	31
936	105	1	-17	24	-26	0	31	28
938	105	1	-17	-24	0	0	28	31
940	105	1	-17	-24	0	0	31	-31
941	105	1	-17	-24	0	0	-31	30
942	105	1	-17	-24	0	0	-31	29
943	105	1	-17	-24	0	0	30	28
944	106	1	0	25	0	0	29	27
945	106	1	0	-25	0	0	28	-27
946	106	1	0	-25	0	0	27	25
948	106	1	0	-25	0	0	25	27
950	106	1	0	-25	0	0	27	-27
951	106	1	0	-25	0	0	-27	28
952	107	1	0	-25	0	0	-27	29
953	107	1	0	-25	0	0	28	-29
954	107	1	0	-25	0	0	29	27
956	107	1	0	-25	0	0	27	29
958	107	1	0	-25	0	0	29	-29
959	107	1	0	-25	0	0	-29	28
960	108	1	0	24	0	24	-29	26
961	108	1	0	-24	0	25	28	-26
962	108	1	0	-24	24	26	26	-26
963	108	1	0	-24	25	27	-26	-26
964	108	1	0	-24	26	28	-26	0
965	108	1	0	-24	27	-28	-26	0
966	108	1	0	-24	28	-28	0	0
967	108	1	0	-24	-28	27	0	0
968	109	1	0	23	-28	25	0	0
969	109	1	0	-23	27	-25	0	0
970	109	1	0	-23	25	-25	0	0
971	109	1	0	-23	-25	26	0	0
972	109	1	0	-23	-25	27	0	0
973	109	1	0	-23	26	-27	0	0
974	109	1	0	-23	27	-27	0	0
975	109	1	0	-23	-27	26	0	0
976	110	1	0	22	-27	24	0	29
977	110	1	0	-22	26	-24	0	-29
978	110	1	0	-22	24	-24	29	-29
979	110	1	0	-22	-24	-24	-29	30
980	110	1	0	-22	-24	0	-29	31
981	110	1	0	-22	-24	0	30	-31
982	110	1	0	-22	0	0	31	29
984	111	1	0	-22	0	0	29	31
986	111	1	0	-22	0	0	31	-31
987	111	1	0	-22	0	0	-31	32
988	111	1	0	-22	0	0	-31	33
989	111	1	0	-22	0	0	32	-33
990	111	1	0	-22	0	0	33	-33
991	111	1	0	-22	0	0	-33	32
992	112	1	0	21	0	28	-33	30
993	112	1	0	-21	0	-28	32	-30
994	112	1	0	-21	28	-28	30	-30
996	112	1	0	-21	-28	25	-30	-30
998	112	1	0	-21	25	28	-30	-30
1000	113	1	0	0	28	-28	-30	0
1001	113	1	0	0	-28	27	-30	0
1002	113	1	0	0	-28	26	0	0
1003	113	1	0	0	27	25	0	0
1004	113	1	0	0	26	28	0	0
1005	113	1	0	0	25	-28	0	0
1006	113	1	0	0	28	-28	0	0
1007	113	1	0	0	-28	27	0	0
1008	114	1	21	0	-28	25	0	0
1009	114	1	-21	0	27	-25	0	0
1010	114	1	-21	0	25	28	0	0
1012	114	1	-21	0	28	-28	0	0
1013	114	1	-21	0	-28	27	0	0
1014	114	1	-21	0	-28	26	0	0
1015	114	1	-21	0	27	25	0	0
1016	115	1	22	0	26	24	0	0
1017	115	1	-22	0	25	-24	0	0
1018	115	1	-22	0	24	-24	0	31
1020	115	1	-22	0	-24	-24	31	-31
1021	115	1	-22	0	-24	-24	-31	30
1022	115	1	-22	0	-24	-24	-31	29
1023	115	1	-22	0	-24	-24	30	28
1024	116	1	-22	0	-24	0	29	27
1025	116	1	-22	0	-24	0	28	26
1026	116	1	-22	0	0	0	27	29
1027	116	1	-22	0	0	0	26	-29
1028	116	1	-22	0	0	0	29	-29
1029	116	1	-22	0	0	0	-29	28
1030	116	1	-22	0	0	0	-29	27
1031	116	1	-22	0	0	0	28	26
1032	117	1	23	0	0	0	27	25
1033	117	1	-23	0	0	0	26	-25
1034	117	1	-23	0	0	0	25	32
1035	117	1	-23	0	0	0	-25	31
1036	117	1	-23	0	0	0	32	30
1037	117	1	-23	0	0	0	31	29
1038	117	1	-23	0	0	0	30	28
1039	117	1	-23	0	0	0	29	-28
1040	118	1	24	0	0	0	28	-28
1042	118	1	-24	0	0	0	-28	31
1044	118	1	-24	0	0	0	31	-31
1045	118	1	-24	0	0	0	-31	30
1046	118	1	-24	0	0	0	-31	29
1047	118	1	-24	0	0	0	30	28
1048	119	1	25	0	0	25	29	27
1049	119	1	-25	0	0	-25	28	-27
1050	119	1	-25	0	25	29	27	-27
1052	119	1	-25	0	29	27	-27	0
1054	119	1	-25	0	27	25	0	0
1056	120	1	-25	0	25	29	0	0
1058	120	1	-25	0	29	27	0	0
1060	120	1	-25	0	27	29	0	0
1062	120	1	-25	0	29	-29	0	0
1063	120	1	-25	0	-29	28	0	0
1064	121	1	24	17	-29	26	0	0
1065	121	1	-24	-17	28	-26	0	0
1066	121	1	-24	-17	26	28	0	0
1068	121	1	-24	-17	28	-28	0	0
1069	121	1	-24	-17	-28	27	0	0
1070	121	1	-24	-17	-28	26	0	0
1071	121	1	-24	-17	27	25	0	0
1072	122	1	24	-17	26	26	0	0
1073	122	1	-24	-17	25	-26	0	0
1074	122	1	-24	-17	26	24	0	0
1076	122	1	-24	20	24	-24	0	0
1077	122	1	-24	-20	-24	23	0	0
1078	122	1	-24	-20	-24	22	0	0
1079	122	1	-24	-20	23	21	0	0
1080	123	1	-24	-20	22	22	0	0
1081	123	1	-24	-20	21	-22	0	0
1082	123	1	-24	-20	22	-22	0	0
1088	124	1	21	19	0	0	0	0
1100	125	1	22	18	0	0	0	0
1112	127	1	24	17	0	0	0	26
1113	127	1	-24	-17	0	0	0	27
1114	127	1	-24	-17	0	0	26	28
1115	127	1	-24	-17	0	0	27	29
1116	127	1	-24	-17	0	0	28	28
1117	127	1	-24	-17	0	0	29	-28
1118	127	1	-24	-17	0	0	28	26
1120	128	1	-24	-17	0	0	26	28
1122	128	1	-24	-17	0	0	28	-28
1123	128	1	-24	-17	0	0	-28	27
1124	128	1	23	21	0	0	-28	25
1125	128	1	-23	-21	0	0	27	-25
1126	128	1	-23	-21	0	0	25	32
1128	129	1	-23	-21	0	0	32	-32
1129	129	1	-23	-21	0	0	-32	31
1130	129	1	-23	-21	0	0	-32	30
1131	129	1	-23	-21	0	0	31	29
1132	129	1	-23	-21	0	0	30	28
1133	129	1	-23	-21	0	0	29	-28
1134	129	1	-23	-21	0	0	28	-28
1136	130	1	24	17	0	26	-28	0
1137	130	1	-24	-17	0	27	-28	0
1138	130	1	-24	-17	26	28	0	0
1139	130	1	-24	-17	27	29	0	0
1140	130	1	-24	-17	28	28	0	0
1141	130	1	-24	-17	29	-28	0	0
1142	130	1	-24	-17	28	26	0	0
1144	131	1	24	-17	26	0	0	26
1145	131	1	-24	-17	-26	0	0	27
1146	131	1	-24	-17	0	0	26	28
1147	131	1	-24	-17	0	0	27	29
1148	131	1	-24	-17	0	0	28	28
1149	131	1	-24	-17	0	0	29	-28
1150	131	1	-24	-17	0	0	28	26
1152	132	1	-24	0	0	24	26	0
1153	132	1	-24	0	0	25	-26	0
1154	132	1	-24	0	24	26	0	0
1155	132	1	-24	0	25	27	0	0
1156	132	1	-24	0	26	28	0	0
1157	132	1	-24	0	27	-28	0	0
1158	132	1	-24	0	28	-28	0	0
1159	132	1	-24	0	-28	27	0	0
1160	133	1	0	21	-28	25	0	30
1161	133	1	0	-21	27	-25	0	31
1162	133	1	0	-21	25	-25	30	32
1163	133	1	0	-21	-25	-25	31	33
1164	133	1	0	-21	-25	0	32	32
1165	133	1	0	-21	-25	0	33	-32
1166	133	1	0	-21	0	0	32	30
1168	134	1	0	-21	0	23	30	0
1169	134	1	0	-21	0	24	-30	0
1170	134	1	0	-21	23	25	0	0
1171	134	1	0	-21	24	26	0	0
1172	134	1	0	-21	25	25	0	0
1173	134	1	0	-21	26	-25	0	0
1174	134	1	0	-21	25	23	0	0
1176	135	1	0	21	23	28	0	28
1177	135	1	0	-21	-23	-28	0	29
1178	135	1	0	-21	28	-28	28	30
1179	135	1	0	-21	-28	27	29	31
1180	135	1	0	-21	-28	25	30	32
1181	135	1	0	-21	27	-25	31	-32
1182	135	1	0	-21	25	-25	32	-32
1183	135	1	0	-21	-25	26	-32	31
1184	136	1	0	20	-25	27	-32	29
1185	136	1	0	-20	26	-27	31	-29
1186	136	1	0	-20	27	-27	29	-29
1187	136	1	0	-20	-27	26	-29	30
1188	136	1	0	-20	-27	24	-29	31
1189	136	1	0	-20	26	-24	30	-31
1190	136	1	0	-20	24	0	31	29
1192	137	1	0	-20	0	24	29	31
1194	137	1	0	-20	24	-24	31	-31
1195	137	1	0	-20	-24	25	-31	30
1196	137	1	0	19	-24	26	-31	28
1197	137	1	0	-19	25	-26	30	-28
1198	137	1	0	-19	26	-26	28	-28
1199	137	1	0	-19	-26	25	-28	-28
1200	138	1	0	-19	-26	23	-28	0
1201	138	1	0	-19	25	-23	-28	0
1202	138	1	0	-19	23	0	0	0
1204	138	1	0	-19	0	23	0	0
1206	138	1	0	-19	23	-23	0	0
1207	138	1	0	-19	-23	24	0	0
1208	139	1	0	18	-23	25	0	27
1209	139	1	0	-18	24	-25	0	-27
1210	139	1	0	-18	25	-25	27	-27
1211	139	1	0	-18	-25	24	-27	28
1212	139	1	0	-18	-25	22	-27	29
1213	139	1	0	-18	24	-22	28	-29
1214	139	1	0	-18	22	0	29	27
1216	140	1	0	-18	0	22	27	29
1218	140	1	0	-18	22	-22	29	-29
1219	140	1	0	-18	-22	23	-29	28
1220	140	1	0	17	-22	24	-29	26
1221	140	1	0	-17	23	-24	28	-26
1222	140	1	0	-17	24	-24	26	-26
1223	140	1	0	-17	-24	23	-26	27
1224	141	1	0	-17	-24	21	-26	28
1225	141	1	0	-17	23	-21	27	-28
1226	141	1	0	-17	21	24	28	26
1228	141	1	0	-17	24	-24	26	28
1229	141	1	0	-17	-24	25	-26	-28
1230	141	1	0	-17	-24	26	28	24
1231	141	1	0	-17	25	27	-28	-24
1232	142	1	21	17	26	28	24	0
1233	142	1	-21	-17	27	-28	-24	0
1234	142	1	-21	-17	28	24	0	26
1236	142	1	-21	-17	24	0	26	-26
1238	142	1	-21	-17	0	26	-26	24
1240	143	1	-21	-17	26	-26	24	28
1242	143	1	-21	-17	-26	24	28	-28
1243	143	1	-21	-17	-26	-24	-28	27
1244	143	1	24	-17	24	28	-28	26
1245	143	1	-24	-17	-24	-28	27	25
1246	143	1	-24	-17	28	-28	26	24
1247	143	1	-24	-17	-28	27	25	-24
1248	144	1	-24	0	-28	26	24	0
1249	144	1	-24	0	27	25	-24	0
1250	144	1	-24	0	26	24	0	28
1251	144	1	-24	0	25	-24	0	-28
1252	144	1	-24	0	24	0	28	26
1254	144	1	-24	0	0	21	26	28
1256	145	1	23	21	21	-21	28	25
1257	145	1	-23	-21	-21	22	-28	-25
1258	145	1	-23	-21	-21	23	25	28
1259	145	1	-23	-21	22	24	-25	-28
1260	145	1	-23	-21	23	25	28	-28
1261	145	1	-23	-21	24	-25	-28	29
1262	145	1	-23	-21	25	21	-28	30
1263	145	1	-23	-21	-25	-21	29	31
1264	146	1	23	-21	21	0	30	32
1265	146	1	-23	-21	-21	0	31	-32
1266	146	1	-23	-21	0	25	32	28
1268	146	1	-23	-21	25	23	28	0
1270	146	1	-23	-21	23	25	0	32
1272	147	1	-23	21	25	21	32	-32
1273	147	1	-23	-21	-25	-21	-32	31
1274	147	1	-23	-21	21	0	-32	30
1275	147	1	-23	-21	-21	0	31	29
1276	147	1	-23	-21	0	28	30	30
1277	147	1	-23	-21	0	-28	29	-30
1278	147	1	-23	-21	28	-28	30	28
1279	147	1	-23	-21	-28	27	-30	-28
1280	148	1	24	17	-28	26	28	0
1281	148	1	-24	-17	27	25	-28	0
1282	148	1	-24	-17	26	26	0	28
1283	148	1	-24	-17	25	-26	0	-28
1284	148	1	-24	-17	26	24	28	-28
1285	148	1	-24	-17	-26	-24	-28	27
1286	148	1	-24	-17	24	28	-28	26
1287	148	1	-24	-17	-24	-28	27	25
1288	149	1	24	-17	28	0	26	26
1289	149	1	-24	-17	-28	0	25	-26
1290	149	1	-24	-17	0	28	26	24
1292	149	1	-24	-17	28	-28	24	26
1293	149	1	-24	-17	-28	27	-24	-26
1294	149	1	-24	-17	-28	26	26	-26
1295	149	1	-24	-17	27	25	-26	27
1296	150	1	-24	-17	26	26	-26	28
1297	150	1	-24	-17	25	-26	27	-28
1298	150	1	-24	-17	26	-26	28	-28
*-	*-	*-	*-	*-	*-	*-	*-	*-
