**absq	**bar	**beat	**b7	**b7	**b7	**b7
0	1	1	0	0	32	36
4	1	3	0	0	-32	37
6	1	4	0	0	32	-37
8	2	1	0	0	32	34
11	2	2.5	0	0	-32	35
12	2	3	0	0	31	36
16	3	1	25	29	32	36
20	3	3	-25	30	-32	32
22	3	4	25	-30	31	-32
24	4	1	25	27	29	0
26	4	2	-25	-27	30	0
27	4	2.5	-25	28	-30	0
28	4	3	24	29	31	33
30	4	4	-24	-29	29	-33
32	5	1	25	29	-29	34
34	5	2	-25	-29	32	-34
35	5	2.5	-25	-29	-32	33
36	5	3	23	25	-32	34
37	5	3.5	-23	-25	31	-34
38	5	4	-23	-25	30	35
39	5	4.5	-23	-25	29	-35
40	6	1	24	0	28	-35
41	6	1.5	-24	0	-28	34
42	6	2	-24	0	-28	33
43	6	2.5	-24	0	-28	32
44	6	3	24	26	-28	33
48	7	1	25	27	0	32
51	7	2.5	-25	26	0	-32
52	7	3	0	27	32	-32
54	7	4	0	28	-32	-32
56	8	1	0	-28	30	35
57	8	1.5	0	27	-30	-35
58	8	2	0	26	-30	-35
59	8	2.5	0	25	-30	-35
60	8	3	0	26	31	-35
64	9	1	0	25	32	34
66	9	2	25	-25	-32	-34
67	9	2.5	-25	-25	31	-34
68	9	3	-25	-25	29	32
70	9	4	23	-25	30	-32
72	10	1	24	0	26	33
74	10	2	22	0	-26	-33
75	10	2.5	-22	0	27	-33
76	10	3	21	0	28	30
77	10	3.5	-21	0	29	-30
78	10	4	-21	0	28	-30
79	10	4.5	20	0	-28	29
80	11	1	21	0	-28	30
81	11	1.5	-21	0	27	31
82	11	2	23	0	25	32
84	11	3	22	0	26	-32
85	11	3.5	-22	0	-26	31
86	11	4	-22	0	-26	31
87	11	4.5	-22	0	-26	30
88	12	1	21	28	30	32
96	13	1	0	27	29	-32
98	13	2	25	-27	-29	-32
100	13	3	-25	25	30	-32
102	13	4	23	-25	-30	-32
104	14	1	24	26	28	0
106	14	2	22	-26	29	0
108	14	3	21	23	25	0
110	14	4	-21	-23	28	0
111	14	4.5	20	22	-28	0
112	15	1	21	23	-28	0
113	15	1.5	-21	24	27	0
114	15	2	23	25	25	0
116	15	3	22	-25	26	0
117	15	3.5	-22	24	-26	0
118	15	4	-22	24	-26	0
119	15	4.5	-22	23	-26	0
120	16	1	0	25	25	36
124	16	3	0	-25	32	34
127	16	4.5	0	-25	-32	33
128	17	1	0	0	30	35
131	17	2.5	0	0	29	-35
132	17	3	0	29	31	36
136	18	1	25	27	32	0
139	18	2.5	-25	26	-32	0
140	18	3	23	28	-32	0
143	18	4.5	22	-28	-32	0
144	19	1	24	29	0	0
146	19	2	-24	-29	0	36
148	19	3	25	-29	0	36
150	19	4	-25	-29	32	-36
151	19	4.5	-25	-29	-32	35
152	20	1	0	0	32	34
154	20	2	0	0	-32	33
155	20	2.5	0	0	31	-33
156	20	3	0	0	30	35
158	20	4	0	0	29	34
160	21	1	0	0	31	-34
161	21	1.5	0	0	-31	33
162	21	2	0	0	-31	36
163	21	2.5	0	0	32	-36
164	21	3	0	0	30	-36
166	21	4	0	0	-30	35
168	22	1	0	0	29	36
170	22	2	0	29	-29	-36
172	22	3	0	29	0	-36
174	22	4	25	-29	0	-36
175	22	4.5	-25	28	0	-36
176	23	1	25	27	0	0
178	23	2	-25	26	0	0
179	23	2.5	24	-26	0	0
180	23	3	23	28	0	0
182	23	4	22	27	0	0
184	24	1	24	-27	0	0
185	24	1.5	-24	26	0	0
186	24	2	25	29	0	0
188	24	3	23	-29	32	0
190	24	4	-23	28	-32	0
192	25	1	22	29	31	0
196	25	3	-22	-29	-31	36
198	25	4	-22	-29	30	-36
199	25	4.5	-22	-29	29	-36
200	26	1	0	0	30	34
201	26	1.5	0	0	29	-34
202	26	2	0	0	28	35
203	26	2.5	0	0	27	-35
204	26	3	0	0	26	-35
205	26	3.5	0	0	-26	34
206	26	4	0	0	33	33
207	26	4.5	0	0	-33	32
208	27	1	0	0	-33	31
209	27	1.5	0	0	32	-31
210	27	2	0	0	32	32
212	27	3	22	29	-32	33
214	27	4	-22	-29	31	-33
216	28	1	23	27	32	32
218	28	2	-23	28	-32	-32
219	28	2.5	-23	-28	31	-32
220	28	3	21	-28	30	0
221	28	3.5	-21	27	29	0
222	28	4	24	26	28	0
223	28	4.5	-24	25	27	0
224	29	1	-24	24	26	0
225	29	1.5	25	-24	25	0
226	29	2	23	25	32	0
228	29	3	22	26	-32	0
229	29	3.5	-22	-26	31	0
230	29	4	-22	-26	31	0
231	29	4.5	-22	-26	30	0
232	30	1	25	25	32	0
234	30	2	-25	-25	-32	36
236	30	3	-25	-25	0	37
238	30	4	-25	-25	32	36
240	31	1	0	0	33	35
241	31	1.5	0	0	-33	34
242	31	2	0	0	32	37
244	31	3	0	0	31	-37
245	31	3.5	0	0	-31	36
246	31	4	0	0	29	36
248	32	1	0	0	30	-36
250	32	2	0	0	-30	35
252	32	3	0	0	29	36
254	32	4	0	29	-29	-36
256	33	1	0	30	0	0
258	33	2	25	29	0	0
260	33	3	26	28	0	0
261	33	3.5	-26	27	0	0
262	33	4	25	30	0	0
264	34	1	24	-30	0	0
265	34	1.5	-24	29	0	0
266	34	2	22	29	0	0
268	34	3	23	-29	25	0
270	34	4	-23	28	-25	0
272	35	1	22	29	26	0
276	35	3	-22	0	27	0
278	35	4	-22	29	-27	0
280	36	1	0	30	28	32
283	36	2.5	0	-30	27	-32
284	36	3	0	31	26	33
288	37	1	0	32	25	34
291	37	2.5	0	31	-25	-34
292	37	3	0	30	28	35
293	37	3.5	0	29	-28	-35
294	37	4	0	28	-28	-35
295	37	4.5	0	27	29	-35
296	38	1	0	26	30	-35
297	38	1.5	0	-26	31	-35
298	38	2	0	25	32	34
300	38	3	0	29	-32	33
301	38	3.5	0	-29	31	-33
302	38	4	0	-29	31	-33
303	38	4.5	0	-29	30	-33
304	39	1	0	25	32	32
306	39	2	0	32	-32	-32
307	39	2.5	0	-32	-32	33
308	39	3	0	-32	0	34
309	39	3.5	0	31	0	35
310	39	4	0	29	0	36
312	40	1	0	30	0	-36
314	40	2	0	-30	0	35
316	40	3	0	29	0	36
318	40	4	25	-29	0	-36
320	41	1	26	0	0	0
322	41	2	27	0	29	0
324	41	3	28	0	30	0
326	41	4	26	0	31	0
328	42	1	25	0	32	0
330	42	2	27	29	-32	0
332	42	3	26	30	28	0
334	42	4	-26	31	-28	0
336	43	1	25	32	29	0
338	43	2	-25	-32	27	36
339	43	2.5	-25	31	-27	-36
340	43	3	0	30	28	37
342	43	4	0	29	29	38
344	44	1	0	32	25	39
347	44	2.5	0	31	-25	-39
348	44	3	0	30	0	-39
350	44	4	0	29	0	38
352	45	1	0	28	0	37
354	45	2	0	27	29	36
356	45	3	0	26	30	35
358	45	4	0	25	32	34
360	46	1	0	29	-32	33
361	46	1.5	0	-29	30	-33
362	46	2	22	-29	31	-33
363	46	2.5	-22	28	-31	-33
364	46	3	23	27	32	32
366	46	4	24	26	29	33
368	47	1	25	25	-29	34
369	47	1.5	-25	-25	27	-34
370	47	2	23	-25	28	32
372	47	3	22	24	29	34
374	47	4	24	-24	26	33
376	48	1	23	25	27	-33
377	48	1.5	-23	-25	-27	32
378	48	2	-23	-25	28	32
380	48	3	22	26	29	-32
382	48	4	-22	-26	-29	31
384	49	1	0	25	27	32
388	49	3	29	-25	-27	-32
390	49	4	-29	-25	25	-32
392	50	1	-29	29	25	-32
394	50	2	28	-29	-25	-32
396	50	3	27	-29	-25	-32
398	50	4	26	28	-25	-32
400	51	1	25	27	0	0
402	51	2	-25	26	0	0
403	51	2.5	24	-26	0	0
404	51	3	23	25	0	0
406	51	4	22	-25	0	0
408	52	1	21	28	0	0
412	52	3	24	-28	0	0
414	52	4	-24	27	0	0
415	52	4.5	-24	28	0	0
416	53	1	-24	29	0	36
418	53	2	23	-29	0	-36
419	53	2.5	24	-29	0	-36
420	53	3	25	-29	32	-36
422	53	4	-25	-29	-32	35
424	54	1	0	0	-32	34
426	54	2	0	0	31	33
428	54	3	0	0	30	32
430	54	4	0	0	29	-32
432	55	1	0	0	28	35
436	55	3	0	0	31	-35
438	55	4	0	0	-31	34
439	55	4.5	0	0	-31	35
440	56	1	0	29	-31	36
442	56	2	0	-29	30	-36
443	56	2.5	0	-29	31	-36
444	56	3	0	32	32	36
448	57	1	25	-32	0	39
450	57	2	-25	31	0	-39
452	57	3	28	30	0	-39
454	57	4	-28	29	0	38
456	58	1	-28	28	0	37
458	58	2	27	29	0	36
460	58	3	26	30	0	35
462	58	4	25	-30	32	34
464	59	1	24	31	33	33
466	59	2	27	29	32	36
468	59	3	26	30	33	-36
469	59	3.5	-26	-30	-33	35
470	59	4	-26	-30	-33	35
471	59	4.5	-26	-30	-33	34
472	60	1	22	29	31	36
478	60	4	22	-29	30	-36
479	60	4.5	-22	-29	31	-36
480	61	1	23	25	32	0
481	61	1.5	-23	-25	31	0
482	61	2	-23	-25	30	0
483	61	2.5	-23	-25	29	0
484	61	3	24	26	28	0
488	62	1	25	27	0	0
490	62	2	-25	-27	29	0
492	62	3	0	28	30	32
495	62	4.5	0	27	-30	-32
496	63	1	0	26	31	33
500	63	3	25	25	32	34
502	63	4	-25	29	-32	-34
503	63	4.5	-25	-29	31	-34
504	64	1	26	28	30	35
505	64	1.5	-26	-28	29	-35
506	64	2	-26	26	28	-35
507	64	2.5	25	-26	-28	34
508	64	3	24	-26	-28	33
509	64	3.5	-24	24	-28	-33
510	64	4	23	25	-28	32
511	64	4.5	-23	26	-28	-32
512	65	1	22	27	29	31
514	65	2	-22	25	-29	32
516	65	3	0	26	28	-32
517	65	3.5	0	-26	-28	31
518	65	4	22	-26	29	31
519	65	4.5	-22	-26	-29	30
520	66	1	23	25	27	32
522	66	2	-23	-25	25	-32
524	66	3	23	-25	32	-32
528	67	1	22	29	31	0
532	67	3	-22	-29	-31	33
534	67	4	-22	26	-31	-33
536	68	1	0	28	0	32
538	68	2	0	29	0	31
540	68	3	0	27	0	32
544	69	1	0	26	0	33
546	69	2	26	-26	0	-33
548	69	3	-26	0	30	0
550	69	4	23	0	-30	0
552	70	1	25	0	29	0
554	70	2	26	0	28	0
556	70	3	24	26	29	0
560	71	1	23	27	30	0
562	71	2	-23	28	-30	32
564	71	3	0	-28	-30	33
565	71	3.5	0	27	-30	-33
566	71	4	0	25	-30	34
568	72	1	0	26	0	-34
569	72	1.5	0	-26	0	33
570	72	2	0	-26	0	33
572	72	3	0	27	0	-33
574	72	4	0	-27	0	32
576	73	1	0	26	0	33
578	73	2	26	-26	28	-33
580	73	3	27	0	29	0
582	73	4	26	0	30	0
584	74	1	27	0	-30	32
585	74	1.5	-27	0	29	-32
586	74	2	-27	0	29	-32
588	74	3	26	0	-29	35
590	74	4	-26	26	28	-35
592	75	1	0	25	29	34
594	75	2	0	26	-29	33
596	75	3	0	27	0	32
600	76	1	0	26	28	33
604	76	3	22	-26	31	-33
608	77	1	21	0	30	0
610	77	2	22	0	29	0
612	77	3	23	0	28	0
616	78	1	22	0	29	0
620	78	3	-22	29	33	38
624	79	1	0	28	-33	37
626	79	2	0	29	33	36
628	79	3	26	30	33	35
631	79	4.5	-26	-30	-33	34
632	80	1	27	29	31	36
635	80	2.5	-27	-29	30	-36
636	80	3	-27	-29	29	0
637	80	3.5	-27	-29	28	0
638	80	4	26	-29	29	34
639	80	4.5	25	-29	-29	-34
640	81	1	24	-29	-29	33
642	81	2	25	-29	27	32
644	81	3	22	-29	26	31
647	81	4.5	-22	-29	-26	30
648	82	1	25	0	25	32
652	82	3	0	29	-25	-32
656	83	1	25	30	0	0
660	83	3	26	31	0	0
664	84	1	27	32	0	0
668	84	3	28	-32	0	0
670	84	4	-28	30	0	0
672	85	1	-28	30	0	0
674	85	2	26	-30	0	0
676	85	3	26	31	0	0
680	86	1	27	-31	0	0
682	86	2	-27	29	0	0
684	86	3	-27	29	0	0
686	86	4	25	-29	0	0
688	87	1	25	30	0	0
692	87	3	26	-30	0	0
694	87	4	-26	29	0	0
696	88	1	-26	28	0	0
698	88	2	-26	27	0	0
699	88	2.5	-26	26	0	0
700	88	3	25	27	0	0
704	89	1	24	26	0	0
706	89	2	22	29	0	0
708	89	3	23	-29	0	0
709	89	3.5	-23	28	0	0
710	89	4	-23	28	0	0
711	89	4.5	-23	27	0	0
712	90	1	22	29	0	0
714	90	2	25	-29	0	0
715	90	2.5	-25	28	0	0
716	90	3	24	26	0	0
718	90	4	25	27	0	0
720	91	1	-25	25	0	0
721	91	1.5	26	-25	0	0
722	91	2	27	32	0	0
723	91	2.5	25	-32	0	0
724	91	3	26	-32	0	0
725	91	3.5	-26	31	0	0
726	91	4	-26	31	0	0
727	91	4.5	-26	30	0	0
728	92	1	25	32	0	0
736	93	1	21	-32	25	0
740	93	3	-21	-32	28	0
742	93	4	22	-32	-28	0
744	94	1	23	-32	-28	0
746	94	2	24	-32	27	0
747	94	2.5	-24	-32	26	0
748	94	3	25	-32	27	0
750	94	4	26	-32	28	0
752	95	1	27	25	29	32
756	95	3	28	28	30	-32
760	96	1	21	-28	-30	32
762	96	2	-21	27	-30	-32
763	96	2.5	-21	26	-30	-32
764	96	3	25	27	29	32
766	96	4	-25	28	-29	-32
768	97	1	-25	29	27	32
772	97	3	21	30	28	-32
775	97	4.5	22	-30	-28	-32
776	98	1	23	-30	-28	32
777	98	1.5	24	-30	-28	-32
778	98	2	25	-30	27	-32
780	98	3	-25	29	26	33
782	98	4	24	-29	-26	-33
784	99	1	25	27	25	34
786	99	2	-25	-27	29	-34
788	99	3	0	28	30	32
790	99	4	0	-28	32	-32
792	100	1	0	26	-32	33
793	100	1.5	0	-26	31	-33
794	100	2	0	-26	31	-33
795	100	2.5	0	-26	30	-33
796	100	3	25	25	32	34
799	100	4.5	-25	-25	-32	35
800	101	1	25	27	-32	36
801	101	1.5	-25	-27	-32	37
802	101	2	25	-27	-32	36
804	101	3	26	28	30	-36
806	101	4	-26	-28	-30	35
808	102	1	22	26	31	36
812	102	3	25	25	32	-36
816	103	1	25	29	-32	34
818	103	2	25	-29	-32	-34
820	103	3	26	28	30	35
824	104	1	22	29	31	33
827	104	2.5	-22	28	-31	-33
828	104	3	25	27	32	32
829	104	3.5	-25	26	-32	-32
830	104	4	-25	25	-32	34
832	105	1	25	32	-32	-34
833	105	1.5	-25	-32	-32	35
834	105	2	25	-32	34	36
835	105	2.5	-25	31	-34	-36
836	105	3	26	30	33	-36
837	105	3.5	-26	-30	-33	35
838	105	4	-26	-30	-33	35
839	105	4.5	-26	-30	-33	34
840	106	1	22	29	31	36
846	106	4	-22	-29	29	-36
848	107	1	25	0	29	-36
852	107	3	-25	0	32	-36
856	108	1	27	29	-32	0
858	108	2	-27	-29	31	0
859	108	2.5	-27	-29	32	0
860	108	3	-27	-29	31	0
864	109	1	26	28	-31	0
866	109	2	-26	-28	30	0
867	109	2.5	-26	-28	31	0
868	109	3	-26	-28	30	0
872	110	1	25	27	-30	0
874	110	2	-25	-27	29	0
875	110	2.5	-25	-27	30	0
876	110	3	24	26	29	0
880	111	1	23	-26	-29	39
882	111	2	-23	25	28	-39
883	111	2.5	-23	24	29	-39
884	111	3	-23	25	28	-39
886	111	4	-23	-25	29	-39
887	111	4.5	-23	-25	28	-39
888	112	1	22	26	29	38
892	112	3	-22	33	-29	-38
894	112	4	-22	-33	26	-38
896	113	1	0	32	28	37
900	113	3	0	31	29	36
904	114	1	26	30	26	-36
906	114	2	-26	-30	-26	35
907	114	2.5	-26	-30	-26	34
908	114	3	-26	-30	33	35
912	115	1	27	29	31	36
916	115	3	-27	-29	29	-36
918	115	4	25	-29	32	34
920	116	1	25	30	-32	34
921	116	1.5	-25	-30	31	-34
922	116	2	-25	-30	30	-34
923	116	2.5	-25	-30	29	-34
924	116	3	26	-30	28	35
928	117	1	24	31	0	33
930	117	2	-24	-31	29	-33
932	117	3	22	-31	-29	0
933	117	3.5	-22	-31	28	0
934	117	4	-22	29	29	36
936	118	1	0	29	27	-36
937	118	1.5	0	-29	-27	35
938	118	2	25	-29	-27	36
939	118	2.5	-25	-29	25	-36
940	118	3	-25	-29	25	34
941	118	3.5	24	-29	-25	-34
942	118	4	25	-29	-25	-34
943	118	4.5	-25	-29	-25	32
944	119	1	23	30	32	32
947	119	2.5	21	-30	-32	-32
948	119	3	21	-30	-32	0
950	119	4	-21	29	31	0
951	119	4.5	22	-29	-31	0
952	120	1	23	28	30	32
953	120	1.5	24	-28	-30	-32
954	120	2	25	27	29	-32
956	120	3	-25	26	28	35
958	120	4	24	-26	-28	-35
959	120	4.5	-24	-26	29	-35
960	121	1	25	25	30	34
962	121	2	27	-25	29	36
965	121	3.5	-27	-25	27	-36
966	121	4	26	26	28	35
968	122	1	25	27	29	34
970	122	2	24	29	-29	33
972	122	3	23	-29	25	32
973	122	3.5	-23	28	-25	-32
974	122	4	-23	28	-25	-32
975	122	4.5	-23	27	-25	-32
976	123	1	22	29	26	31
980	123	3	29	0	27	-31
982	123	4	-29	0	-27	30
983	123	4.5	-29	0	-27	29
984	124	1	-29	25	-27	36
986	124	2	28	-25	28	-36
988	124	3	27	-25	29	-36
990	124	4	26	26	-29	35
992	125	1	25	27	-29	34
994	125	2	24	29	-29	33
996	125	3	23	-29	25	32
997	125	3.5	-23	28	-25	-32
998	125	4	-23	28	-25	-32
999	125	4.5	-23	27	-25	-32
1000	126	1	22	29	26	31
1002	126	2	-22	-29	24	-31
1004	126	3	-22	-29	27	-31
1008	127	1	-22	-29	26	-31
1016	128	1	0	0	0	0
1016	128	1	0	0	31	0
1024	129	1	0	0	30	0
1028	129	3	0	0	31	0
1032	130	1	0	31	29	0
1036	130	3	0	-31	29	0
1040	131	1	0	30	28	0
1044	131	3	0	31	29	0
1048	132	1	22	29	-29	33
1050	132	2	-22	-29	30	-33
1052	132	3	-22	29	31	-33
1054	132	4	-22	-29	29	-33
1056	133	1	26	28	30	33
1060	133	3	22	29	31	33
1064	134	1	0	-29	29	33
1066	134	2	0	30	-29	-33
1068	134	3	22	31	-29	33
1070	134	4	-22	29	-29	-33
1072	135	1	26	30	28	33
1076	135	3	22	31	29	-33
1080	136	1	25	29	-29	34
1082	136	2	-25	-29	27	-34
1084	136	3	-25	0	27	-34
1086	136	4	23	0	-27	32
1088	137	1	23	30	-27	32
1094	137	4	-23	29	0	-32
1096	138	1	0	28	30	0
1100	138	3	23	27	-30	32
1102	138	4	-23	-27	29	-32
1104	139	1	24	26	28	33
1108	139	3	25	25	27	34
1112	140	1	26	28	26	35
1113	140	1.5	-26	29	27	-35
1114	140	2	-26	30	28	-35
1115	140	2.5	-26	31	29	-35
1116	140	3	-26	30	30	-35
1117	140	3.5	-26	26	-30	-35
1118	140	4	-26	33	31	-35
1120	141	1	26	-33	-31	35
1122	141	2	-26	32	30	-35
1123	141	2.5	-26	31	29	-35
1124	141	3	-26	30	28	-35
1126	141	4	-26	-30	-28	33
1128	142	1	22	31	29	33
1134	142	4	-22	29	-29	31
1136	143	1	-22	29	0	31
1142	143	4	-22	-29	0	29
1144	144	1	25	0	27	29
1148	144	4	-25	0	25	-29
1149.33	144	5	24	0	26	-29
1152	145	1	25	29	27	0
1154.67	145	3	23	-29	25	0
1157.33	145	5	-23	28	-25	0
1160	146	1	22	29	0	0
1162.67	146	3	25	27	0	0
1165.33	146	5	25	-27	0	0
1168	147	1	24	26	0	0
1172	147	4	23	-26	0	0
1173.33	147	5	24	29	0	0
1176	148	1	25	29	32	0
1178.67	148	3	23	28	-32	0
1181.33	148	5	22	29	31	0
1184	149	1	25	27	32	36
1186.67	149	3	-25	-27	30	-36
1189.33	149	5	26	26	-30	35
1192	150	1	27	29	29	36
1194.67	150	3	25	-29	32	34
1197.33	150	5	-25	25	32	-34
1200	151	1	22	29	31	33
1204	151	4	-22	28	30	-33
1205.33	151	5	0	27	31	36
1206.67	151	6	0	26	-31	-36
1208	152	1	25	25	32	36
1210.67	152	3	-25	32	30	-36
1213.33	152	5	26	30	-30	35
1216	153	1	24	31	29	36
1218.67	153	3	25	29	-29	34
1221.33	153	5	-25	32	0	-34
1224	154	1	22	31	29	33
1228	154	2	-22	-31	-29	36
1230	154	2.5	-22	-31	28	-36
1232	155	1	25	0	27	-36
1234	155	1.5	-25	0	26	35
1236	155	2	-25	32	25	34
1238	155	2.5	24	-32	-25	33
1240	156	1	23	-32	0	32
1242	156	1.5	22	31	0	-32
1244	156	2	21	30	28	-32
1246	156	2.5	-21	29	-28	-32
1247	156	2.75	-21	-29	29	-32
1248	157	1	28	28	30	0
1249	157	1.25	-28	-28	29	0
1250	157	1.5	-28	-28	31	0
1252	157	2	-28	30	32	0
1254	157	2.5	27	29	-32	0
1256	158	1	26	28	31	0
1257	158	1.25	-26	-28	30	0
1258	158	1.5	25	27	31	0
1259	158	1.75	-25	-27	30	0
1260	158	2	26	28	31	35
1262	158	2.5	-26	-28	30	-35
1263	158	2.75	-26	26	-30	36
1264	159	1	25	27	-30	37
1265	159	1.25	-25	-27	29	-37
1266	159	1.5	24	26	29	38
1268	159	2	23	-26	-29	39
1270	159	2.5	-23	25	28	-39
1272	160	1	22	26	29	38
1274	160	1.5	-22	33	-29	-38
1276	160	2	29	-33	-29	-38
1278	160	2.5	-29	32	-29	37
1279	160	2.75	-29	31	-29	36
1280	161	1	28	32	0	37
1281	161	1.25	-28	31	0	-37
1282	161	1.5	27	30	0	36
1283	161	1.75	-27	29	0	-36
1284	161	2	26	30	33	-36
1286	161	2.5	-26	-30	-33	35
1288	162	1	25	0	34	36
1290	162	1.5	-25	0	32	-36
1291	162	1.75	-25	0	33	-36
1292	162	2	0	32	34	-36
1293	162	2.25	0	-32	35	-36
1294	162	2.5	25	-32	34	-36
1296	163	1	26	31	-34	0
1297	163	1.25	-26	-31	33	0
1298	163	1.5	28	30	33	0
1300	163	2	27	29	-33	0
1302	163	2.5	-27	-29	32	0
1304	164	1	26	28	33	0
1306	164	1.5	-26	-28	26	0
1307	164	1.75	-26	29	-26	0
1308	164	2	0	30	28	0
1309	164	2.25	0	31	-28	0
1310	164	2.5	21	30	-28	0
1312	165	1	22	-30	27	0
1313	165	1.25	-22	29	-27	0
1314	165	1.5	24	29	26	0
1316	165	2	23	-29	-26	0
1317	165	2.25	-23	-29	25	0
1318	165	2.5	-23	28	32	0
1320	166	1	22	29	31	0
1324	166	2	0	31	29	36
1326	166	2.5	22	-31	-29	-36
1328	167	1	23	30	0	35
1330	167	1.5	25	29	0	34
1332	167	2	24	-29	0	33
1333	167	2.25	-24	28	0	-33
1334	167	2.5	-24	26	0	-33
1336	168	1	23	28	0	32
1338	168	1.5	-23	27	0	-32
1339	168	1.75	-23	-27	0	33
1340	168	2	0	25	32	34
1341	168	2.25	0	-25	-32	35
1342	168	2.5	25	-25	-32	34
1344	169	1	26	0	31	-34
1345	169	1.25	-26	0	-31	33
1346	169	1.5	28	0	30	33
1348	169	2	27	0	29	-33
1350	169	2.5	-27	0	-29	32
1352	170	1	26	0	28	33
1355	170	1.75	-26	0	29	-33
1356	170	2	-26	28	30	-33
1357	170	2.25	-26	-28	31	-33
1358	170	2.5	-26	-28	30	-33
1360	171	1	0	29	-30	-33
1361	171	1.25	0	-29	29	-33
1362	171	1.5	0	31	29	-33
1364	171	2	26	30	-29	-33
1366	171	2.5	-26	-30	28	-33
1368	172	1	22	29	29	-33
1372	172	2	29	0	-29	-33
1376	173	1	-29	29	0	0
1378	173	1.5	28	-29	0	0
1380	173	2	27	-29	0	0
1384	174	1	-27	25	29	0
1386	174	1.5	26	-25	-29	0
1388	174	2	25	29	-29	0
1391	174	2.75	24	-29	-29	0
1392	175	1	23	28	25	0
1396	175	2	22	31	29	0
1400	176	1	0	30	28	0
1404	176	2	0	33	31	0
1408	177	1	0	32	30	0
1410	177	1.5	0	31	29	0
1412	177	2	26	30	28	0
1416	178	1	27	29	29	0
1420	178	2	29	31	0	0
1422	178	2.5	-29	-31	29	0
1424	179	1	28	30	30	0
1426	179	1.5	-28	-30	32	0
1427	179	1.75	27	29	-32	0
1428	179	2	26	28	31	0
1430	179	2.5	25	27	30	0
1432	180	1	24	-27	-30	0
1433	180	1.25	-24	26	29	0
1434	180	1.5	22	26	29	0
1436	180	2	23	-26	-29	0
1438	180	2.5	-23	25	28	0
1440	181	1	22	26	29	0
1444	181	2	-22	29	-29	0
1448	181	3	0	28	0	0
1452	182	1	0	27	0	36
1456	182	2	0	25	0	-36
1460	182	3	0	26	0	35
1464	183	1	0	25	0	34
1468	183	2	0	28	0	32
1472	183	3	0	-28	0	33
1474	183	3.5	0	29	0	-33
1476	184	1	0	30	0	32
1480	184	2	0	28	0	35
1484	184	3	0	31	0	-35
1486	184	3.5	0	-31	0	36
1488	185	1	0	30	0	37
1492	185	2	0	33	0	-37
1494	185	2.5	0	-33	0	35
1496	185	3	0	31	0	38
1500	186	1	0	32	0	37
1504	186	2	0	33	0	38
1508	186	3	0	31	0	-38
1510	186	3.5	0	-31	0	37
1512	187	1	0	32	0	36
1516	187	2	0	30	0	-36
1518	187	2.5	0	-30	0	35
1520	187	3	0	-30	0	35
1522	187	3.5	0	-30	0	34
1524	188	1	25	29	0	36
1528	188	2	-25	-29	32	-36
1530	188	2.5	26	-29	-32	-36
1532	189	1	27	0	-32	0
1534	189	1.5	-27	0	31	0
1536	189	2	28	0	30	32
1540	190	1	29	25	29	34
1543	190	1.75	-29	-25	28	-34
1544	190	2	25	-25	27	-34
1546	190	2.5	-25	26	26	35
1548	191	1	-25	27	25	36
1550	191	1.5	24	-27	-25	-36
1552	191	2	23	28	32	37
1556	192	1	22	29	31	38
1558	192	1.5	-22	-29	29	-38
1560	192	2	-22	31	-29	-38
1562	192	2.5	-22	-31	28	37
1563	192	2.75	-22	-31	27	36
1564	193	1	0	-31	26	35
1566	193	1.5	0	29	27	36
1568	193	2	26	31	26	-36
1569	193	2.25	-26	-31	-26	35
1570	193	2.5	-26	30	-26	35
1571	193	2.75	-26	-30	28	34
1572	194	1	25	-30	27	36
1573	194	1.25	-25	29	-27	-36
1574	194	1.5	24	29	26	-36
1576	194	2	23	-29	-26	39
1578	194	2.5	-23	28	25	-39
1580	195	1	22	29	26	38
1582	195	1.5	-22	-29	33	-38
1583	195	1.75	-22	-29	-33	37
1584	195	2	0	0	33	38
1586	195	2.5	0	0	32	37
1588	196	1	0	0	31	-37
1589	196	1.25	0	0	-31	36
1590	196	1.5	0	0	-31	36
1592	196	2	0	0	30	-36
1594	196	2.5	0	0	-30	35
1596	197	1	25	0	29	36
1600	197	2	-25	32	-29	-36
1602	197	2.5	24	-32	-29	-36
1604	198	1	23	-32	0	0
1608	198	2	22	31	0	0
1610	198	2.5	26	-31	0	0
1612	199	1	-26	30	0	0
1613	199	1.25	25	-30	0	0
1614	199	1.5	26	-30	0	0
1615	199	1.75	27	29	0	0
1616	199	2	28	30	0	0
1617	199	2.25	27	-30	0	0
1618	199	2.5	26	31	0	0
1619	199	2.75	25	-31	0	0
1620	200	1	24	-31	0	0
1621	200	1.25	-24	30	0	0
1622	200	1.5	25	29	0	0
1624	200	2	23	-29	32	39
1625	200	2.25	-23	28	-32	-39
1626	200	2.5	-23	28	-32	-39
1627	200	2.75	-23	27	-32	-39
1628	201	1	22	29	34	38
1631	201	1.75	-22	-29	-34	37
1632	201	2	0	0	33	38
1634	201	2.5	0	0	-33	37
1636	202	1	0	0	32	-37
1637	202	1.25	0	0	-32	36
1638	202	1.5	0	0	31	36
1640	202	2	0	0	30	-36
1642	202	2.5	0	0	-30	35
1644	203	1	0	0	29	36
1648	203	2	25	0	-29	-36
1654	204	1.5	24	0	-29	-36
1656	204	2	25	32	-29	-36
1660	205	1	26	-32	0	0
1662	205	1.5	-26	31	0	0
1664	205	2	25	32	0	0
1667	205	2.75	24	-32	0	0
1668	206	1	22	33	0	0
1670	206	1.5	26	-33	0	0
1672	206	2	27	32	0	0
1674	206	2.5	28	-32	0	0
1676	207	1	29	0	0	0
1678	207	1.5	-29	29	0	0
1680	207	2	0	30	0	0
1682	207	2.5	22	31	0	0
1684	208	1	23	32	0	0
1686	208	1.5	24	-32	0	0
1688	208	2	25	-32	0	0
1690	208	2.5	26	31	0	0
1691	208	2.75	-26	30	0	0
1692	209	1	27	29	0	0
1694	209	1.5	29	31	0	0
1696	209	2	-29	30	0	0
1697	209	2.25	28	-30	0	0
1698	209	2.5	28	-30	0	0
1699	209	2.75	27	-30	0	0
1700	210	1	29	29	0	0
1704	210	2	0	0	0	0
1708	211	1	25	32	29	34
1716	212	1	24	33	31	35
1724	213	1	25	32	29	34
1730	213	2.5	-25	-32	-29	32
1732	214	1	0	31	-29	33
1736	214	2	25	32	-29	34
1740	215	1	26	30	28	35
1743	215	1.75	-26	-30	-28	33
1744	215	2	28	-30	-28	33
1748	216	1	27	29	29	-33
1752	216	2	-27	-29	-29	32
1756	217	1	26	0	30	33
1760	217	2	-26	28	-30	-33
1764	218	1	24	31	33	0
1768	218	2	-24	-31	-33	33
1772	219	1	25	30	32	34
1776	219	2	-25	29	-32	-34
1780	220	1	26	28	30	35
1786	220	2.5	-26	-28	-30	33
1788	221	1	22	29	31	33
1796	222	1	0	0	0	0
1796	222	1	0	0	32	0
1802	222	2.5	0	0	31	0
1804	222	3	0	0	32	0
1806	222	3.5	0	0	33	0
1808	223	1	0	0	31	36
1810	223	1.5	0	0	32	-36
1813	223	2.25	0	0	31	-36
1814	223	2.5	0	0	30	35
1816	223	3	0	0	29	36
1818	223	3.5	0	0	28	37
1820	224	1	0	0	-28	35
1821	224	1.25	0	0	29	-35
1822	224	1.5	0	0	30	-35
1823	224	1.75	0	0	-30	34
1824	224	2	0	0	31	33
1826	224	2.5	0	0	32	32
1828	224	3	0	0	-32	33
1829	224	3.25	0	0	31	-33
1830	224	3.5	0	0	31	-33
1831	224	3.75	0	0	30	-33
1832	225	1	25	0	32	32
1834	225	1.5	-25	0	-32	34
1835	225	1.75	-25	0	31	-34
1836	225	2	-25	0	29	-34
1837	225	2.25	-25	0	-29	35
1838	225	2.5	24	0	31	36
1840	225	3	25	0	30	-36
1841	225	3.25	-25	0	-30	35
1842	225	3.5	26	0	-30	35
1843	225	3.75	-26	0	-30	34
1844	226	1	24	29	29	36
1846	226	1.5	25	-29	-29	-36
1849	226	2.25	24	-29	0	0
1850	226	2.5	23	28	0	0
1852	226	3	22	29	0	0
1854	226	3.5	21	30	0	0
1856	227	1	-21	28	0	0
1857	227	1.25	22	-28	0	0
1858	227	1.5	23	-28	0	0
1859	227	1.75	-23	27	0	0
1860	227	2	24	26	0	0
1862	227	2.5	25	25	0	0
1864	227	3	-25	26	0	0
1865	227	3.25	24	-26	0	0
1866	227	3.5	24	-26	0	0
1867	227	3.75	23	-26	0	0
1868	228	1	25	25	29	0
1870	228	1.5	-25	29	-29	0
1872	228	2	-25	-29	32	0
1873	228	2.25	-25	27	-32	0
1874	228	2.5	-25	30	-32	0
1876	228	3	0	28	-32	0
1878	228	3.5	0	29	31	0
1880	229	1	0	25	32	36
1884	229	2	0	-25	-32	39
1888	229	3	0	0	33	-39
1890	229	3.5	0	0	-33	38
1892	230	1	0	0	32	39
1894	230	1.5	0	0	-32	36
1896	230	2	0	0	-32	37
1898	230	2.5	0	0	29	38
1900	230	3	0	0	31	-38
1901	230	3.25	0	0	-31	37
1902	230	3.5	0	0	-31	35
1903	230	3.75	0	0	30	-35
1904	231	1	0	0	29	36
1906	231	1.5	0	0	28	37
1908	231	2	0	0	29	-37
1909	231	2.25	0	0	-29	36
1910	231	2.5	0	0	-29	36
1912	231	3	0	0	30	-36
1914	231	3.5	0	0	-30	35
1916	232	1	22	0	29	36
1920	232	2	25	0	-29	-36
1926	232	3.5	24	0	-29	-36
1928	233	1	25	29	0	0
1932	233	2	-25	32	0	0
1936	233	3	26	-32	0	0
1938	233	3.5	-26	31	0	0
1940	234	1	25	32	0	0
1942	234	1.5	-25	29	0	0
1944	234	2	-25	30	0	0
1946	234	2.5	22	31	0	0
1948	234	3	24	-31	0	0
1949	234	3.25	-24	30	0	0
1950	234	3.5	-24	28	0	0
1951	234	3.75	23	-28	0	0
1952	235	1	22	29	0	0
1954	235	1.5	21	30	0	0
1956	235	2	22	-30	0	0
1957	235	2.25	-22	29	0	0
1958	235	2.5	-22	29	0	0
1960	235	3	23	-29	0	0
1962	235	3.5	-23	28	0	0
1964	236	1	22	29	0	36
1966	236	1.5	-22	-29	29	-36
1968	236	2	0	0	-29	34
1970	236	2.5	0	0	28	35
1972	236	3	0	0	30	-35
1974	236	3.5	0	0	31	34
1975	236	3.75	0	0	-31	33
1976	237	1	25	0	32	32
1978	237	1.5	-25	25	-32	-32
1980	237	2	23	-25	0	0
1982	237	2.5	24	24	0	0
1984	237	3	-24	26	0	0
1986	237	3.5	23	27	0	0
1987	237	3.75	22	-27	0	0
1988	238	1	21	28	32	0
1990	238	1.5	-21	-28	-32	32
1992	238	2	0	0	30	-32
1994	238	2.5	0	0	31	31
1996	238	3	0	0	-31	33
1998	238	3.5	0	0	30	34
1999	238	3.75	0	0	29	-34
2000	239	1	26	0	28	35
2002	239	1.5	-26	26	-28	-35
2004	239	2	24	-26	0	0
2006	239	2.5	25	25	0	0
2008	239	3	-25	27	0	0
2010	239	3.5	24	28	0	0
2011	239	3.75	23	-28	0	0
2012	240	1	22	29	33	0
2014	240	1.5	-22	-29	-33	33
2016	240	2	0	0	31	-33
2018	240	2.5	0	0	32	32
2020	240	3	0	0	-32	34
2022	240	3.5	0	0	31	35
2023	240	3.75	0	0	30	-35
2024	241	1	0	31	29	36
2026	241	1.5	29	-31	-29	38
2027	241	1.75	-29	30	-29	-38
2028	241	2	-29	29	33	-38
2030	241	2.5	26	28	-33	37
2032	241	3	28	30	32	-37
2033	241	3.25	-28	-30	-32	35
2034	241	3.5	-28	-30	-32	37
2035	241	3.75	27	31	-32	-37
2036	242	1	25	32	-32	36
2037	242	1.25	-25	-32	-32	34
2038	242	1.5	27	29	31	36
2040	242	2	26	31	33	35
2042	242	2.5	28	30	-33	37
2043	242	2.75	-28	-30	32	-37
2044	242	3	-28	32	30	-37
2046	242	3.5	25	-32	32	36
2047	242	3.75	-25	31	-32	-36
2048	243	1	27	29	31	-36
2049	243	1.25	-27	-29	-31	34
2050	243	1.5	-27	31	29	36
2051	243	1.75	26	-31	-29	-36
2052	243	2	24	-31	31	35
2053	243	2.25	-24	-31	-31	33
2054	243	2.5	26	28	30	35
2056	243	3	25	30	32	34
2058	243	3.5	27	29	-32	36
2059	243	3.75	-27	-29	31	-36
2060	244	1	-27	31	29	-36
2062	244	1.5	24	-31	31	35
2063	244	1.75	-24	30	-31	-35
2064	244	2	26	28	30	-35
2065	244	2.25	-26	-28	-30	33
2066	244	2.5	-26	30	28	35
2067	244	2.75	25	-30	-28	-35
2068	244	3	23	-30	30	34
2069	244	3.25	-23	-30	-30	32
2070	244	3.5	25	27	29	34
2072	245	1	24	29	31	33
2074	245	1.5	26	28	-31	35
2075	245	1.75	-26	-28	30	-35
2076	245	2	-26	30	28	-35
2078	245	2.5	23	-30	30	34
2079	245	2.75	-23	29	-30	-34
2080	245	3	25	27	29	-34
2081	245	3.25	-25	-27	-29	32
2082	245	3.5	-25	29	27	34
2083	245	3.75	24	-29	-27	-34
2084	246	1	22	-29	29	33
2085	246	1.25	-22	-29	-29	31
2086	246	1.5	24	26	28	33
2088	246	2	23	28	30	32
2090	246	2.5	25	27	-30	-32
2091	246	2.75	-25	-27	29	31
2092	246	3	-25	29	27	29
2093	246	3.25	-25	-29	-27	30
2094	246	3.5	22	-29	29	31
2095	246	3.75	-22	28	-29	32
2096	247	1	24	26	28	33
2097	247	1.25	-24	-26	-28	34
2098	247	1.5	-24	28	26	33
2099	247	1.75	23	-28	-26	-33
2100	247	2	21	-28	28	-33
2101	247	2.25	-21	27	-28	32
2101.5	247	2.375	-21	-27	-28	33
2102	247	2.5	23	25	27	32
2104	247	3	22	26	29	-32
2105	247	3.25	-22	-26	-29	31
2106	247	3.5	-22	-26	-29	31
2107	247	3.75	-22	-26	-29	30
2108	248	1	25	25	29	32
*-	*-	*-	*-	*-	*-	*-
