**absq	**bar	**beat	**b7	**b7	**b7	**b7
0	1	1	24	24	31	0
8	2	1	22	24	31	0
12	2	3	21	25	30	0
16	3	1	24	26	28	0
24	4	1	21	25	0	0
28	4	3	-21	-25	32	0
32	5	1	0	24	33	31
36	5	3	24	-24	-33	-31
44	6	3	24	28	33	-31
48	7	1	22	29	33	31
52	7	3	24	28	-33	-31
56	8	1	21	-28	32	30
58	8	2	-21	27	-32	-30
59	8	2.5	-21	26	-32	-30
60	8	3	-21	28	-32	-30
62	8	4	-21	29	31	-30
64	9	1	0	30	32	28
68	9	3	24	31	33	-28
72	10	1	-24	26	31	-28
76	10	3	23	25	32	-28
80	11	1	24	26	28	0
84	11	3	22	24	31	0
88	12	1	21	25	-31	32
92	12	3	-21	-25	30	-32
96	13	1	0	24	31	33
100	13	3	24	-24	-31	-33
104	14	1	-24	28	0	-33
106	14	2	23	-28	0	-33
108	14	3	22	29	31	-33
112	15	1	21	30	30	33
114	15	2	22	31	29	-33
118	15	4	23	30	28	-33
119	15	4.5	-23	29	27	-33
120	16	1	24	28	26	33
122	16	2	-24	29	-26	-33
124	16	3	-24	26	28	-33
126	16	4	23	-26	-28	-33
128	17	1	22	31	29	33
132	17	3	21	30	30	-33
134	17	4	22	29	31	-33
138	18	2	23	28	30	-33
140	18	3	24	26	28	-33
142	18	4	-24	-26	29	-33
143	18	4.5	-24	27	-29	-33
144	19	1	21	28	30	32
147	19	2.5	-21	29	31	-32
148	19	3	-21	30	32	-32
149	19	3.5	-21	31	-32	-32
150	19	4	-21	32	28	-32
154	20	2	-21	31	27	-32
155	20	2.5	-21	-31	26	-32
156	20	3	-21	-31	25	-32
158	20	4	-21	30	28	-32
160	21	1	0	31	24	31
164	21	3	24	28	26	-31
166	21	4	-24	28	-26	-31
168	22	1	-24	28	-26	-31
170	22	2	-24	28	-26	-31
172	22	3	24	29	26	-31
176	23	1	24	28	26	-31
178	23	2	-24	27	-26	-31
180	23	3	24	26	26	-31
184	24	1	25	25	27	29
188	24	3	-25	27	25	-29
190	24	4	-25	-27	29	-29
192	25	1	24	26	-29	29
193	25	1.5	-24	-26	28	-29
194	25	2	-24	-26	26	-29
196	25	3	25	25	27	-29
198	25	4	-25	27	-27	-29
199	25	4.5	-25	-27	26	-29
200	26	1	22	-27	24	-29
202	26	2	-22	26	-24	-29
204	26	3	-22	24	31	-29
208	27	1	21	28	32	30
216	28	1	25	0	-32	29
220	28	3	-25	27	-32	-29
224	29	1	26	28	30	28
228	29	3	24	26	31	-28
232	30	1	-24	-26	28	31
234	30	2	23	25	-28	-31
236	30	3	22	26	29	-31
238	30	4	21	-26	-29	-31
240	31	1	20	27	-29	-31
242	31	2	21	-27	28	-31
244	31	3	22	24	26	-31
246	31	4	-22	-24	27	-31
248	32	1	21	25	28	30
256	33	1	0	24	26	31
259	33	2.5	0	-24	27	-31
260	33	3	24	26	28	-31
262	33	4	-24	-26	29	-31
264	34	1	20	27	-29	-31
266	34	2	-20	-27	28	-31
267	34	2.5	-20	-27	27	-31
268	34	3	24	28	26	-31
272	35	1	23	-28	25	0
274	35	2	24	-28	24	0
276	35	3	-24	29	31	0
278	35	4	20	-29	-31	0
280	36	1	21	28	30	0
282	36	2	22	26	31	0
284	36	3	-22	27	-31	0
286	36	4	23	-27	30	0
287	36	4.5	-23	-27	29	0
288	37	1	24	26	28	35
292	37	3	23	25	-28	-35
296	38	1	24	26	-28	-35
302	38	4	25	-26	-28	-35
304	39	1	26	28	24	35
312	40	1	22	29	31	33
320	41	1	25	-29	32	34
328	42	1	-25	0	29	-34
332	42	3	-25	0	32	-34
336	43	1	27	0	31	36
340	43	3	-27	0	34	-36
342	43	4	26	0	-34	-36
344	44	1	24	0	33	35
348	44	3	25	0	32	34
352	45	1	22	0	-32	33
354	45	2	-22	0	31	-33
355	45	2.5	-22	0	30	-33
356	45	3	-22	29	31	-33
358	45	4	-22	-29	29	-33
360	46	1	26	30	-29	-33
362	46	2	-26	-30	28	-33
364	46	3	0	29	29	-33
366	46	4	22	29	31	-33
368	47	1	-22	29	-31	0
369	47	1.5	23	-29	32	0
370	47	2	24	28	33	0
372	47	3	25	27	29	0
374	47	4	21	28	30	0
376	48	1	24	-28	26	33
378	48	2	-24	29	-26	-33
380	48	3	-24	28	-26	-33
382	48	4	23	29	-26	-33
383	48	4.5	22	-29	-26	-33
384	49	1	25	-29	0	32
386	49	2	21	30	0	-32
388	49	3	20	29	0	-32
390	49	4	21	30	0	-32
393	50	1.5	-21	29	0	-32
394	50	2	23	28	0	-32
396	50	3	22	-28	24	31
398	50	4	-22	27	-24	-31
400	51	1	21	28	25	30
406	51	4	-21	-28	26	-30
410	52	2	0	-28	25	-30
411	52	2.5	0	-28	24	-30
412	52	3	21	-28	25	-30
416	53	1	22	26	24	31
420	53	3	20	27	-24	-31
422	53	4	-20	-27	25	-31
424	54	1	24	28	26	-31
427	54	2.5	-24	-28	27	-31
428	54	3	-24	26	28	-31
430	54	4	23	-26	29	-31
431	54	4.5	22	-26	-29	-31
432	55	1	25	27	-29	32
434	55	2	-25	-27	30	-32
436	55	3	21	28	-30	-32
437	55	3.5	-21	-28	29	-32
438	55	4	-21	-28	28	-32
439	55	4.5	-21	-28	27	-32
440	56	1	24	-28	26	33
442	56	2	-24	-28	24	-33
444	56	3	-24	29	31	-33
446	56	4	23	-29	-31	-33
447	56	4.5	22	-29	-31	-33
448	57	1	25	0	27	34
452	57	3	-25	29	-27	-34
454	57	4	26	-29	28	-34
456	58	1	27	-29	29	-34
458	58	2	-27	-29	25	-34
460	58	3	23	30	32	-34
466	59	2	24	-30	-32	-34
468	59	3	25	29	-32	-34
472	60	1	22	0	31	33
474	60	2	-22	29	-31	-33
475	60	2.5	-22	-29	29	-33
476	60	3	0	28	30	-33
478	60	4	22	29	31	-33
480	61	1	-22	-29	24	33
481	61	1.5	21	-29	-24	-33
482	61	2	22	-29	-24	-33
483	61	2.5	23	-29	25	-33
484	61	3	24	28	26	-33
486	61	4	-24	29	-26	-33
487	61	4.5	23	-29	27	-33
488	62	1	21	30	28	32
490	62	2	23	28	-28	-32
492	62	3	22	-28	29	31
494	62	4	-22	27	-29	-31
496	63	1	21	30	25	32
498	63	2	-21	-30	28	-32
499	63	2.5	-21	29	-28	-32
500	63	3	-21	28	-28	-32
501	63	3.5	-21	27	29	-32
502	63	4	-21	28	30	-32
503	63	4.5	-21	-28	31	-32
504	64	1	-21	-28	32	-32
506	64	2	-21	27	31	-32
507	64	2.5	-21	26	-31	-32
508	64	3	-21	25	-31	-32
510	64	4	-21	-25	30	-32
512	65	1	0	24	31	33
516	65	3	24	-24	-31	-33
520	66	1	-24	28	0	-33
524	66	3	22	29	31	34
528	67	1	21	30	32	35
532	67	3	24	31	33	-35
536	68	1	-24	-31	-33	35
538	68	2	25	30	32	-35
540	68	3	26	28	30	-35
544	69	1	27	0	29	36
548	69	3	-27	31	-29	-36
550	69	4	-27	-31	28	-36
552	70	1	24	-31	26	35
556	70	3	25	29	25	34
560	71	1	-25	-29	29	-34
562	71	2	24	-29	-29	-34
564	71	3	22	31	-29	33
566	71	4	-22	-31	28	-33
568	72	1	-22	-31	26	33
570	72	2	23	30	-26	-33
572	72	3	24	28	-26	-33
574	72	4	-24	29	-26	-33
576	73	1	22	-29	0	-33
578	73	2	-22	28	0	-33
580	73	3	24	26	26	-33
582	73	4	-24	28	-26	-33
584	74	1	23	-28	30	32
586	74	2	-23	27	-30	-32
587	74	2.5	-23	26	-30	-32
588	74	3	0	27	29	-32
590	74	4	23	-27	30	-32
592	75	1	24	26	28	33
594	75	2	-24	-26	31	-33
596	75	3	22	26	-31	-33
597	75	3.5	-22	-26	32	-33
598	75	4	24	-26	33	-33
600	76	1	-24	28	-33	-33
602	76	2	25	-28	32	-33
603	76	2.5	-25	-28	31	-33
604	76	3	26	28	30	-33
608	77	1	22	29	0	0
612	77	3	25	27	29	0
616	78	1	24	28	31	0
620	78	3	-24	29	-31	0
622	78	4	23	-29	32	0
623	78	4.5	22	-29	-32	0
624	79	1	24	28	33	33
626	79	2	22	29	-33	-33
628	79	3	24	28	26	-33
630	79	4	-24	29	-26	-33
631	79	4.5	23	-29	27	-33
632	80	1	21	-29	28	32
633	80	1.5	-21	28	-28	-32
634	80	2	23	28	-28	-32
636	80	3	22	-28	29	31
638	80	4	-22	27	-29	-31
640	81	1	21	28	25	30
644	81	3	-21	-28	32	-30
650	82	2	28	0	32	-30
652	82	3	-28	0	32	-30
654	82	4	28	0	-32	-30
656	83	1	26	0	33	28
658	83	2	26	0	-33	-28
660	83	3	28	30	32	-28
662	83	4	-28	31	-32	-28
664	84	1	21	32	30	-28
668	84	3	24	33	0	-28
670	84	4	-24	-33	31	-28
674	85	2	-24	-33	29	0
676	85	3	21	32	30	0
678	85	4	-21	-32	31	0
680	86	1	0	30	32	28
682	86	2	28	-30	30	-28
685	86	3.5	27	0	-30	-28
686	86	4	26	0	31	-28
688	87	1	25	0	32	29
690	87	2	24	0	33	-29
692	87	3	27	0	-33	-29
694	87	4	-27	0	32	-29
696	88	1	26	0	33	31
700	88	3	24	0	-33	-31
704	89	1	28	0	0	30
707	89	2.5	27	0	0	-30
708	89	3	26	0	0	-30
709	89	3.5	25	0	0	-30
710	89	4	26	28	0	-30
714	90	2	-26	26	0	-30
716	90	3	25	27	0	-30
718	90	4	26	28	0	-30
720	91	1	22	29	0	31
722	91	2	-22	-29	26	-31
723	91	2.5	23	-29	-26	-31
724	91	3	24	28	-26	-31
725	91	3.5	-24	-28	25	-31
726	91	4	22	29	26	-31
728	92	1	25	-29	27	32
730	92	2	-25	-29	25	-32
732	92	3	21	30	28	-32
735	92	4.5	-21	-30	29	-32
736	93	1	0	0	30	-32
737	93	1.5	0	0	31	-32
738	93	2	0	30	32	-32
740	93	3	0	29	33	31
742	93	4	0	-29	34	-31
743	93	4.5	0	28	-34	-31
744	94	1	0	26	-34	30
745	94	1.5	0	-26	33	-30
746	94	2	0	28	33	-30
748	94	3	0	27	31	29
750	94	4	0	-27	32	-29
752	95	1	0	26	0	30
754	95	2	26	-26	28	-30
758	95	4	25	0	27	-30
760	96	1	26	0	28	-30
762	96	2	25	0	27	-30
764	96	3	23	0	25	-30
766	96	4	25	27	-25	-30
768	97	1	-25	-27	0	29
770	97	2	24	26	0	-29
772	97	3	25	27	0	-29
774	97	4	24	26	0	-29
776	98	1	22	24	0	31
778	98	2	24	-24	26	-31
782	98	4	23	0	25	-31
784	99	1	22	0	26	-31
786	99	2	-22	24	27	-31
788	99	3	21	25	28	30
790	99	4	-21	26	-28	-30
792	100	1	22	-26	24	29
793	100	1.5	-22	25	-24	-29
794	100	2	-22	26	-24	-29
796	100	3	20	27	22	-29
798	100	4	-20	25	-22	-29
800	101	1	19	26	23	28
802	101	2	-19	-26	28	-28
805	101	3.5	-19	-26	27	-28
806	101	4	-19	-26	26	-28
810	102	2	-19	-26	25	-28
811	102	2.5	-19	-26	24	-28
812	102	3	-19	-26	23	-28
816	103	1	0	0	0	29
820	103	3	22	26	24	-29
824	104	1	22	26	24	-29
826	104	2	22	26	24	-29
830	104	4	22	26	24	-29
832	105	1	21	28	25	30
834	105	2	19	-28	26	-30
836	105	3	23	27	-26	-30
838	105	4	-23	-27	25	-30
840	106	1	19	26	26	-30
843	106	2.5	-19	-26	27	-30
844	106	3	0	-26	28	-30
846	106	4	26	-26	-28	-30
847	106	4.5	-26	-26	29	-30
848	107	1	-26	0	30	0
850	107	2	26	28	-30	0
851	107	2.5	-26	-28	31	0
852	107	3	25	27	32	0
854	107	4	26	28	30	0
856	108	1	24	26	33	31
858	108	2	22	29	-33	-31
859	108	2.5	-22	-29	32	-31
860	108	3	-22	-29	31	-31
861	108	3.5	-22	28	30	-31
862	108	4	22	27	29	-31
863	108	4.5	-22	26	28	-31
864	109	1	23	25	27	32
866	109	2	-23	-25	30	-32
867	109	2.5	24	26	-30	-32
868	109	3	25	27	29	-32
870	109	4	21	28	30	-32
872	110	1	24	-28	28	33
874	110	2	-24	27	31	-33
875	110	2.5	25	26	-31	-33
876	110	3	26	28	30	-33
878	110	4	22	29	31	-33
880	111	1	25	25	29	34
881	111	1.5	-25	26	-29	-34
882	111	2	-25	27	32	-34
883	111	2.5	26	28	-32	-34
884	111	3	27	29	31	-34
886	111	4	23	30	32	-34
889	112	1.5	24	29	-32	-34
890	112	2	25	27	-32	-34
892	112	3	26	28	30	33
894	112	4	22	29	31	-33
896	113	1	25	27	29	32
898	113	2	21	28	30	-32
900	113	3	24	26	28	31
902	113	4	20	27	29	-31
904	114	1	-20	-27	-29	31
905	114	1.5	21	-27	-29	-31
906	114	2	22	-27	-29	-31
907	114	2.5	23	-27	-29	-31
908	114	3	24	26	28	-31
910	114	4	20	27	29	-31
914	115	2	24	26	28	-31
916	115	3	-24	24	-28	-31
917	115	3.5	23	-24	-28	-31
918	115	4	22	-24	27	-31
920	116	1	21	25	28	30
923	116	2.5	20	-25	-28	-30
924	116	3	21	-25	-28	-30
928	117	1	24	24	-28	31
936	118	1	0	0	0	0
936	118	1	24	0	31	0
940	118	3	24	0	28	0
942	118	4	24	0	29	0
944	119	1	24	0	-29	0
945	119	1.5	-24	0	28	0
946	119	2	-24	0	26	0
948	119	3	25	0	27	0
951	119	4.5	-25	0	26	0
952	120	1	26	24	24	31
953	120	1.5	-26	-24	25	-31
954	120	2	-26	-24	26	-31
955	120	2.5	25	-24	27	-31
956	120	3	24	24	28	-31
957	120	3.5	23	-24	-28	-31
958	120	4	22	24	29	-31
960	121	1	24	24	26	31
962	121	2	22	-24	27	-31
964	121	3	21	25	28	30
968	122	1	0	26	-28	28
970	122	2	0	-26	27	-28
971	122	2.5	0	27	26	-28
972	122	3	19	28	30	-28
973	122	3.5	-19	29	-30	-28
974	122	4	-19	28	-30	-28
975	122	4.5	-19	-28	31	-28
976	123	1	23	-28	32	0
977	123	1.5	-23	-28	33	0
978	123	2	-23	27	32	0
979	123	2.5	-23	26	-32	0
980	123	3	23	27	-32	32
981	123	3.5	-23	-27	31	-32
982	123	4	-23	-27	30	-32
983	123	4.5	-23	-27	29	-32
984	124	1	24	26	28	33
988	124	3	-24	0	31	-33
990	124	4	23	29	-31	-33
991	124	4.5	22	-29	-31	-33
992	125	1	26	28	30	33
994	125	2	22	29	31	-33
996	125	3	26	28	30	33
998	125	4	22	29	31	-33
1000	126	1	24	-29	-31	33
1002	126	2	-24	28	30	-33
1003	126	2.5	-24	27	29	-33
1004	126	3	-24	26	28	-33
1006	126	4	23	29	31	-33
1007	126	4.5	22	-29	-31	-33
1008	127	1	25	27	29	32
1010	127	2	21	28	30	-32
1012	127	3	25	27	29	-32
1014	127	4	21	28	30	-32
1016	128	1	24	-28	26	31
1017	128	1.5	-24	27	-26	-31
1018	128	2	-24	26	-26	-31
1019	128	2.5	-24	25	27	-31
1020	128	3	-24	26	28	-31
1022	128	4	23	27	29	-31
1023	128	4.5	22	-27	-29	-31
1024	129	1	24	26	28	-31
1026	129	2	20	27	29	-31
1028	129	3	27	-27	25	29
1030	129	4	-27	25	29	-29
1032	130	1	-27	-25	-29	29
1034	130	2	26	-25	28	-29
1035	130	2.5	25	-25	27	-29
1036	130	3	24	26	26	-29
1038	130	4	25	27	25	-29
1040	131	1	0	28	32	30
1042	131	2	21	-28	-32	-30
1044	131	3	22	24	31	29
1047	131	4.5	23	-24	-31	-29
1048	132	1	24	26	-31	28
1050	132	2	-24	-26	30	-28
1052	132	3	20	27	29	31
1056	133	1	21	25	28	-31
1060	133	3	-21	-25	0	30
1062	133	4	-21	-25	28	-30
1064	134	1	0	24	28	31
1066	134	2	28	-24	26	-31
1068	134	3	28	0	24	-31
1070	134	4	26	28	28	-31
1072	135	1	24	28	26	0
1074	135	2	28	26	24	0
1076	135	3	26	24	26	0
1078	135	4	24	28	-26	0
1079	135	4.5	-24	-28	27	0
1080	136	1	26	26	28	35
1082	136	2	-26	24	-28	-35
1083	136	2.5	27	-24	-28	-35
1084	136	3	28	26	24	-35
1087	136	4.5	-28	27	-24	-35
1088	137	1	24	28	0	35
1090	137	2	-24	-28	31	-35
1092	137	3	0	24	31	33
1094	137	4	24	-24	31	-33
1096	138	1	25	0	29	34
1098	138	2	25	0	29	-34
1100	138	3	25	0	32	-34
1102	138	4	25	0	-32	-34
1103	138	4.5	-25	0	31	-34
1104	139	1	27	0	29	36
1107	139	2.5	26	0	30	-36
1108	139	3	24	0	31	35
1110	139	4	-24	0	-31	34
1112	140	1	0	0	0	33
1114	140	2	24	28	31	-33
1118	140	4	24	28	31	-33
1120	141	1	24	28	31	0
1122	141	2	24	28	31	0
1124	141	3	24	28	31	33
1126	141	4	24	28	31	-33
1128	142	1	21	28	30	32
1130.67	142	2.33333	-21	-28	29	-32
1132	142	3	-21	-28	28	-32
1134	142	4	-21	-28	27	31
1134.67	142	4.33333	-21	-28	26	-31
1136	143	1	-21	0	25	30
1138	143	2	-21	0	24	-30
1140	143	3	-21	28	25	30
1144	144	1	0	26	0	31
1146	144	2	0	26	0	-31
1148	144	3	0	27	0	-31
1152	145	1	0	25	0	32
1156	145	3	0	0	31	33
1158	145	4	0	24	-31	-33
1160	146	1	0	27	29	34
1162	146	2	0	27	-29	-34
1164	146	3	25	27	-29	-34
1166	146	4	-25	-27	29	-34
1167	146	4.5	-25	25	-29	-34
1168	147	1	23	25	30	-34
1170	147	2	23	-25	-30	-34
1172	147	3	24	0	28	33
1176	148	1	22	0	0	33
1178	148	2	-22	0	31	-33
1180	148	3	0	0	30	32
1182	148	4	22	0	29	31
1184	149	1	21	0	30	32
1186	149	2	22	0	29	-32
1187	149	2.5	-22	0	28	-32
1188	149	3	23	0	27	-32
1192	150	1	19	28	26	33
1196	150	3	26	-28	-26	-33
1198	150	4	-26	29	-26	34
1200	151	1	-26	30	0	35
1202	151	2	25	-30	0	-35
1203	151	2.5	24	-30	0	-35
1204	151	3	23	30	32	35
1208	152	1	22	31	33	36
1212	152	3	0	30	32	35
1214	152	4	0	29	31	34
1218	153	2	0	28	30	33
1219	153	2.5	0	27	29	-33
1220	153	3	0	28	30	33
1222	153	4	0	29	31	-33
1225	154	1.5	0	28	30	-33
1226	154	2	0	27	29	-33
1227	154	2.5	0	26	28	-33
1228	154	3	0	27	29	32
1232	155	1	0	26	30	33
1238	155	4	22	26	31	-33
1240	156	1	21	28	30	0
1242	156	2	22	26	31	0
1244	156	3	19	28	30	0
1246	156	4	22	26	31	0
1248	157	1	-22	-26	-31	33
1249	157	1.5	-22	27	-31	-33
1250	157	2	21	28	30	-33
1252	157	3	22	24	29	-33
1254	157	4	-22	-24	-29	32
1255	157	4.5	-22	25	-29	31
1256	158	1	19	26	28	30
1258	158	2	19	28	-28	-30
1260	158	3	23	27	0	-30
1262	158	4	23	-27	32	-30
1264	159	1	24	26	33	28
1266	159	2	24	-26	31	-28
1268	159	3	21	0	32	-28
1270	159	4	-21	0	30	-28
1272	160	1	22	0	31	0
1274	160	2	-22	0	29	0
1276	160	3	19	0	30	28
1280	161	1	0	0	29	29
1282	161	2	0	25	-29	-29
1284	161	3	0	26	0	31
1286	161	4	0	27	0	-31
1288	162	1	0	28	0	30
1290	162	2	0	-28	26	-30
1292	162	3	0	0	27	-30
1294	162	4	0	0	28	-30
1296	163	1	0	0	29	31
1298	163	2	22	0	-29	-31
1300	163	3	23	0	0	32
1302	163	4	24	0	0	-32
1304	164	1	25	0	0	-32
1306	164	2	22	29	31	31
1308	164	3	23	28	32	30
1310	164	4	24	26	33	29
1312	165	1	23	27	-33	30
1313	165	1.5	-23	-27	31	-30
1314	165	2	-23	-27	32	-30
1316	165	3	19	26	33	-30
1320	166	1	0	0	0	29
1322	166	2	22	26	33	-29
1324	166	3	22	29	33	31
1326	166	4	22	29	33	-31
1328	167	1	24	28	33	-31
1330	167	2	21	-28	32	30
1332	167	3	22	24	31	29
1335	167	4.5	-22	25	-31	-29
1336	168	1	19	26	30	28
1340	168	3	19	-26	-30	-28
1344	169	1	22	0	26	29
1348	169	3	22	24	-26	-29
1350	169	4	-22	-24	27	-29
1352	170	1	21	25	28	30
1356	170	3	-21	25	28	-30
1360	171	1	24	26	28	0
1363	171	2.5	-24	27	-28	0
1364	171	3	-24	28	26	31
1366	171	4	23	29	-26	-31
1367	171	4.5	22	-29	-26	-31
1368	172	1	23	27	25	32
1370	172	2	21	28	-25	-32
1372	172	3	24	26	24	33
1374	172	4	-24	29	31	-33
1376	173	1	20	-29	-31	34
1377	173	1.5	-20	28	30	-34
1378	173	2	-20	27	29	-34
1379	173	2.5	-20	26	28	-34
1380	173	3	0	27	29	-34
1382	173	4	24	28	26	33
1384	174	1	23	-28	28	32
1385	174	1.5	-23	27	-28	-32
1386	174	2	24	26	-28	31
1387	174	2.5	-24	25	-28	-31
1388	174	3	-24	26	-28	31
1389	174	3.5	23	-26	-28	-31
1390	174	4	22	27	29	-31
1391	174	4.5	21	-27	-29	-31
1392	175	1	20	-27	-29	-31
1393	175	1.5	-20	26	-29	-31
1394	175	2	22	25	27	-31
1395	175	2.5	-22	24	-27	-31
1396	175	3	21	25	28	30
1400	176	1	0	24	26	31
1402	176	2	0	27	29	-31
1404	176	3	0	26	28	-31
1406	176	4	0	29	31	-31
1409	177	1.5	0	28	30	-31
1410	177	2	0	26	28	-31
1412	177	3	0	27	29	-31
1416	178	1	24	26	28	0
1424	178	3	22	27	29	0
1428	179	1	21	28	30	0
1434	179	2.5	21	28	30	0
1436	179	3	21	28	30	0
1440	180	1	24	28	26	31
1444	180	2	-24	-28	33	-31
1446	180	2.5	23	-28	-33	-31
1448	180	3	22	29	-33	-31
1451	180	3.75	21	-29	-33	-31
1452	181	1	22	29	-33	31
1456	181	2	19	28	-33	30
1460	181	3	23	27	32	-30
1464	182	1	19	26	33	28
1468	182	2	-19	-26	30	-28
1472	182	3	-19	26	31	-28
1476	183	1	23	27	32	0
1480	183	2	-23	-27	-32	32
1482	183	2.5	-23	-27	31	-32
1484	183	3	23	28	30	-32
1486	183	3.5	-23	-28	29	-32
1488	184	1	24	26	28	33
1492	184	2	-24	31	29	-33
1496	184	3	22	-31	-29	-33
1498	184	3.5	-22	30	-29	-33
1500	185	1	-22	29	31	33
1504	185	2	26	-29	30	33
1508	185	3	-26	28	-30	-33
1512	186	1	22	29	29	33
1520	186	3	22	0	0	-33
1524	187	1	23	27	25	32
1528	187	2	-23	-27	25	-32
1532	187	3	23	28	25	-32
1536	188	1	22	29	26	31
1540	188	2	-22	-29	29	-31
1542	188	2.5	23	28	-29	-31
1544	188	3	24	26	28	-31
1548	189	1	20	27	31	29
1552	189	2	20	-27	27	29
1554	189	2.5	-20	26	-27	-29
1556	189	3	20	25	29	-29
1558	189	3.5	-20	24	-29	-29
1560	190	1	21	23	28	30
1564	190	2	20	24	29	29
1568	190	3	24	-24	26	28
1572	191	1	22	24	27	31
1576	191	2	21	25	28	-31
1580	191	3	-21	-25	-28	30
1584	192	1	28	24	26	31
1588	192	2	28	-24	-26	-31
1592	192	3	26	0	24	-31
1596	193	1	24	26	28	0
1602	193	2.5	23	-26	-28	0
1604	193	3	22	27	29	0
1608	194	1	21	28	30	35
1612	194	2	24	-28	31	-35
1616	194	3	-24	28	-31	-35
1618	194	3.5	25	-28	-31	-35
1620	195	1	26	-28	30	35
1624	195	2	24	28	31	33
1628	195	3	26	-28	-31	-33
1630	195	3.5	-26	-28	30	-33
1632	196	1	25	29	32	34
1640	196	3	25	27	32	36
1644	197	1	26	28	30	35
1646	197	1.5	-26	-28	-30	34
1648	197	2	-26	-28	-30	33
1650	197	2.5	25	-28	-30	-33
1652	197	3	24	28	31	-33
1654	197	3.5	23	-28	-31	-33
1656	198	1	22	29	-31	0
1660	198	2	24	-29	31	33
1664	198	3	25	27	29	32
1668	199	1	21	28	30	-32
1670	199	1.5	-21	-28	-30	31
1672	199	2	-21	-28	28	30
1676	199	3	21	28	25	30
1680	200	1	20	29	27	31
1684	200	2	27	-29	-27	-31
1686	200	2.5	-27	-29	28	-31
1688	200	3	-27	27	29	-31
1690	200	3.5	26	-27	-29	-31
1692	201	1	25	-27	30	32
1696	201	2	24	28	31	33
1704	202	1	20	29	31	34
1710	202	2.5	21	-29	-31	-34
1712	202	3	22	29	-31	-34
1714	202	3.5	23	-29	-31	-34
1716	203	1	24	28	-31	33
1720	203	2	22	29	-31	33
1724	203	3	25	27	29	32
1726	203	3.5	-25	-27	-29	31
1728	204	1	23	25	30	32
1732	204	2	21	28	-30	-32
1736	204	3	24	-28	26	33
1740	205	1	22	29	33	-33
1742	205	1.5	-22	-29	-33	34
1744	205	2	26	30	-33	35
1748	205	3	-26	-30	-33	35
1752	206	1	22	31	-33	36
1756	206	2	23	30	32	35
1758	206	2.5	-23	-30	-32	34
1760	206	3	24	28	33	-34
1762	206	3.5	-24	-28	-33	33
1764	207	1	22	29	31	33
1768	207	2	23	27	32	-33
1772	207	3	-23	-27	30	32
1776	208	1	19	26	28	33
1780	208	2	22	-26	31	-33
1784	208	3	-22	29	-31	-33
1786	208	3.5	23	-29	32	-33
1788	209	1	24	28	33	0
1792	209	2	22	29	31	0
1796	209	3	23	27	32	0
1800	210	1	24	26	28	33
1806	210	2.5	23	-26	-28	-33
1808	210	3	22	26	29	32
1810	210	3.5	-22	-26	-29	31
1812	211	1	21	28	30	30
1816	211	2	-21	-28	32	-30
1820	211	3	23	27	-32	-30
1822	211	3.5	-23	-27	31	-30
1824	212	1	24	26	31	28
1828	212	2	21	25	-31	-28
1832	212	3	-21	-25	30	0
1836	213	1	24	24	31	28
1840	213	2	-24	-24	0	29
1842	213	2.5	23	-24	0	-29
1844	213	3	22	0	24	31
1848	214	1	21	28	25	30
1852	214	2	19	-28	26	-30
1856	214	3	22	29	24	31
1860	215	1	21	30	28	32
1866	215	2.5	22	29	0	31
1868	215	3	23	28	32	30
1870	215	3.5	-23	27	-32	29
1872	216	1	19	28	33	30
1880	216	3	22	29	33	29
1884	217	1	-22	29	33	31
1886	217	1.5	23	-29	-33	-31
1888	217	2	24	28	-33	-31
1890	217	2.5	-24	-28	-33	30
1892	217	3	25	27	32	29
1896	218	1	26	26	30	28
1904	218	3	26	26	31	-28
1908	219	1	25	27	32	29
1912	219	2	25	-27	-32	-29
1914	219	2.5	25	27	32	-29
1916	219	3	-25	27	32	-29
1918	219	3.5	25	27	32	-29
1920	220	1	21	28	32	30
1923	220	1.75	-21	-28	31	-30
1924	220	2	-21	-28	30	-30
1926	220	2.5	-21	27	29	-30
1928	220	3	21	26	28	0
1930	220	3.5	-21	25	27	0
1932	221	1	22	24	26	31
1936	221	2	23	27	25	32
1940	221	3	24	26	28	33
1944	222	1	25	29	27	34
1948	222	2	22	-29	31	-34
1950	222	2.5	-22	28	-31	33
1952	222	3	23	27	30	32
1954	222	3.5	-23	-27	-30	31
1956	223	1	24	26	28	31
1960	223	2	21	25	-28	-31
1962	223	2.5	-21	-25	27	-31
1964	223	3	-21	-25	28	30
1968	224	1	24	24	26	31
1974	224	4	25	0	25	-31
1975	224	4.5	-25	0	24	-31
1976	225	1	26	28	24	-31
1978	225	2	24	-28	-24	-31
1980	225	3	27	29	31	-31
1982	225	4	26	28	-31	-31
1984	226	1	-26	-28	30	0
1985	226	1.5	25	-28	-30	0
1986	226	2	24	27	31	0
1987	226	2.5	-24	26	-31	0
1988	226	3	-24	25	32	0
1990	226	4	23	-25	-32	0
1992	227	1	24	24	33	31
1994	227	2	-24	28	-33	-31
1996	227	3	22	29	31	31
1998	227	4	23	28	32	30
2000	228	1	24	-28	-32	28
2001	228	1.5	-24	-28	31	-28
2002	228	2	-24	27	31	-28
2003	228	2.5	-24	26	-31	-28
2004	228	3	21	25	-31	0
2006	228	4	-21	-25	30	32
2008	229	1	0	24	31	33
2010	229	2	24	28	-31	-33
2012	229	3	22	29	-31	33
2014	229	4	24	28	-31	33
2016	230	1	-24	-28	0	33
2017	230	1.5	23	-28	0	-33
2018	230	2	24	26	31	-33
2020	230	3	25	27	29	32
2022	230	4	21	28	30	-32
2024	231	1	24	24	26	31
2026	231	2	-24	28	-26	-31
2027	231	2.5	-24	-28	25	-31
2028	231	3	22	29	26	-31
2030	231	4	25	-29	27	29
2031	231	4.5	-25	28	-27	-29
2032	232	1	-25	27	25	29
2033	232	1.5	24	26	-25	-29
2034	232	2	23	27	-25	-29
2035	232	2.5	22	-27	-25	-29
2036	232	3	21	28	-25	30
2038	232	4	25	27	-25	29
2040	233	1	23	28	0	28
2042	233	2	24	26	28	31
2044	233	3	21	25	-28	-31
2046	233	4	-21	-25	-28	30
2048	234	1	0	24	26	31
2050	234	2	0	28	24	-31
2052	234	3	0	29	27	0
2054	234	4	0	28	26	0
2056	235	1	0	-28	24	35
2057	235	1.5	0	27	-24	-35
2058	235	2	0	26	-24	-35
2059	235	2.5	0	25	-24	-35
2060	235	3	0	24	0	35
2062	235	4	0	26	28	33
2064	236	1	0	25	29	34
2066	236	2	0	-25	30	-34
2068	236	3	0	24	31	36
2070	236	4	24	-24	-31	35
2071	236	4.5	-24	-24	-31	34
2072	237	1	-24	0	-31	33
2073	237	1.5	25	0	-31	-33
2074	237	2	26	28	30	-33
2076	237	3	22	29	31	0
2078	237	4	24	28	-31	33
2080	238	1	21	-28	30	32
2082	238	2	-21	26	-30	-32
2083	238	2.5	-21	-26	31	31
2084	238	3	-21	25	32	30
2086	238	4	-21	-25	28	30
2088	239	1	22	24	26	31
2090	239	2	-22	-24	27	-31
2092	239	3	21	0	28	32
2094	239	4	-21	28	-28	33
2096	240	1	25	29	0	34
2097	240	1.5	-25	28	0	-34
2098	240	2	-25	27	32	-34
2099	240	2.5	24	26	-32	-34
2100	240	3	25	27	-32	-34
2102	240	4	26	28	30	33
2104	241	1	24	26	31	33
2106	241	2	25	27	29	32
2107	241	2.5	-25	-27	-29	31
2108	241	3	21	25	30	32
2112	242	1	0	24	26	33
2115	242	2.5	0	-24	-26	34
2116	242	3	0	-24	31	35
2118	242	4	0	-24	-31	35
2120	243	1	0	0	-31	36
2122	243	2	0	0	30	35
2123	243	2.5	0	0	-30	34
2124	243	3	0	0	29	-34
2125	243	3.5	0	0	-29	33
2126	243	4	0	0	28	33
2128	244	1	0	0	27	-33
2130	244	2	0	0	-27	32
2132	244	3	0	0	26	33
2134	244	4	24	28	24	-33
2136	245	1	22	29	-24	0
2137	245	1.5	-22	-29	25	0
2138	245	2	24	28	26	0
2139	245	2.5	-24	-28	27	0
2140	245	3	-24	26	28	33
2142	245	4	20	27	29	-33
2143	245	4.5	-20	-27	-29	32
2143.5	245	4.75	-20	-27	-29	31
2144	246	1	21	25	28	30
2148	246	3	0	24	-28	28
2150	246	4	24	28	27	-28
2151	246	4.5	-24	-28	26	-28
2152	247	1	22	29	27	0
2154	247	2	24	28	26	28
2156	247	3	-24	26	-26	29
2158	247	4	20	27	29	31
2160	248	1	21	25	28	30
2164	248	3	0	24	-28	31
2166	248	4	21	28	27	32
2167	248	4.5	-21	-28	26	-32
2168	249	1	25	29	27	-32
2169	249	1.5	-25	-29	-27	31
2170	249	2	21	28	28	30
2171	249	2.5	-21	-28	-28	29
2172	249	3	-21	-28	25	30
2173	249	3.5	20	-28	-25	-30
2174	249	4	21	-28	-25	-30
2175	249	4.5	-21	-28	26	-30
2176	250	1	20	29	27	29
2177	250	1.5	21	-29	-27	-29
2178	250	2	22	-29	-27	31
2179	250	2.5	23	28	26	-31
2180	250	3	24	26	24	-31
2181	250	3.5	-24	-26	-24	30
2182	250	4	20	27	31	29
2184	251	1	21	25	-31	28
2186	251	2	23	-25	30	-28
2188	251	3	22	24	31	29
2190	251	4	-22	-24	24	-29
2192	252	1	21	0	25	30
2194	252	2	-21	28	-25	-30
2195	252	2.5	-21	-28	26	-30
2196	252	3	20	29	27	0
2198	252	4	24	28	26	31
2200	253	1	21	-28	30	32
2202	253	2	24	27	31	33
2203	253	2.5	-24	26	-31	-33
2204	253	3	25	25	29	34
2206	253	4	23	27	30	-34
2207	253	4.5	-23	-27	-30	33
2208	254	1	-23	-27	-30	32
2209	254	1.5	-23	-27	29	31
2210	254	2	24	26	28	31
2212	254	3	21	25	-28	-31
2213	254	3.5	-21	-25	27	-31
2214	254	4	-21	-25	28	30
2216	255	1	24	24	26	31
2218	255	2	-24	-24	29	-31
2222	255	4	-24	-24	28	-31
2224	256	1	-24	-24	28	-31
*-	*-	*-	*-	*-	*-	*-
