**absq	**bar	**beat	**b7	**b7	**b7	**b7	**b7	**b7
0	1	1	0	0	29	29	0	0
4	1	3	0	0	-29	29	0	0
6	1	4	0	0	-29	29	0	0
8	2	1	0	0	30	-29	0	0
10	2	2	0	0	-30	28	0	0
11	2	2.5	0	0	-30	27	0	0
12	2	3	0	0	-30	28	0	0
16	3	1	0	0	31	29	0	0
18	3	2	0	0	-31	31	33	0
20	3	3	0	0	-31	-31	33	0
21	3	3.5	0	0	-31	30	-33	0
22	3	4	0	0	-31	29	33	0
24	4	1	0	0	29	-29	-33	0
25	4	1.5	0	0	-29	28	-33	0
26	4	2	0	0	-29	27	32	0
27	4	2.5	0	0	-29	26	31	0
28	4	3	0	0	-29	27	32	0
32	5	1	0	0	28	26	33	0
34	5	2	0	26	-28	-26	-33	0
36	5	3	0	26	-28	-26	35	0
38	5	4	0	26	-28	-26	-35	0
40	6	1	0	-26	29	0	-35	0
42	6	2	0	25	-29	0	34	0
43	6	2.5	0	24	-29	0	33	0
44	6	3	0	25	-29	0	34	0
48	7	1	0	26	28	0	30	0
50	7	2	0	-26	-28	26	-30	0
52	7	3	0	19	-28	26	-30	0
54	7	4	0	-19	-28	26	-30	0
56	8	1	0	20	29	-26	0	0
58	8	2	0	-20	-29	25	29	0
59	8	2.5	0	-20	-29	24	-29	0
60	8	3	0	20	-29	25	29	0
62	8	4	0	-20	-29	-25	29	0
64	9	1	0	19	0	26	-29	0
66	9	2	0	-19	0	-26	28	0
67	9	2.5	0	-19	0	-26	27	0
68	9	3	0	26	0	0	28	0
70	9	4	0	-26	0	26	-28	0
72	10	1	0	25	0	27	29	0
74	10	2	0	24	0	26	-29	0
76	10	3	0	25	0	27	0	0
78	10	4	0	27	0	29	29	0
80	11	1	0	26	0	28	30	0
82	11	2	0	24	0	29	29	0
84	11	3	0	23	0	-29	30	0
85	11	3.5	0	-23	0	27	-30	0
86	11	4	0	-23	0	28	32	0
88	12	1	0	22	0	29	31	0
90	12	2	0	-22	0	27	32	0
92	12	3	0	0	0	26	-32	0
93	12	3.5	0	0	0	-26	30	0
94	12	4	0	22	0	-26	31	0
96	13	1	0	23	0	25	32	0
98	13	2	0	21	0	-25	30	0
100	13	3	0	20	0	0	29	0
102	13	4	0	-20	0	25	-29	0
104	14	1	0	19	0	26	28	0
106	14	2	0	-19	0	28	-28	0
109	14	3.5	0	-19	0	27	0	0
110	14	4	0	-19	0	28	28	0
111	14	4.5	0	-19	0	26	-28	0
112	15	1	0	0	0	27	29	0
114	15	2	0	0	0	26	31	0
116	15	3	0	0	0	29	-31	0
117	15	3.5	0	0	0	-29	30	0
118	15	4	0	0	0	-29	31	0
119	15	4.5	0	0	0	-29	29	0
120	16	1	0	0	0	28	30	0
122	16	2	0	0	0	29	31	0
125	16	3.5	0	0	0	28	30	0
126	16	4	0	0	0	29	31	0
127	16	4.5	0	0	0	27	29	0
128	17	1	0	0	26	28	30	0
130	17	2	0	26	-26	-28	-30	0
132	17	3	0	26	-26	-28	-30	0
134	17	4	0	26	-26	-28	-30	0
136	18	1	0	-26	27	0	0	0
138	18	2	0	25	-27	0	0	0
139	18	2.5	0	24	-27	0	0	0
140	18	3	0	25	-27	0	0	0
144	19	1	0	26	28	0	0	0
146	19	2	0	28	-28	30	0	0
148	19	3	0	-28	-28	30	0	0
149	19	3.5	0	27	-28	-30	0	0
150	19	4	0	26	-28	30	0	0
152	20	1	0	-26	26	-30	0	0
153	20	1.5	0	25	-26	-30	0	0
154	20	2	0	24	-26	29	0	0
155	20	2.5	0	23	-26	28	0	0
156	20	3	0	24	-26	29	0	0
160	21	1	0	23	25	30	0	0
162	21	2	0	-23	-25	28	30	0
164	21	3	0	23	-25	27	30	0
166	21	4	0	-23	-25	-27	30	0
168	22	1	0	24	26	26	-30	0
170	22	2	0	-24	-26	-26	29	0
171	22	2.5	0	-24	-26	-26	28	0
172	22	3	0	24	-26	0	29	0
176	23	1	0	23	25	0	30	0
178	23	2	0	-23	-25	30	28	0
180	23	3	0	23	-25	30	27	0
182	23	4	0	-23	-25	30	-27	0
184	24	1	0	24	26	-30	26	0
186	24	2	0	-24	-26	29	-26	0
187	24	2.5	0	-24	-26	28	-26	0
188	24	3	0	24	-26	29	0	0
192	25	1	0	23	0	30	0	0
194	25	2	0	-23	0	32	0	0
196	25	3	0	-23	0	-32	30	0
197	25	3.5	0	-23	0	31	-30	0
198	25	4	0	-23	0	30	-30	0
200	26	1	0	0	0	-30	31	0
202	26	2	0	0	0	29	-31	0
203	26	2.5	0	0	0	28	-31	0
204	26	3	0	0	0	29	31	0
208	27	1	0	0	0	30	30	0
210	27	2	0	0	0	-30	32	0
213	27	3.5	0	0	0	0	31	0
214	27	4	0	0	0	30	30	0
216	28	1	0	0	0	31	-30	0
218	28	2	0	0	0	-31	29	0
219	28	2.5	0	0	0	-31	28	0
220	28	3	0	0	0	31	29	0
224	29	1	0	0	0	30	30	0
226	29	2	0	0	0	-30	32	0
228	29	3	0	0	0	28	33	0
230	29	4	0	0	0	-28	35	0
232	30	1	0	0	0	29	-35	0
234	30	2	0	0	0	-29	34	0
236	30	3	0	0	0	31	33	0
238	30	4	0	0	0	-31	35	0
240	31	1	0	0	0	30	-35	0
242	31	2	0	0	0	29	34	0
244	31	3	0	0	0	31	33	0
246	31	4	0	0	0	30	32	0
249	32	1.5	0	0	0	29	31	0
250	32	2	0	0	0	29	29	0
252	32	3	0	0	0	-29	30	0
254	32	4	0	0	0	28	-30	0
256	33	1	0	0	22	29	29	0
258	33	2	0	22	-22	-29	-29	0
260	33	3	0	22	-22	-29	-29	0
262	33	4	0	22	-22	-29	-29	0
264	34	1	0	-22	23	0	0	0
266	34	2	0	21	-23	0	0	0
267	34	2.5	0	20	-23	0	0	0
268	34	3	0	21	-23	0	0	0
272	35	1	0	22	24	0	0	0
274	35	2	0	24	-24	26	0	0
276	35	3	0	-24	-24	26	0	0
277	35	3.5	0	23	-24	-26	0	0
278	35	4	0	22	-24	26	0	0
280	36	1	0	-22	22	-26	0	0
281	36	1.5	0	21	-22	-26	0	0
282	36	2	0	20	-22	25	0	0
283	36	2.5	0	19	-22	24	0	0
284	36	3	0	20	-22	25	0	0
288	37	1	0	19	21	26	0	0
292	37	3	0	0	-21	0	30	0
294	37	4	0	19	-21	26	-30	0
296	38	1	0	20	22	24	29	0
298	38	2	0	-20	-22	-24	31	0
300	38	3	0	20	-22	25	-31	0
302	38	4	0	-20	-22	-25	30	0
303	38	4.5	0	-20	-22	-25	29	0
304	39	1	0	19	21	26	31	0
306	39	2	0	-19	-21	-26	30	0
310	39	4	0	19	-21	26	30	0
312	40	1	0	20	22	24	29	0
314	40	2	0	-20	-22	-24	31	0
316	40	3	0	20	-22	25	-31	0
318	40	4	0	-20	-22	-25	30	0
319	40	4.5	0	-20	-22	-25	29	0
320	41	1	0	19	0	26	28	0
322	41	2	0	-19	0	24	26	0
324	41	3	0	0	0	23	27	0
326	41	4	0	19	0	-23	28	0
328	42	1	0	20	0	22	29	0
330	42	2	0	21	0	-22	-29	0
331	42	2.5	0	-21	0	-22	28	0
332	42	3	0	22	0	0	27	0
333	42	3.5	0	-22	0	0	26	0
334	42	4	0	23	0	0	28	0
336	43	1	0	-23	0	0	27	0
337	43	1.5	0	-23	0	0	26	0
338	43	2	0	21	0	0	26	0
340	43	3	0	20	0	0	-26	0
342	43	4	0	-20	0	22	25	0
344	44	1	0	19	0	23	26	0
346	44	2	0	-19	0	24	33	0
348	44	3	0	-19	0	25	-33	0
349	44	3.5	0	-19	0	-25	32	0
350	44	4	0	-19	0	26	31	0
352	45	1	0	-19	0	-26	30	0
353	45	1.5	0	-19	0	-26	29	0
354	45	2	0	-19	0	24	29	0
356	45	3	0	-19	0	23	-29	0
358	45	4	0	-19	0	-23	28	0
360	46	1	0	22	0	22	29	0
368	47	1	0	0	0	0	0	0
368	47	1	0	0	0	0	29	0
371	47	2.5	0	0	0	0	30	0
372	47	3	0	0	0	0	31	0
374	47	4	0	0	0	0	32	0
376	48	1	0	0	0	0	30	0
380	48	3	0	0	0	0	29	0
384	49	1	0	0	22	0	33	0
387	49	2.5	0	0	23	0	-33	0
388	49	3	0	0	24	0	-33	0
390	49	4	0	0	25	0	29	0
392	50	1	0	0	23	0	30	0
394	50	2	0	0	-23	0	32	0
396	50	3	0	0	22	0	31	0
400	51	1	0	0	26	26	30	0
403	51	2.5	0	0	-26	27	-30	0
404	51	3	0	0	-26	28	-30	0
406	51	4	0	0	22	29	31	0
408	52	1	0	0	23	27	32	0
410	52	2	0	0	25	-27	-32	0
412	52	3	0	0	24	26	33	0
416	53	1	0	0	23	30	32	0
418	53	2	0	0	-23	-30	32	0
422	53	4	0	0	24	26	31	0
423	53	4.5	0	0	-24	-26	30	0
424	54	1	0	0	25	27	29	0
426	54	2	0	0	-25	29	-29	0
428	54	3	0	0	26	28	0	0
432	55	1	0	0	25	27	29	0
434	55	2	0	0	25	-27	-29	0
438	55	4	0	0	24	28	30	0
439	55	4.5	0	0	23	-28	-30	0
440	56	1	0	0	22	29	31	0
444	56	3	0	0	0	30	32	0
446	56	4	0	0	0	-30	30	0
448	57	1	0	0	22	29	31	0
450	57	2	0	0	-22	29	29	0
452	57	3	0	0	-22	-29	31	0
454	57	4	0	0	23	28	32	0
455	57	4.5	0	0	-23	27	-32	0
456	58	1	0	0	24	26	33	0
460	58	3	0	0	25	0	29	0
462	58	4	0	0	23	0	32	0
464	59	1	0	0	24	26	31	0
466	59	2	0	0	22	-26	33	0
468	59	3	0	0	24	-26	-33	0
470	59	4	0	0	25	27	32	0
471	59	4.5	0	0	-25	-27	31	0
472	60	1	0	0	26	28	30	0
476	60	3	0	0	22	29	0	0
478	60	4	0	0	25	27	29	0
480	61	1	0	0	24	28	33	0
482	61	2	0	0	26	26	-33	0
483	61	2.5	0	0	-26	-26	32	0
484	61	3	0	0	-26	28	30	0
486	61	4	0	0	25	29	33	0
487	61	4.5	0	0	24	-29	-33	0
488	62	1	0	0	23	30	32	0
490	62	2	0	0	-23	-30	30	0
492	62	3	0	0	0	26	31	0
494	62	4	0	0	22	29	-31	0
495	62	4.5	0	0	-22	-29	32	0
496	63	1	0	0	26	28	30	0
498	63	2	0	0	-26	30	33	0
499	63	2.5	0	0	25	-30	-33	0
500	63	3	0	0	23	-30	32	0
502	63	4	0	0	26	29	30	0
503	63	4.5	0	0	-26	28	-30	0
504	64	1	0	0	25	27	-30	0
505	64	1.5	0	0	-25	-27	31	0
506	64	2	0	0	23	-27	32	0
508	64	3	0	0	24	0	28	0
510	64	4	0	0	-24	26	33	0
511	64	4.5	0	0	25	-26	-33	0
512	65	1	0	0	23	30	32	0
514	65	2	0	0	26	-30	30	0
515	65	2.5	0	0	-26	29	-30	0
516	65	3	0	0	25	27	-30	0
517	65	3.5	0	0	-25	-27	31	0
518	65	4	0	0	23	30	32	0
520	66	1	0	0	-23	29	-32	0
521	66	1.5	0	0	24	-29	31	0
522	66	2	0	0	25	27	29	0
524	66	3	0	0	21	28	30	0
526	66	4	0	0	26	-28	-30	0
527	66	4.5	0	0	-26	29	31	0
528	67	1	0	0	25	27	32	0
529	67	1.5	0	0	-25	-27	33	0
530	67	2	0	0	23	30	32	0
532	67	3	0	0	-23	29	-32	0
533	67	3.5	0	0	24	-29	-32	0
534	67	4	0	0	25	27	29	0
536	68	1	0	0	-25	-27	30	0
537	68	1.5	0	0	24	28	-30	0
538	68	2	0	0	22	29	31	0
540	68	3	0	0	23	25	32	0
542	68	4	0	0	-23	30	-32	0
543	68	4.5	0	0	24	-30	-32	0
544	69	1	0	0	25	29	-32	0
545	69	1.5	0	0	26	-29	-32	0
546	69	2	0	0	25	27	31	0
547	69	2.5	0	0	-25	-27	30	0
548	69	3	0	0	-25	-27	29	0
549	69	3.5	0	0	-25	28	-29	0
550	69	4	0	0	22	29	31	0
552	70	1	0	0	23	-29	32	0
553	70	1.5	0	0	-23	28	-32	0
554	70	2	0	0	24	26	33	0
556	70	3	0	0	25	27	29	0
559	70	4.5	0	0	-25	28	-29	0
560	71	1	0	0	-25	29	-29	0
561	71	1.5	0	0	-25	30	-29	0
562	71	2	0	0	24	29	-29	0
563	71	2.5	0	0	23	-29	-29	0
564	71	3	0	0	22	-29	0	0
566	71	4	0	0	24	26	33	0
568	72	1	0	0	25	27	32	0
570	72	2	0	0	26	28	30	0
572	72	3	0	0	22	29	31	0
574	72	4	0	0	-22	-29	29	0
576	73	1	0	0	-22	-29	31	0
578	73	2	0	0	-22	28	-31	0
579	73	2.5	0	0	-22	27	30	0
580	73	3	0	0	0	26	28	0
582	73	4	0	0	26	28	-28	0
584	74	1	0	0	25	29	0	0
586	74	2	0	0	23	30	32	0
588	74	3	0	0	24	26	33	0
590	74	4	0	0	22	-26	31	0
592	75	1	0	0	24	-26	33	0
595	75	2.5	0	0	23	-26	32	0
596	75	3	0	0	21	0	30	0
598	75	4	0	0	-21	30	32	0
600	76	1	0	0	0	29	31	0
602	76	2	0	0	25	27	29	0
604	76	3	0	0	26	28	0	0
606	76	4	0	0	24	26	33	0
608	77	1	0	0	26	28	-33	0
610	77	2	0	0	-26	-28	30	0
611	77	2.5	0	0	25	27	-30	0
612	77	3	0	0	23	25	32	0
614	77	4	0	0	25	-25	29	0
616	78	1	0	0	24	0	31	0
618	78	2	0	0	22	29	-31	0
620	78	3	0	0	0	30	30	0
622	78	4	0	0	26	28	-30	0
624	79	1	0	0	-26	30	0	0
626	79	2	0	0	23	-30	30	0
627	79	2.5	0	0	-23	29	-30	0
628	79	3	0	0	25	27	29	0
630	79	4	0	0	22	29	31	0
632	80	1	0	0	24	28	-31	0
633	80	1.5	0	0	-24	-28	30	0
634	80	2	0	0	-24	26	28	0
635	80	2.5	0	0	-24	-26	29	0
636	80	3	0	0	23	0	30	0
637	80	3.5	0	0	-23	0	31	0
638	80	4	0	0	-23	30	32	0
640	81	1	0	0	0	-30	28	0
642	81	2	0	0	23	27	32	0
644	81	3	0	0	22	29	31	0
646	81	4	0	0	24	26	33	0
648	82	1	0	0	-24	28	-33	0
649	82	1.5	0	0	23	-28	-33	0
650	82	2	0	0	21	-28	30	0
651	82	2.5	0	0	22	-28	-30	0
652	82	3	0	0	23	27	32	0
653	82	3.5	0	0	24	-27	-32	0
654	82	4	0	0	25	-27	29	0
656	83	1	0	0	21	0	30	0
658	83	2	0	0	25	27	29	0
660	83	3	0	0	24	26	31	0
662	83	4	0	0	26	28	30	0
665	84	1.5	0	0	-26	27	0	0
666	84	2	0	0	23	25	30	0
667	84	2.5	0	0	-23	26	-30	0
668	84	3	0	0	25	27	29	0
669	84	3.5	0	0	-25	28	-29	0
670	84	4	0	0	22	29	31	0
672	85	1	0	0	23	25	32	0
674	85	2	0	0	22	29	33	0
676	85	3	0	0	24	28	-33	0
678	85	4	0	0	23	30	32	0
680	86	1	0	0	0	-30	30	0
682	86	2	0	0	23	27	32	0
684	86	3	0	0	22	29	31	0
686	86	4	0	0	24	26	-31	0
687	86	4.5	0	0	-24	-26	30	0
688	87	1	0	0	25	27	29	0
690	87	2	0	0	26	26	28	0
691	87	2.5	0	0	-26	-26	29	0
692	87	3	0	0	-26	28	30	0
693	87	3.5	0	0	-26	-28	31	0
694	87	4	0	0	25	27	32	0
696	88	1	0	0	23	0	-32	0
698	88	2	0	0	25	27	29	0
699	88	2.5	0	0	-25	-27	30	0
700	88	3	0	0	24	26	31	0
701	88	3.5	0	0	-24	-26	32	0
702	88	4	0	0	-24	28	33	0
703	88	4.5	0	0	23	-28	-33	0
704	89	1	0	0	22	29	-33	0
706	89	2	0	0	21	30	30	0
707	89	2.5	0	0	22	-30	-30	0
708	89	3	0	0	23	-30	32	0
709	89	3.5	0	0	24	-30	-32	0
710	89	4	0	0	25	29	-32	0
711	89	4.5	0	0	-25	-29	31	0
712	90	1	0	0	-25	27	29	0
714	90	2	0	0	22	29	31	0
715	90	2.5	0	0	23	-29	-31	0
716	90	3	0	0	24	28	-31	0
717	90	3.5	0	0	25	-28	-31	0
718	90	4	0	0	26	-28	30	0
719	90	4.5	0	0	-26	27	-30	0
720	91	1	0	0	-26	26	28	0
722	91	2	0	0	23	25	30	0
723	91	2.5	0	0	-23	26	-30	0
724	91	3	0	0	25	27	29	0
725	91	3.5	0	0	-25	28	-29	0
726	91	4	0	0	-25	29	32	0
727	91	4.5	0	0	24	-29	-32	0
728	92	1	0	0	22	-29	31	0
730	92	2	0	0	24	26	33	0
731	92	2.5	0	0	-24	27	-33	0
732	92	3	0	0	-24	28	-33	0
733	92	3.5	0	0	-24	29	-33	0
734	92	4	0	0	23	30	32	0
736	93	1	0	0	21	-30	30	0
738	93	2	0	0	23	27	32	0
740	93	3	0	0	22	29	31	0
742	93	4	0	0	25	-29	29	0
743	93	4.5	0	0	-25	28	-29	0
744	94	1	0	0	24	26	33	0
746	94	2	0	0	26	28	-33	0
748	94	3	0	0	-26	-28	30	0
750	94	4	0	0	25	27	32	0
752	95	1	0	0	23	25	-32	0
754	95	2	0	0	25	27	29	0
756	95	3	0	0	24	26	31	0
758	95	4	0	0	22	29	-31	0
760	96	1	0	0	26	28	30	0
768	97	1	0	0	0	0	0	0
768	97	1	0	0	0	0	0	29
772	97	3	0	0	0	29	0	-29
776	98	1	0	0	0	30	0	28
782	98	4	0	0	0	29	0	-28
783	98	4.5	0	0	0	28	0	-28
784	99	1	0	0	0	27	0	29
787	99	2.5	0	0	0	26	0	-29
788	99	3	0	0	0	27	29	-29
792	100	1	0	0	0	26	30	28
793	100	1.5	0	0	0	27	-30	-28
794	100	2	0	0	0	28	-30	-28
795	100	2.5	0	0	0	29	-30	-28
796	100	3	0	0	0	30	-30	-28
798	100	4	0	0	0	-30	29	-28
799	100	4.5	0	0	0	31	28	-28
800	101	1	0	0	0	32	27	29
802	101	2	0	0	0	33	-27	-29
803	101	2.5	0	0	0	-33	26	-29
804	101	3	0	0	0	-33	27	-29
806	101	4	0	0	0	32	-27	-29
808	102	1	0	0	0	33	26	31
810	102	2	0	0	0	-33	33	-31
812	102	3	0	0	0	29	-33	-31
813	102	3.5	0	0	0	-29	32	-31
814	102	4	0	0	0	-29	33	-31
815	102	4.5	0	0	0	-29	34	-31
816	103	1	0	0	0	28	35	30
818	103	2	0	0	0	30	-35	-30
819	103	2.5	0	0	0	-30	34	-30
820	103	3	0	0	0	-30	32	-30
822	103	4	0	0	0	29	33	-30
823	103	4.5	0	0	0	28	-33	-30
824	104	1	0	0	0	27	-33	29
826	104	2	0	0	0	-27	32	-29
827	104	2.5	0	0	0	26	31	-29
828	104	3	0	0	0	27	32	-29
832	105	1	0	0	22	26	33	0
836	105	3	22	0	-22	0	-33	0
838	105	4	-22	0	-22	26	32	0
839	105	4.5	-22	0	-22	-26	31	0
840	106	1	23	0	21	28	32	0
841	106	1.5	-23	0	-21	-28	31	0
842	106	2	-23	0	-21	-28	30	0
843	106	2.5	-23	0	-21	27	29	0
844	106	3	-23	0	-21	25	30	0
846	106	4	22	0	-21	26	-30	0
847	106	4.5	21	0	-21	-26	-30	0
848	107	1	20	0	22	-26	29	0
850	107	2	-20	0	-22	25	-29	0
851	107	2.5	19	0	-22	24	-29	0
852	107	3	20	22	-22	25	-29	0
856	108	1	19	23	21	26	0	0
857	108	1.5	20	-23	-21	-26	0	0
858	108	2	21	-23	-21	-26	0	0
859	108	2.5	22	-23	-21	-26	0	0
860	108	3	23	-23	-21	25	0	0
862	108	4	-23	22	-21	-25	0	0
863	108	4.5	24	21	-21	-25	0	0
864	109	1	25	20	22	0	0	0
866	109	2	26	-20	-22	0	0	0
867	109	2.5	-26	19	-22	0	0	0
868	109	3	-26	20	-22	29	0	0
870	109	4	25	-20	-22	-29	0	0
872	110	1	26	19	24	28	0	0
874	110	2	-26	26	-24	-28	0	0
876	110	3	22	-26	-24	29	0	0
877	110	3.5	-22	25	-24	-29	0	0
878	110	4	-22	26	-24	-29	0	0
879	110	4.5	-22	27	-24	-29	0	0
880	111	1	21	28	23	30	0	0
882	111	2	23	-28	-23	-30	0	0
883	111	2.5	-23	27	-23	29	0	0
884	111	3	-23	25	-23	27	0	0
886	111	4	22	26	-23	28	0	0
887	111	4.5	21	-26	-23	-28	0	0
888	112	1	20	-26	22	29	0	0
890	112	2	-20	25	-22	26	0	0
891	112	2.5	19	24	-22	-26	0	0
892	112	3	20	25	-22	29	36	0
895	112	4.5	-20	-25	-22	30	-36	0
896	113	1	19	26	0	31	35	33
898	113	2	-19	-26	0	-31	33	-33
900	113	3	-19	-26	0	30	35	-33
904	114	1	23	0	0	0	34	32
906	114	2	-23	0	0	0	32	-32
908	114	3	-23	0	0	32	34	-32
912	115	1	0	0	0	31	33	33
914	115	2	0	0	0	29	-33	-33
916	115	3	0	0	0	31	29	-33
920	116	1	0	0	0	30	0	32
922	116	2	0	0	0	28	0	-32
924	116	3	0	0	0	30	32	-32
928	117	1	0	0	0	29	31	33
930	117	2	0	0	0	31	29	-33
932	117	3	0	0	0	-31	31	-33
934	117	4	0	0	0	30	-31	-33
935	117	4.5	0	0	0	29	-31	-33
936	118	1	0	0	0	28	30	35
938	118	2	0	0	0	26	-30	-35
940	118	3	0	0	0	-26	33	-35
941	118	3.5	0	0	0	27	-33	-35
942	118	4	0	0	0	28	-33	-35
943	118	4.5	0	0	0	29	-33	-35
944	119	1	0	0	0	30	32	34
946	119	2	0	0	0	32	30	-34
948	119	3	0	0	0	-32	32	-34
950	119	4	0	0	0	30	-32	-34
952	120	1	0	0	0	31	31	33
954	120	2	0	0	0	-31	29	-33
955	120	2.5	0	0	0	32	-29	-33
956	120	3	0	29	0	33	31	-33
958	120	4	0	-29	0	29	-31	-33
960	121	1	0	28	26	30	30	35
962	121	2	0	26	-26	-30	-30	-35
963	121	2.5	0	-26	-26	28	-30	-35
964	121	3	0	28	-26	28	0	-35
966	121	4	0	-28	-26	-28	30	34
967	121	4.5	0	-28	-26	-28	-30	33
968	122	1	0	27	25	0	32	34
970	122	2	0	25	-25	0	-32	-34
971	122	2.5	0	-25	-25	0	31	35
972	122	3	25	27	-25	0	29	36
975	122	4.5	-25	-27	-25	0	30	-36
976	123	1	24	26	26	0	31	0
977	123	1.5	-24	-26	-26	0	32	0
978	123	2	22	-26	-26	0	33	0
980	123	3	24	22	-26	0	-33	0
982	123	4	-24	-22	-26	0	31	0
984	124	1	23	0	25	0	32	0
986	124	2	21	0	-25	32	30	0
988	124	3	23	0	-25	32	-30	0
989	124	3.5	-23	0	-25	-32	27	0
990	124	4	-23	0	-25	32	28	0
992	125	1	22	0	26	31	29	0
994	125	2	-22	0	-26	29	-29	0
996	125	3	-22	26	-26	31	-29	0
998	125	4	-22	-26	-26	-31	-29	33
1000	126	1	19	26	28	30	0	-33
1001	126	1.5	-19	-26	-28	-30	0	34
1002	126	2	-19	-26	-28	-30	0	35
1004	126	3	-19	26	-28	0	0	-35
1006	126	4	-19	-26	-28	30	0	34
1007	126	4.5	-19	-26	-28	-30	0	33
1008	127	1	0	25	27	-30	0	34
1009	127	1.5	0	-25	-27	31	0	-34
1010	127	2	0	23	-27	32	30	32
1012	127	3	0	25	-27	-32	29	0
1013	127	3.5	0	-25	-27	31	-29	0
1014	127	4	0	-25	-27	29	27	32
1016	128	1	0	24	26	-29	0	33
1017	128	1.5	0	-24	-26	30	0	-33
1018	128	2	0	22	-26	31	29	31
1020	128	3	0	24	-26	-31	28	33
1021	128	3.5	0	-24	-26	30	-28	-33
1022	128	4	0	-24	-26	28	26	-33
1024	129	1	0	23	0	-28	0	32
1025	129	1.5	0	-23	0	29	0	-32
1026	129	2	0	21	0	30	28	30
1028	129	3	0	23	0	-30	27	32
1029	129	3.5	0	-23	0	27	-27	-32
1030	129	4	0	-23	0	28	25	-32
1032	130	1	0	22	0	29	27	31
1034	130	2	0	-22	0	-29	26	29
1036	130	3	22	-22	0	-29	0	31
1038	130	4	-22	-22	0	-29	26	-31
1040	131	1	21	0	0	0	-26	30
1041	131	1.5	-21	0	0	0	27	-30
1042	131	2	19	26	0	0	28	28
1044	131	3	21	25	0	0	-28	30
1045	131	3.5	-21	-25	0	0	27	-30
1046	131	4	-21	23	0	0	25	-30
1048	132	1	20	25	0	0	-25	29
1049	132	1.5	-20	-25	0	0	26	-29
1050	132	2	18	-25	0	0	27	-29
1051	132	2.5	-18	24	0	0	-27	-29
1052	132	3	20	22	0	36	-27	-29
1053	132	3.5	-20	-22	0	-36	24	-29
1054	132	4	-20	-22	0	-36	25	-29
1056	133	1	19	23	0	35	26	0
1058	133	2	-19	-23	0	33	-26	33
1060	133	3	-19	26	0	35	-26	-33
1061	133	3.5	-19	-26	0	-35	-26	32
1062	133	4	-19	-26	0	-35	-26	30
1064	134	1	0	25	0	34	0	-30
1065	134	1.5	0	-25	0	-34	0	31
1066	134	2	0	23	0	32	30	32
1068	134	3	0	25	0	34	29	-32
1069	134	3.5	0	-25	0	-34	-29	31
1070	134	4	0	-25	0	-34	27	29
1072	135	1	0	24	0	33	29	-29
1073	135	1.5	0	-24	0	-33	-29	30
1074	135	2	0	22	0	-33	-29	31
1075	135	2.5	0	-22	0	-33	28	-31
1076	135	3	22	24	0	-33	26	-31
1078	135	4	-22	-24	0	-33	-26	30
1079	135	4.5	-22	-24	0	-33	-26	29
1080	136	1	21	23	0	0	0	30
1082	136	2	19	26	0	0	28	28
1084	136	3	21	25	0	0	-28	30
1085	136	3.5	-21	-25	0	0	27	-30
1086	136	4	-21	23	0	0	25	-30
1088	137	1	20	25	29	0	-25	29
1089	137	1.5	-20	-25	-29	0	26	-29
1090	137	2	18	-25	-29	0	27	-29
1091	137	2.5	-18	24	-29	0	-27	-29
1092	137	3	20	22	-29	0	-27	-29
1093	137	3.5	-20	-22	-29	0	24	-29
1094	137	4	-20	-22	-29	0	25	-29
1095	137	4.5	-20	23	-29	0	-25	-29
1096	138	1	19	24	28	0	26	0
1099	138	2.5	-19	25	-28	0	-26	0
1100	138	3	-19	23	-28	30	-26	0
1104	139	1	22	22	29	31	-26	0
1108	139	3	-22	-22	-29	31	-26	33
1112	140	1	0	26	28	30	0	35
1115	140	2.5	0	-26	-28	-30	0	34
1116	140	3	19	-26	-28	30	30	35
1118	140	4	-19	-26	-28	-30	-30	33
1120	141	1	22	22	29	29	31	-33
1122	141	2	-22	-22	-29	-29	-31	31
1124	141	3	18	25	-29	-29	32	34
1128	142	1	22	24	31	-29	33	33
1130	142	2	-22	-24	-31	-29	-33	29
1132	142	3	-22	22	-31	-29	-33	36
1136	143	1	0	26	30	0	0	-36
1138	143	2	0	-26	-30	0	0	35
1139	143	2.5	0	-26	-30	0	0	34
1140	143	3	19	-26	-30	30	33	35
1144	144	1	22	22	29	31	33	36
1148	144	3	18	25	-29	32	34	-36
1152	145	1	22	24	-29	33	33	-36
1156	145	3	-22	22	-29	33	31	-36
1160	146	1	18	25	-29	34	32	-36
1168	147	1	22	22	-29	33	31	-36
*-	*-	*-	*-	*-	*-	*-	*-	*-
