**absq	**bar	**beat	**b7	**b7	**b7	**b7
0	1	1	0	0	29	0
6	1	4	0	0	29	0
8	2	1	0	0	26	33
12	2	3	0	0	29	-33
14	2	4	0	0	-29	33
16	3	1	0	0	28	30
20	3	3	0	0	26	33
24	4	1	0	0	0	32
26	4	2	0	0	28	-32
28	4	3	0	0	-28	30
30	4	4	0	0	29	-30
32	5	1	0	0	30	0
34	5	2	0	0	-30	32
36	5	3	0	0	28	-32
38	5	4	0	0	-28	33
40	6	1	0	0	29	34
44	6	3	0	0	30	32
48	7	1	0	0	28	33
50	7	2	0	0	29	-33
52	7	3	0	0	27	34
56	8	1	0	0	26	35
59	8	2.5	0	0	27	34
60	8	3	0	0	28	33
61	8	3.5	0	0	29	-33
62	8	4	0	0	30	32
65	9	1.5	0	0	29	31
66	9	2	0	0	29	30
67	9	2.5	0	0	-29	29
68	9	3	0	0	-29	30
70	9	4	0	0	28	-30
72	10	1	22	0	29	29
78	10	4	22	0	-29	-29
80	11	1	19	26	28	30
82	11	2	-19	-26	-28	31
84	11	3	22	-26	26	-31
86	11	4	-22	26	-26	30
87	11	4.5	-22	-26	-26	29
88	12	1	21	23	0	30
90	12	2	-21	-23	28	-30
92	12	3	19	26	-28	-30
94	12	4	-19	-26	29	-30
96	13	1	0	25	30	-30
98	13	2	21	-25	-30	-30
100	13	3	-21	23	-30	-30
102	13	4	22	-23	-30	-30
104	14	1	23	0	-30	0
106	14	2	-23	25	-30	0
108	14	3	21	-25	-30	0
110	14	4	-21	26	-30	0
112	15	1	22	27	0	0
114	15	2	23	-27	0	0
116	15	3	-23	25	0	0
117	15	3.5	22	-25	0	0
118	15	4	21	-25	0	0
119	15	4.5	20	-25	0	0
120	16	1	19	26	0	0
122	16	2	26	-26	0	0
124	16	3	25	27	0	0
126	16	4	23	28	0	0
128	17	1	24	-28	0	0
129	17	1.5	-24	27	0	0
130	17	2	-24	26	0	0
131	17	2.5	23	25	0	0
132	17	3	22	24	0	0
134	17	4	23	23	0	0
135	17	4.5	-23	24	0	0
136	18	1	-23	25	0	0
137	18	1.5	21	23	0	0
138	18	2	22	26	0	0
140	18	3	20	-26	22	36
142	18	4	-20	25	-22	-36
144	19	1	19	26	23	35
146	19	2	-19	-26	24	33
148	19	3	0	-26	23	35
150	19	4	26	-26	30	-35
152	20	1	25	23	-30	34
154	20	2	23	-23	29	-34
155	20	2.5	-23	-23	28	-34
156	20	3	25	-23	27	-34
160	21	1	24	0	28	33
162	21	2	-24	0	26	-33
164	21	3	-24	26	28	-33
166	21	4	-24	-26	29	-33
168	22	1	23	25	30	0
170	22	2	-23	23	-30	35
172	22	3	0	25	29	34
174	22	4	0	-25	27	32
176	23	1	22	24	29	33
179	23	2.5	-22	-24	-29	34
180	23	3	26	-24	28	35
184	24	1	19	23	-28	-35
186	24	2	-19	-23	-28	34
187	24	2.5	-19	-23	-28	33
188	24	3	23	-23	27	32
190	24	4	-23	-23	25	-32
191	24	4.5	24	-23	-25	-32
192	25	1	25	0	27	-32
193	25	1.5	26	0	-27	-32
194	25	2	25	0	-27	-32
195	25	2.5	-25	0	28	-32
196	25	3	-25	0	29	0
197	25	3.5	-25	0	30	0
198	25	4	24	0	29	0
199	25	4.5	23	0	-29	0
200	26	1	24	0	-29	0
201	26	1.5	23	0	28	0
202	26	2	22	0	28	0
203	26	2.5	21	0	-28	0
204	26	3	22	0	-28	0
205	26	3.5	-22	0	27	0
206	26	4	-22	0	27	0
208	27	1	21	0	28	0
210	27	2	-21	30	-28	35
214	27	4	-21	29	-28	34
216	28	1	0	28	0	33
218	28	2	0	27	0	32
220	28	3	0	29	0	31
222	28	4	0	-29	0	30
223	28	4.5	0	28	0	-30
224	29	1	0	27	0	29
225	29	1.5	0	26	0	-29
226	29	2	0	26	0	28
228	29	3	0	-26	0	27
230	29	4	0	25	0	-27
232	30	1	0	28	0	26
234	30	2	0	-28	0	33
236	30	3	0	27	0	-33
238	30	4	25	-27	0	32
240	31	1	-25	26	26	33
242	31	2	24	-26	-26	-33
244	31	3	23	25	27	0
246	31	4	22	-25	-27	0
248	32	1	21	0	26	0
250	32	2	20	0	25	0
252	32	3	19	28	-25	33
254	32	4	-19	-28	24	-33
256	33	1	18	27	25	34
259	33	2.5	-18	28	-25	-34
260	33	3	0	29	0	34
262	33	4	25	-29	32	-34
264	34	1	26	28	-32	35
265	34	1.5	-26	-28	30	-35
266	34	2	-26	26	31	-35
268	34	3	25	27	32	34
270	34	4	24	-27	29	33
271	34	4.5	-24	28	-29	-33
272	35	1	23	25	-29	-33
273	35	1.5	-23	-25	27	32
274	35	2	-23	-25	28	32
276	35	3	22	26	29	-32
278	35	4	-22	-26	-29	31
280	36	1	18	0	27	32
282	36	2	21	25	28	-32
284	36	3	21	-25	25	-32
286	36	4	-21	25	28	-32
287	36	4.5	21	-25	-28	-32
288	37	1	23	-25	-28	0
289	37	1.5	-23	25	-28	0
290	37	2	22	27	27	0
292	37	3	21	26	28	0
294	37	4	23	25	32	0
296	38	1	-23	27	32	0
297	38	1.5	24	-27	-32	0
298	38	2	25	-27	-32	0
299	38	2.5	-25	28	30	0
299.5	38	2.75	-25	-28	29	0
300	38	3	25	29	29	0
302	38	4	25	-29	-29	0
304	39	1	25	29	0	0
306	39	2	-25	29	32	0
308	39	3	0	29	-32	0
309	39	3.5	0	-29	31	0
310	39	4	25	-29	29	0
313	40	1.5	-25	0	30	0
314	40	2	22	29	31	0
316	40	3	24	-29	-31	0
317	40	3.5	-24	-29	30	0
318	40	4	-24	26	28	0
319	40	4.5	-24	-26	29	0
320	41	1	21	28	30	0
322	41	2	23	-28	-30	0
323	41	2.5	-23	-28	29	0
324	41	3	-23	25	27	0
326	41	4	23	27	-27	0
327	41	4.5	-23	-27	28	0
328	42	1	22	-27	29	0
330	42	2	-22	27	-29	0
332	42	3	0	26	-29	0
334	42	4	24	-26	-29	0
336	43	1	23	0	28	0
338	43	2	24	28	-28	0
340	43	3	22	27	0	0
342	43	4	24	26	0	0
344	44	1	23	28	0	0
347	44	2.5	22	27	0	0
348	44	3	21	26	0	0
350	44	4	20	25	0	0
352	45	1	19	26	0	35
356	45	3	0	-26	31	-35
358	45	4	26	-26	-31	35
360	46	1	-26	0	-31	33
362	46	2	24	29	31	-33
364	46	3	25	-29	29	34
366	46	4	-25	29	-29	-34
368	47	1	-25	27	30	32
370	47	2	23	-27	-30	-32
372	47	3	26	28	28	0
374	47	4	-26	-28	-28	35
376	48	1	24	26	0	-35
378	48	2	-24	-26	31	33
380	48	3	25	0	29	34
382	48	4	-25	29	-29	-34
384	49	1	-25	-29	-29	32
386	49	2	-25	27	-29	-32
388	49	3	21	28	30	0
390	49	4	-21	-28	-30	35
392	50	1	24	26	28	-35
394	50	2	-24	29	31	33
396	50	3	25	-29	-31	34
398	50	4	-25	27	29	-34
400	51	1	21	28	30	32
404	51	3	25	27	29	-32
406	51	4	24	26	29	33
408	52	1	23	27	-29	-33
410	52	2	-23	28	28	32
412	52	3	22	26	29	-32
414	52	4	-22	-26	-29	31
416	53	1	23	25	27	32
418	53	2	21	-25	30	-32
420	53	3	-21	28	-30	-32
421	53	3.5	22	-28	-30	-32
422	53	4	23	-28	-30	-32
424	54	1	19	-28	28	35
426	54	2	-19	28	-28	-35
428	54	3	0	28	-28	-35
430	54	4	24	-28	-28	35
432	55	1	-24	26	0	35
434	55	2	24	-26	31	-35
436	55	3	24	29	-31	33
438	55	4	-24	-29	31	-33
440	56	1	22	-29	31	36
442	56	2	-22	29	-31	-36
444	56	3	0	27	29	-36
446	56	4	25	-27	-29	36
448	57	1	-25	25	0	34
450	57	2	25	-25	32	-34
452	57	3	23	28	-32	32
454	57	4	-23	-28	32	-32
456	58	1	21	-28	30	35
458	58	2	-21	28	-30	-35
460	58	3	0	28	28	-35
462	58	4	24	28	-28	35
464	59	1	-24	28	0	35
466	59	2	24	-28	31	35
468	59	3	24	26	-31	35
470	59	4	24	-26	31	-35
472	60	1	24	29	31	33
474	60	2	-24	-29	31	-33
476	60	3	22	29	31	36
478	60	4	-22	29	-31	-36
480	61	1	0	27	29	36
482	61	2	25	-27	-29	36
484	61	3	25	25	0	34
486	61	4	25	-25	32	-34
488	62	1	23	28	32	32
490	62	2	-23	-28	32	-32
492	62	3	21	-28	30	35
496	63	1	24	28	28	-35
500	63	3	24	26	31	35
504	64	1	-24	-26	31	33
506	64	2	22	-26	-31	-33
508	64	3	22	26	31	36
510	64	4	-22	-26	31	-36
514	65	2	22	26	31	36
516	65	3	22	26	31	36
518	65	4	22	26	31	36
520	66	1	23	25	30	34
524	66	3	21	23	-30	35
528	67	1	22	24	29	33
531	67	2.5	23	-24	-29	-33
532	67	3	24	-24	-29	-33
534	67	4	25	-24	-29	34
536	68	1	26	-24	28	35
540	68	3	19	-24	-28	-35
542	68	4	-19	-24	29	34
543	68	4.5	-19	-24	-29	33
544	69	1	21	23	30	32
547	69	2.5	22	-23	-30	-32
548	69	3	23	-23	-30	-32
550	69	4	24	-23	29	-32
551	69	4.5	-24	-23	28	-32
552	70	1	25	-23	27	-32
558	70	4	23	-23	-27	-32
560	71	1	23	-23	-27	-32
568	72	1	0	0	0	0
568	72	1	19	26	30	35
576	73	1	21	25	30	35
580	73	3	-21	25	30	35
584	74	1	18	25	29	34
588	74	3	25	-25	-29	-34
590	74	4	-25	-25	30	-34
592	75	1	24	28	31	33
598	75	4	23	-28	-31	-33
599	75	4.5	22	-28	-31	-33
600	76	1	23	-28	0	0
602	76	2	24	-28	28	0
604	76	3	21	-28	-28	33
605	76	3.5	-21	-28	29	-33
606	76	4	-21	-28	30	-33
608	77	1	24	0	-30	33
610	77	2	-24	0	29	-33
611	77	2.5	-24	0	28	-33
612	77	3	-24	26	29	33
616	78	1	23	27	30	32
618	78	2	-23	-27	23	-32
620	78	3	21	28	-23	30
621	78	3.5	-21	-28	24	-30
622	78	4	-21	-28	25	-30
624	79	1	22	-28	-25	31
626	79	2	-22	27	24	-31
627	79	2.5	-22	26	23	-31
628	79	3	-22	27	24	-31
632	80	1	19	28	25	30
633	80	1.5	20	-28	-25	-30
634	80	2	21	-28	-25	-30
635	80	2.5	22	-28	-25	-30
636	80	3	23	25	-25	32
639	80	4.5	24	26	-25	-32
640	81	1	25	27	0	-32
642	81	2	-25	28	0	33
644	81	3	-25	29	0	34
646	81	4	21	30	0	35
648	82	1	25	29	0	36
650	82	2	22	-29	0	-36
651	82	2.5	-22	-29	0	35
652	82	3	25	-29	29	34
654	82	4	-25	28	-29	33
656	83	1	-25	27	32	32
658	83	2	24	26	-32	-32
660	83	3	23	25	-32	35
662	83	4	21	28	30	-35
664	84	1	25	29	29	34
666	84	2	22	31	-29	36
668	84	3	-22	-31	31	-36
669	84	3.5	-22	30	-31	35
670	84	4	-22	29	-31	34
671	84	4.5	-22	28	-31	33
672	85	1	23	27	30	32
674	85	2	24	26	29	33
676	85	3	23	27	30	-33
678	85	4	-23	-27	-30	32
680	86	1	24	26	28	33
682	86	2	22	-26	31	-33
684	86	3	24	-26	-31	-33
686	86	4	25	27	30	-33
687	86	4.5	-25	-27	29	-33
688	87	1	26	28	28	0
690	87	2	22	29	31	0
692	87	3	26	-29	30	33
694	87	4	-26	28	-30	-33
696	88	1	22	29	29	-33
698	88	2	-22	-29	-29	33
699	88	2.5	21	-29	-29	-33
700	88	3	19	28	30	33
704	89	1	23	-28	-30	32
706	89	2	-23	27	-30	-32
707	89	2.5	-23	26	-30	-32
708	89	3	-23	27	-30	32
712	90	1	24	26	28	33
714	90	2	-24	-26	26	-33
716	90	3	23	0	27	32
718	90	4	21	28	28	-32
720	91	1	24	-28	26	33
722	91	2	22	29	-26	-33
724	91	3	25	-29	25	34
726	91	4	-25	27	-25	-34
728	92	1	21	28	28	32
730	92	2	-21	30	-28	35
731	92	2.5	-21	-30	29	-35
732	92	3	0	-30	30	-35
733	92	3.5	0	29	-30	34
734	92	4	21	28	-30	33
735	92	4.5	-21	27	-30	32
736	93	1	22	26	29	31
738	93	2	23	25	28	32
740	93	3	22	26	29	-32
742	93	4	-22	-26	-29	31
744	94	1	18	25	27	32
746	94	2	-18	28	28	-32
748	94	3	-18	-28	29	0
750	94	4	-18	27	-29	32
752	95	1	0	28	0	33
754	95	2	22	26	0	-33
756	95	3	18	29	0	34
758	95	4	25	-29	0	-34
760	96	1	26	28	0	35
766	96	4	25	-28	0	34
768	97	1	24	29	0	33
770	97	2	23	30	0	32
772	97	3	24	-30	26	33
774	97	4	-24	29	-26	-33
776	98	1	23	30	27	32
778	98	2	-23	-30	30	35
782	98	4	-23	-30	29	34
783	98	4.5	-23	-30	28	-34
784	99	1	-23	-30	29	-34
785	99	1.5	-23	-30	28	-34
786	99	2	-23	-30	27	33
787	99	2.5	-23	-30	26	-33
788	99	3	-23	-30	27	-33
790	99	4	-23	-30	-27	32
792	100	1	24	0	26	33
794	100	2	22	0	29	-33
796	100	3	26	28	30	-33
800	101	1	22	29	31	-33
804	101	3	24	-29	-31	-33
806	101	4	-24	28	30	-33
808	102	1	-24	29	29	0
810	102	2	23	30	28	0
812	102	3	22	31	-28	0
814	102	4	-22	-31	27	0
816	103	1	21	30	28	32
824	104	1	-21	28	0	33
828	104	3	20	29	0	34
830	104	4	-20	-29	0	36
832	105	1	-20	-29	29	-36
833	105	1.5	-20	-29	-29	35
834	105	2	-20	-29	-29	34
835	105	2.5	-20	-29	-29	33
836	105	3	-20	27	-29	32
840	106	1	19	28	28	33
844	106	3	-19	-28	26	-33
848	107	1	23	27	27	32
852	107	3	-23	25	-27	-32
854	107	4	-23	-25	28	-32
856	108	1	22	26	29	0
864	109	1	18	25	27	0
866	109	2	-18	-25	29	0
869	109	3.5	0	-25	28	0
870	109	4	18	-25	27	0
871	109	4.5	-18	-25	26	0
872	110	1	18	0	25	0
873	110	1.5	19	0	-25	0
874	110	2	20	29	-25	0
875	110	2.5	21	-29	-25	0
876	110	3	22	-29	0	0
877	110	3.5	23	-29	0	0
878	110	4	24	28	0	0
879	110	4.5	25	27	0	0
880	111	1	26	28	0	0
882	111	2	25	27	0	0
884	111	3	-25	26	0	33
886	111	4	24	-26	0	-33
888	112	1	25	25	29	34
892	112	3	21	-25	30	35
896	113	1	24	26	28	-35
898	113	2	-24	-26	-28	34
900	113	3	-24	-26	29	33
904	114	1	23	27	30	32
906	114	2	24	26	28	33
908	114	3	22	29	29	-33
909	114	3.5	-22	-29	-29	32
910	114	4	24	-29	-29	31
911	114	4.5	-24	-29	-29	30
912	115	1	25	27	-29	29
914	115	2	23	28	28	32
916	115	3	22	26	29	-32
918	115	4	-22	-26	-29	31
920	116	1	23	25	27	32
923	116	2.5	24	-25	-27	-32
924	116	3	25	-25	0	30
926	116	4	23	-25	27	32
928	117	1	25	0	-27	-32
929	117	1.5	-25	0	-27	31
930	117	2	26	0	28	30
932	117	3	24	22	26	-30
934	117	4	-24	-22	-26	29
936	118	1	23	25	25	30
938	118	2	-23	-25	28	-30
939	118	2.5	-23	26	-28	-30
940	118	3	-23	27	27	-30
942	118	4	19	28	30	-30
945	119	1.5	20	27	29	-30
946	119	2	21	26	28	-30
947	119	2.5	22	-26	-28	-30
948	119	3	23	-26	27	-30
950	119	4	-23	25	-27	-30
952	120	1	19	26	26	-30
954	120	2	-19	-26	28	-30
958	120	4	-19	-26	27	-30
959	120	4.5	-19	-26	26	-30
960	121	1	23	25	27	-30
966	121	4	-23	23	25	-30
968	122	1	21	23	25	-30
974	122	4	19	-23	26	-30
976	123	1	19	-23	26	-30
984	124	1	16	-23	25	-30
*-	*-	*-	*-	*-	*-	*-
