**absq	**bar	**beat	**b7	**b7	**b7	**b7	**b7
0	1	1	19	26	0	30	33
8	2	1	-19	28	0	30	33
12	2	3	19	28	0	30	33
16	3	1	22	29	0	31	33
28	4	3	-22	29	0	31	33
32	5	1	22	29	0	31	33
36	5	3	22	-29	0	-31	-33
38	5	4	-22	28	0	30	-33
39	5	4.5	-22	27	0	29	-33
40	6	1	19	28	0	30	33
43	6	2.5	-19	27	0	29	-33
44	6	3	0	28	0	30	-33
46	6	4	0	29	0	31	-33
48	7	1	0	-29	0	-31	33
50	7	2	0	28	0	30	-33
52	7	3	0	29	0	31	-33
54	7	4	0	28	0	30	-33
55	7	4.5	0	27	0	29	-33
56	8	1	0	26	0	30	35
57	8	1.5	0	27	0	-30	-35
58	8	2	0	28	0	-30	-35
59	8	2.5	0	29	0	31	-35
60	8	3	0	30	0	32	-35
62	8	4	0	31	0	33	-35
64	9	1	0	-31	0	-33	33
65	9	1.5	0	30	0	32	-33
66	9	2	0	29	0	31	-33
68	9	3	0	-29	0	-31	33
70	9	4	0	28	0	30	-33
71	9	4.5	0	27	0	29	-33
72	10	1	0	26	0	30	33
76	10	3	0	0	0	0	0
78	10	4	0	26	0	30	33
80	11	1	0	22	0	29	31
84	11	3	0	26	0	30	33
88	12	1	0	28	0	30	33
92	12	3	0	29	0	31	33
96	13	1	0	26	0	30	33
100	13	3	0	0	0	0	0
104	14	1	0	0	0	0	0
104	14	1	26	26	0	30	33
112	15	1	26	28	0	30	33
116	15	3	26	28	0	30	33
120	16	1	22	29	0	31	33
124	16	3	26	28	0	30	-33
128	17	1	23	-28	0	-30	32
130	17	2	-23	27	0	-30	-32
132	17	3	-23	27	0	30	-32
136	18	1	23	28	0	30	32
140	18	3	23	27	0	30	32
144	19	1	25	27	0	29	32
148	19	3	25	27	0	30	32
152	20	1	24	28	0	-30	33
154	20	2	-24	-28	0	29	-33
155	20	2.5	-24	-28	0	28	-33
156	20	3	-24	26	0	29	-33
160	21	1	23	27	0	30	32
172	22	3	-23	-27	0	30	-32
176	23	1	0	0	0	30	0
180	23	3	0	0	0	-30	32
182	23	4	0	0	0	29	-32
183	23	4.5	0	0	0	28	-32
184	24	1	0	0	0	27	32
186	24	2	0	0	0	28	-32
188	24	3	0	0	0	-28	33
189	24	3.5	0	0	0	26	-33
190	24	4	0	0	0	28	-33
192	25	1	0	0	0	-28	32
194	25	2	0	0	0	27	-32
195	25	2.5	0	0	0	26	-32
196	25	3	0	0	0	25	0
198	25	4	0	0	0	26	30
200	26	1	0	0	0	-26	31
201	26	1.5	0	0	0	25	-31
202	26	2	0	0	0	24	-31
203	26	2.5	0	0	0	23	-31
204	26	3	0	0	0	22	31
206	26	4	0	0	0	26	-31
208	27	1	0	0	0	-26	30
210	27	2	0	0	0	25	-30
211	27	2.5	0	0	0	24	-30
212	27	3	0	0	0	25	0
214	27	4	0	0	0	26	30
216	28	1	0	0	0	28	30
218	28	2	0	0	0	-28	29
219	28	2.5	0	0	0	-28	28
220	28	3	0	0	0	0	29
222	28	4	0	0	0	28	30
224	29	1	0	0	0	-28	32
225	29	1.5	0	0	0	27	-32
226	29	2	0	0	0	30	-32
228	29	3	0	0	0	-30	31
230	29	4	0	0	0	29	-31
232	30	1	0	0	0	30	30
235	30	2.5	0	0	0	-30	28
236	30	3	23	27	0	0	32
238	30	4	-23	-27	0	30	-32
240	31	1	-23	27	0	-30	-32
242	31	2	23	-27	0	30	32
244	31	3	23	-27	0	30	32
246	31	4	-23	28	0	-30	-32
248	32	1	22	29	0	26	31
251	32	2.5	-22	-29	0	-26	32
252	32	3	24	28	0	-26	33
253	32	3.5	-24	-28	0	-26	32
254	32	4	-24	-28	0	-26	33
255	32	4.5	-24	27	0	-26	-33
255.5	32	4.75	-24	26	0	-26	-33
256	33	1	23	27	0	30	-33
258	33	2	-23	-27	0	-30	32
259	33	2.5	-23	-27	0	-30	31
260	33	3	-23	27	0	-30	32
264	34	1	19	26	23	30	33
270	34	4	-19	-26	-23	30	33
272	35	1	19	0	-23	30	35
276	35	3	-19	26	-23	30	35
280	36	1	23	27	25	30	34
284	36	3	23	27	-25	-30	-34
286	36	4	-23	-27	-25	23	-34
288	37	1	19	28	26	-23	0
290	37	2	-19	-28	-26	23	33
292	37	3	-19	-28	-26	-23	33
294	37	4	-19	-28	-26	24	-33
296	38	1	0	0	28	23	32
298	38	2	0	0	-28	24	33
302	38	4	0	0	-28	23	32
303	38	4.5	0	0	-28	22	31
304	39	1	21	0	28	25	30
306	39	2	-21	23	-28	-25	-30
307	39	2.5	22	-23	-28	-25	-30
308	39	3	23	25	-28	0	0
309	39	3.5	21	-25	-28	0	0
310	39	4	24	26	-28	0	0
312	40	1	23	25	28	0	0
314	40	2	24	26	-28	0	0
318	40	4	23	25	-28	0	0
319	40	4.5	22	24	-28	0	0
320	41	1	21	23	28	30	0
323	41	2.5	-21	24	-28	-30	0
324	41	3	-21	25	-28	-30	35
325	41	3.5	-21	23	-28	-30	-35
326	41	4	19	26	-28	-30	-35
328	42	1	19	-26	28	-30	35
330	42	2	-19	25	-28	-30	-35
331	42	2.5	-19	24	-28	-30	-35
332	42	3	21	23	-28	30	-35
336	43	1	18	22	29	32	34
339	43	2.5	-18	-22	-29	-32	33
340	43	3	18	25	-29	-32	34
341	43	3.5	-18	-25	-29	-32	33
342	43	4	-18	-25	-29	32	32
343	43	4.5	-18	-25	-29	-32	31
344	44	1	21	-25	28	-32	30
345	44	1.5	-21	-25	-28	31	-30
346	44	2	-21	-25	-28	30	-30
347	44	2.5	-21	-25	-28	29	31
348	44	3	0	21	-28	30	32
350	44	4	0	-21	-28	-30	33
352	45	1	0	22	27	0	-33
354	45	2	0	-22	-27	29	32
355	45	2.5	0	-22	-27	-29	31
356	45	3	0	23	-27	27	32
360	46	1	19	23	26	28	33
363	46	2.5	-19	-23	-26	27	-33
364	46	3	19	-23	-26	28	-33
365	46	3.5	-19	-23	-26	29	-33
366	46	4	-19	-23	-26	30	-33
368	47	1	23	0	27	-30	32
369	47	1.5	-23	0	-27	31	-32
370	47	2	-23	0	-27	32	-32
372	47	3	23	23	-27	-32	0
373	47	3.5	-23	-23	-27	31	0
374	47	4	-23	-23	-27	30	34
376	48	1	19	23	26	-30	35
378	48	2	-19	-23	-26	28	-35
379	48	2.5	-19	-23	-26	-28	34
380	48	3	19	23	-26	30	33
381	48	3.5	-19	-23	-26	-30	32
382	48	4	-19	-23	-26	-30	33
384	49	1	22	24	-26	29	-33
386	49	2	-22	-24	-26	-29	33
388	49	3	22	24	-26	0	36
390	49	4	-22	-24	-26	29	-36
392	50	1	20	22	25	-29	-36
394	50	2	-20	-22	-25	32	36
396	50	3	21	23	-25	-32	35
397	50	3.5	-21	-23	-25	31	-35
398	50	4	-21	-23	-25	30	35
399	50	4.5	-21	-23	-25	29	-35
400	51	1	19	-23	0	28	35
402	51	2	-19	21	0	-28	-35
403	51	2.5	-19	-21	0	-28	34
403.5	51	2.75	-19	-21	0	-28	33
404	51	3	19	23	26	-28	35
407	51	4.5	-19	24	-26	-28	-35
408	52	1	18	25	22	0	34
410	52	2	-18	-25	25	29	-34
411	52	2.5	-18	24	-25	-29	-34
411.5	52	2.75	-18	23	-25	-29	-34
412	52	3	0	22	-25	-29	-34
414	52	4	22	-22	24	-29	33
415	52	4.5	-22	24	-24	-29	-33
416	53	1	21	23	25	30	-33
417	53	1.5	-21	-23	-25	-30	32
418	53	2	23	21	-25	-30	32
419	53	2.5	-23	-21	-25	29	-32
419.5	53	2.75	-23	-21	-25	28	-32
420	53	3	22	24	26	29	-32
422	53	4	-22	22	-26	-29	31
424	54	1	18	22	25	27	32
426	54	2	-18	29	-25	-27	-32
429	54	3.5	-18	27	-25	-27	-32
430	54	4	-18	29	-25	-27	-32
433	55	1.5	0	28	0	0	0
434	55	2	25	27	0	0	0
435	55	2.5	-25	26	0	0	0
436	55	3	-25	27	0	0	0
438	55	4	25	29	0	0	0
440	56	1	22	-29	0	0	0
441	56	1.5	-22	28	0	0	0
441.5	56	1.75	-22	27	0	0	0
442	56	2	-22	26	0	0	0
444	56	3	24	0	0	0	0
446	56	4	-24	26	0	0	0
448	57	1	23	27	0	0	0
450	57	2	-23	28	0	0	0
452	57	3	22	-28	0	0	0
453	57	3.5	-22	27	0	0	0
453.5	57	3.75	-22	26	0	0	0
454	57	4	-22	27	0	0	0
456	58	1	21	23	0	0	0
458	58	2	-21	26	0	0	0
459	58	2.5	20	-26	0	0	0
459.5	58	2.75	19	-26	0	0	0
460	58	3	20	-26	0	0	0
461	58	3.5	-20	25	0	0	0
461.5	58	3.75	-20	24	0	0	0
462	58	4	-20	25	0	0	0
464	59	1	19	26	0	0	33
468	59	3	-19	-26	0	0	33
470	59	4	-19	-26	0	0	33
472	60	1	0	22	0	29	-33
473	60	1.5	0	-22	0	-29	32
474	60	2	0	-22	0	-29	31
475	60	2.5	0	-22	0	-29	30
476	60	3	0	-22	0	29	31
478	60	4	0	-22	0	-29	33
480	61	1	0	0	0	26	-33
481	61	1.5	0	0	0	-26	34
482	61	2	0	0	0	-26	35
484	61	3	0	0	0	28	-35
486	61	4	0	0	0	-28	34
487	61	4.5	0	0	0	-28	33
488	62	1	0	0	0	27	32
489	62	1.5	0	0	0	-27	31
490	62	2	0	0	0	-27	30
491	62	2.5	0	0	0	-27	29
492	62	3	0	0	0	26	30
493	62	3.5	0	0	0	-26	28
494	62	4	0	0	0	-26	31
496	63	1	0	0	0	25	-31
497	63	1.5	0	0	0	-25	30
498	63	2	0	0	0	-25	30
499	63	2.5	0	0	0	24	-30
499.5	63	2.75	0	0	0	23	-30
500	63	3	0	0	0	24	-30
502	63	4	0	0	0	-24	29
504	64	1	19	0	0	23	30
506	64	2	-19	26	0	28	30
508	64	3	19	-26	0	-28	-30
510	64	4	-19	26	0	28	30
512	65	1	22	26	0	29	31
514	65	2	-22	26	0	29	31
516	65	3	21	28	0	30	32
520	66	1	21	25	0	30	32
522	66	2	-21	-25	0	-30	30
523	66	2.5	-21	-25	0	29	-30
524	66	3	21	25	0	28	30
525	66	3.5	-21	-25	0	27	-30
526	66	4	-21	-25	0	28	-30
527	66	4.5	-21	-25	0	-28	29
527.5	66	4.75	-21	-25	0	-28	30
528	67	1	18	25	0	-28	30
530	67	2	-18	-25	0	27	-30
531	67	2.5	-18	-25	0	26	-30
532	67	3	18	-25	0	27	0
534	67	4	-18	-25	0	-27	29
536	68	1	0	0	0	28	30
538	68	2	0	21	0	-28	-30
540	68	3	21	25	0	0	30
542	68	4	-21	-25	0	28	-30
544	69	1	19	26	0	-28	30
546	69	2	-19	-26	0	28	-30
548	69	3	19	26	0	28	33
550	69	4	-19	23	0	-28	-33
552	70	1	23	-23	0	27	32
553	70	1.5	-23	24	0	-27	-32
554	70	2	-23	25	0	-27	-32
555	70	2.5	-23	-25	0	28	31
555.5	70	2.75	-23	-25	0	-28	30
556	70	3	22	26	0	29	31
558	70	4	-22	27	0	-29	-31
560	71	1	21	28	0	25	30
564	71	3	-21	28	0	23	35
566	71	4	-21	-28	0	25	-35
568	72	1	25	29	0	-25	34
569	72	1.5	-25	-29	0	26	-34
570	72	2	-25	-29	0	27	-34
571	72	2.5	-25	-29	0	-27	33
571.5	72	2.75	-25	-29	0	-27	32
572	72	3	24	0	0	28	33
574	72	4	-24	26	0	29	-33
576	73	1	23	27	0	30	32
578	73	2	-23	28	0	-30	-32
579	73	2.5	22	-28	0	-30	-32
580	73	3	23	-28	0	0	0
582	73	4	24	26	0	0	0
584	74	1	-24	28	0	0	0
586	74	2	22	29	0	0	0
588	74	3	24	-29	0	0	0
589	74	3.5	-24	28	0	0	0
590	74	4	25	27	0	0	0
591	74	4.5	-25	26	0	0	0
592	75	1	23	25	0	30	0
594	75	2	-23	-25	0	-30	32
595	75	2.5	-23	-25	0	29	-32
595.5	75	2.75	-23	-25	0	28	-32
596	75	3	0	0	0	27	-32
598	75	4	0	0	0	28	30
600	76	1	0	0	0	-28	32
602	76	2	0	0	0	26	33
604	76	3	0	0	0	28	-33
605	76	3.5	0	0	0	-28	32
606	76	4	0	0	0	29	31
607	76	4.5	0	0	0	-29	30
608	77	1	25	0	0	27	29
611	77	2.5	24	0	0	-27	-29
612	77	3	23	27	0	30	0
613	77	3.5	22	-27	0	-30	0
614	77	4	23	-27	0	-30	32
615	77	4.5	-23	26	0	-30	-32
616	78	1	-23	27	0	30	-32
617	78	1.5	22	-27	0	-30	31
618	78	2	21	28	0	-30	30
619	78	2.5	20	-28	0	-30	29
620	78	3	19	28	0	30	30
621	78	3.5	-19	-28	0	-30	28
622	78	4	26	-28	0	-30	35
623	78	4.5	-26	26	0	29	-35
624	79	1	-26	28	0	30	-35
625	79	1.5	-26	-28	0	-30	34
626	79	2	22	29	0	31	33
628	79	3	23	27	0	30	-33
630	79	4	-23	-27	0	-30	32
632	80	1	19	26	0	28	33
636	80	3	21	25	0	-28	0
638	80	4	-21	-25	0	-28	30
640	81	1	-21	23	25	28	-30
641	81	1.5	-21	-23	-25	-28	31
642	81	2	-21	-23	-25	-28	32
644	81	3	21	-23	-25	28	-32
645	81	3.5	-21	-23	-25	-28	31
646	81	4	-21	-23	-25	-28	30
647	81	4.5	-21	-23	-25	-28	29
648	82	1	19	-23	26	30	28
651	82	2.5	-19	-23	-26	-30	26
652	82	3	19	23	-26	30	33
654	82	4	-19	-23	-26	-30	33
656	83	1	22	24	-26	29	-33
658	83	2	-22	-24	-26	-29	33
660	83	3	22	24	-26	29	36
664	84	1	18	25	27	29	36
666	84	2	-18	-25	-27	-29	34
669	84	3.5	-18	-25	-27	-29	35
670	84	4	-18	-25	-27	-29	36
672	85	1	22	24	26	29	-36
674	85	2	-22	-24	-26	-29	35
675	85	2.5	-22	-24	-26	-29	34
676	85	3	-22	24	-26	-29	33
678	85	4	22	-24	-26	29	-33
679	85	4.5	-22	-24	-26	-29	34
680	86	1	19	23	-26	30	35
682	86	2	-19	23	-26	-30	-35
684	86	3	19	23	-26	-30	-35
686	86	4	-19	-23	-26	-30	35
688	87	1	21	23	25	30	35
691	87	2.5	-21	22	-25	-30	-35
691.5	87	2.75	-21	21	-25	-30	-35
692	87	3	-21	23	-25	30	35
694	87	4	20	-23	-25	-30	-35
695	87	4.5	19	-23	-25	31	-35
696	88	1	18	-23	-25	32	34
698	88	2	-18	22	-25	-32	-34
700	88	3	18	22	-25	-32	34
704	89	1	22	0	24	0	33
706	89	2	-22	0	-24	29	-33
708	89	3	22	26	-24	-29	-33
709	89	3.5	-22	-26	-24	30	-33
710	89	4	-22	-26	-24	31	32
711	89	4.5	-22	-26	-24	-31	31
712	90	1	-22	29	-24	-31	31
713	90	1.5	-22	-29	-24	29	-31
714	90	2	22	-29	-24	31	29
716	90	3	22	29	-24	-31	33
718	90	4	-22	-29	-24	30	-33
719	90	4.5	-22	28	-24	29	-33
719.5	90	4.75	-22	29	-24	-29	-33
720	91	1	19	30	23	28	33
724	91	3	-19	-30	-23	28	0
726	91	4	-19	-30	-23	-28	33
727	91	4.5	-19	-30	-23	27	-33
727.5	91	4.75	-19	-30	-23	26	-33
728	92	1	0	0	-23	30	32
730	92	2	0	27	-23	-30	-32
732	92	3	0	-27	-23	0	32
733	92	3.5	0	26	-23	0	-32
733.5	92	3.75	0	27	-23	0	-32
734	92	4	0	28	-23	30	-32
736	93	1	0	27	-23	30	32
738	93	2	0	30	-23	-30	-32
739	93	2.5	0	-30	-23	31	33
740	93	3	0	-30	-23	32	34
741	93	3.5	0	-30	-23	30	35
742	93	4	0	29	-23	32	34
743	93	4.5	0	28	-23	-32	-34
744	94	1	0	27	-23	-32	-34
745	94	1.5	0	26	-23	31	35
746	94	2	0	28	-23	30	33
747	94	2.5	0	-28	-23	29	-33
748	94	3	0	27	-23	30	-33
750	94	4	0	-27	-23	-30	32
752	95	1	0	26	24	28	33
756	95	3	22	0	-24	29	-33
758	95	4	-22	22	-24	-29	-33
760	96	1	18	22	25	27	0
762	96	2	-18	23	-25	-27	0
763	96	2.5	19	-23	-25	28	0
764	96	3	20	22	-25	29	0
766	96	4	21	23	-25	28	0
768	97	1	-21	-23	25	30	0
770	97	2	20	22	-25	-30	0
771	97	2.5	19	21	-25	-30	0
772	97	3	20	22	-25	29	0
774	97	4	21	23	-25	32	0
776	98	1	0	21	-25	-32	32
777	98	1.5	0	-21	-25	31	-32
778	98	2	0	-21	-25	30	-32
779	98	2.5	0	-21	-25	-30	33
780	98	3	18	0	-25	29	34
782	98	4	21	0	-25	30	35
784	99	1	-21	0	-25	-30	35
786	99	2	21	23	-25	29	-35
787	99	2.5	-21	-23	-25	28	34
787.5	99	2.75	-21	-23	-25	-28	33
788	99	3	18	22	-25	29	34
790	99	4	21	21	-25	30	35
792	100	1	0	23	-25	0	-35
793	100	1.5	0	-23	-25	0	28
794	100	2	0	-23	-25	28	30
795	100	2.5	0	22	-25	-28	-30
795.5	100	2.75	0	21	-25	-28	-30
796	100	3	18	22	-25	27	29
798	100	4	21	21	-25	28	30
800	101	1	-21	25	0	-28	-30
802	101	2	21	-25	0	27	29
803	101	2.5	-21	-25	0	26	28
804	101	3	18	-25	0	27	29
806	101	4	21	25	0	28	30
808	102	1	19	26	0	-28	30
810	102	2	22	-26	0	29	31
812	102	3	-22	26	0	-29	-31
813	102	3.5	19	-26	0	28	30
814	102	4	22	-26	0	29	31
816	103	1	23	25	0	27	-31
817	103	1.5	-23	-25	0	-27	30
818	103	2	21	-25	0	28	30
819	103	2.5	-21	24	0	-28	-30
819.5	103	2.75	-21	23	0	-28	-30
820	103	3	22	24	0	26	-30
822	103	4	-22	-24	0	-26	29
824	104	1	0	23	0	27	30
828	104	3	19	-23	0	28	-30
832	105	1	23	0	25	27	0
834	105	2	-23	0	-25	30	0
836	105	3	23	27	-25	-30	0
838	105	4	-23	-27	-25	30	0
840	106	1	19	28	26	-30	0
842	106	2	-19	-28	-26	29	0
843	106	2.5	-19	-28	-26	28	0
844	106	3	-19	28	-26	30	33
847	106	4.5	-19	-28	-26	31	-33
848	107	1	0	29	25	32	34
851	107	2.5	0	-29	-25	31	-34
851.5	107	2.75	0	-29	-25	30	-34
852	107	3	0	27	-25	29	32
856	108	1	0	28	24	0	33
858	108	2	0	-28	-24	31	-33
860	108	3	0	28	-24	-31	33
862	108	4	0	-28	-24	31	-33
863	108	4.5	0	-28	-24	-31	33
864	109	1	0	-28	-24	31	33
866	109	2	0	28	-24	31	33
868	109	3	0	28	-24	31	33
870	109	4	0	-28	-24	-31	33
872	110	1	0	24	0	0	33
874	110	2	0	24	0	28	33
876	110	3	0	24	0	28	33
878	110	4	0	23	0	29	32
879	110	4.5	0	22	0	-29	31
880	111	1	0	23	0	27	32
882	111	2	0	24	0	26	33
884	111	3	0	22	0	0	-33
886	111	4	0	-22	0	29	32
887	111	4.5	0	-22	0	-29	31
888	112	1	0	0	0	27	32
890	112	2	0	26	0	28	33
892	112	3	0	27	0	29	-33
894	112	4	0	-27	0	-29	32
896	113	1	23	27	0	0	32
898	113	2	-23	-27	0	30	-32
900	113	3	-23	0	0	30	-32
902	113	4	-23	27	0	-30	-32
903	113	4.5	-23	-27	0	29	-32
904	114	1	23	28	0	30	0
905	114	1.5	-23	-28	0	31	0
906	114	2	-23	27	0	32	0
908	114	3	23	-27	0	-32	0
909	114	3.5	-23	26	0	31	0
910	114	4	-23	25	0	30	0
911	114	4.5	-23	-25	0	29	0
912	115	1	21	-25	0	30	0
913	115	1.5	-21	24	0	-30	0
914	115	2	-21	23	0	0	0
915	115	2.5	22	22	0	0	0
916	115	3	23	21	0	30	0
917	115	3.5	-23	22	0	-30	0
918	115	4	21	23	0	-30	0
919	115	4.5	-21	24	0	29	0
919.5	115	4.75	-21	-24	0	28	0
920	116	1	23	25	0	27	0
921	116	1.5	-23	-25	0	25	0
922	116	2	24	26	0	28	0
924	116	3	22	24	0	-28	0
926	116	4	-22	-24	0	27	0
928	117	1	21	25	0	28	30
932	117	3	-21	28	25	0	-30
934	117	4	-21	-28	-25	28	31
936	118	1	0	27	25	29	32
940	118	3	18	27	-25	29	32
944	119	1	22	26	24	29	33
948	119	3	22	26	-24	29	33
952	120	1	19	26	23	30	-33
954	120	2	-19	-26	-23	-30	35
956	120	3	19	-26	-23	-30	-35
958	120	4	-19	28	-23	-30	34
959	120	4.5	-19	-28	-23	-30	33
960	121	1	21	-28	23	30	32
962	121	2	-21	27	-23	-30	-32
963	121	2.5	-21	26	-23	-30	-32
964	121	3	-21	25	-23	-30	35
966	121	4	20	-25	-23	31	-35
967	121	4.5	19	-25	-23	-31	-35
968	122	1	18	-25	0	32	34
970	122	2	-18	24	0	-32	-34
971	122	2.5	-18	23	0	-32	-34
972	122	3	18	22	0	-32	34
975	122	4.5	-18	23	0	-32	-34
976	123	1	22	24	0	31	33
977	123	1.5	-22	25	0	-31	-33
978	123	2	-22	26	0	-31	-33
979	123	2.5	-22	-26	0	30	32
980	123	3	22	-26	0	29	31
981	123	3.5	-22	25	0	28	30
982	123	4	-22	26	0	29	31
984	124	1	23	25	0	27	-31
985	124	1.5	-23	-25	0	-27	30
986	124	2	21	-25	0	28	30
987	124	2.5	-21	24	0	-28	-30
987.5	124	2.75	-21	23	0	-28	-30
988	124	3	22	24	0	26	-30
990	124	4	-22	-24	0	-26	29
991	124	4.5	-22	-24	0	27	-29
992	125	1	19	23	0	28	30
996	125	3	-19	23	0	-28	-30
1000	126	1	16	25	23	27	-30
1008	127	1	0	0	0	0	0
1008	127	1	0	0	0	26	0
1016	128	1	0	0	0	28	30
1020	128	3	0	0	0	28	-30
1024	129	1	0	0	0	27	32
1028	129	3	0	0	0	28	32
1032	130	1	0	0	0	29	31
1036	130	3	0	0	0	28	32
1040	131	1	19	0	0	-28	33
1042	131	2	-19	0	0	27	-33
1043	131	2.5	-19	0	0	26	-33
1044	131	3	-19	0	0	28	-33
1048	132	1	21	23	0	-28	32
1050	132	2	-21	-23	0	29	-32
1052	132	3	21	-23	0	30	-32
1056	133	1	20	25	0	0	0
1060	133	3	20	25	0	0	0
1064	134	1	22	24	0	0	0
1068	134	3	21	25	0	0	0
1072	135	1	-21	26	0	0	0
1074	135	2	20	-26	0	0	0
1075	135	2.5	19	-26	0	0	0
1076	135	3	21	-26	0	0	0
1079	135	4.5	22	-26	0	0	0
1080	136	1	23	25	0	30	0
1084	136	3	-23	0	0	-30	32
1088	137	1	0	0	0	30	32
1091	137	2.5	0	0	0	-30	33
1091.5	137	2.75	0	0	0	-30	34
1092	137	3	0	0	0	30	35
1094	137	4	0	0	0	-30	34
1096	138	1	0	0	0	29	-34
1097	138	1.5	0	0	0	-29	33
1098	138	2	0	0	0	-29	36
1100	138	3	0	0	0	30	35
1102	138	4	0	0	0	-30	34
1104	139	1	0	0	0	31	33
1107	139	2.5	0	0	0	-31	29
1108	139	3	0	0	0	-31	29
1110	139	4	0	0	0	31	-29
1112	140	1	21	28	0	30	0
1116	140	3	-21	-28	0	30	32
1118	140	4	21	28	0	-30	-32
1120	141	1	21	28	0	-30	-32
1122	141	2	-21	-28	0	30	32
1124	141	3	25	27	0	29	32
1128	142	1	23	27	0	30	32
1132	142	3	21	28	0	30	32
1136	143	1	24	-28	0	26	33
1140	143	3	-24	26	0	28	-33
1144	144	1	23	0	0	-28	32
1146	144	2	-23	30	0	27	-32
1148	144	3	23	30	0	27	-32
1151	144	4.5	-23	29	0	-27	-32
1151.5	144	4.75	-23	28	0	-27	-32
1152	145	1	23	27	0	0	0
1154	145	2	-23	28	0	0	0
1156	145	3	23	25	0	0	0
1158	145	4	-23	-25	0	21	0
1160	146	1	21	25	0	-21	0
1161	146	1.5	-21	-25	0	22	0
1162	146	2	-21	-25	0	23	0
1163	146	2.5	-21	-25	0	24	0
1164	146	3	23	0	0	25	0
1165	146	3.5	-23	0	0	26	0
1166	146	4	-23	0	0	27	0
1167	146	4.5	-23	0	0	28	0
1168	147	1	24	0	0	26	0
1169	147	1.5	-24	0	0	25	0
1170	147	2	-24	0	0	28	0
1172	147	3	22	24	0	-28	0
1174	147	4	-22	-24	0	27	0
1176	148	1	21	25	0	28	30
1180	148	3	-21	25	0	28	-30
1184	149	1	0	26	0	28	30
1188	149	3	0	-26	0	28	30
1192	150	1	0	22	0	29	31
1194	150	2	0	24	0	-29	-31
1195	150	2.5	0	-24	0	28	30
1195.5	150	2.75	0	-24	0	-28	29
1196	150	3	0	25	0	27	30
1198	150	4	0	26	0	28	31
1201	151	1.5	0	23	0	27	30
1202	151	2	0	25	0	27	30
1204	151	3	0	24	0	-27	-30
1206	151	4	0	-24	0	26	29
1208	152	1	0	23	0	27	30
1212	152	3	19	26	0	28	-30
1214	152	4	-19	-26	0	30	-30
1216	153	1	23	25	27	30	0
1219	153	2.5	-23	-25	-27	29	0
1219.5	153	2.75	-23	-25	-27	28	0
1220	153	3	23	25	-27	30	32
1223	153	4.5	-23	24	-27	-30	-32
1223.5	153	4.75	-23	25	-27	-30	-32
1224	154	1	22	24	29	31	33
1226	154	2	-22	26	-29	-31	-33
1228	154	3	18	25	-29	0	34
1230	154	4	-18	-25	-29	32	-34
1232	155	1	21	0	30	-32	35
1233	155	1.5	-21	0	-30	31	-35
1234	155	2	-21	25	-30	30	-35
1235	155	2.5	-21	-25	-30	29	-35
1236	155	3	-21	23	-30	28	-35
1238	155	4	-21	25	-30	-28	-35
1239	155	4.5	-21	-25	-30	27	-35
1239.5	155	4.75	-21	-25	-30	26	-35
1240	156	1	18	0	32	29	34
1242	156	2	-18	25	-32	-29	-34
1246	156	4	0	21	-32	30	35
1247	156	4.5	0	22	-32	-30	-35
1248	157	1	0	23	32	-30	-35
1249	157	1.5	0	24	-32	-30	-35
1250	157	2	0	25	-32	29	34
1252	157	3	0	21	-32	30	35
1255	157	4.5	0	-21	-32	29	34
1255.5	157	4.75	0	-21	-32	28	33
1256	158	1	0	25	32	29	34
1257	158	1.5	0	26	-32	-29	-34
1258	158	2	25	27	-32	-29	-34
1259	158	2.5	-25	28	-32	28	-34
1260	158	3	-25	29	-32	27	-34
1261	158	3.5	24	-29	-32	26	-34
1262	158	4	23	30	-32	25	-34
1263	158	4.5	22	-30	-32	-25	-34
1264	159	1	21	30	32	-25	0
1265	159	1.5	-21	-30	-32	23	0
1266	159	2	-21	-30	-32	30	0
1267	159	2.5	22	29	-32	-30	0
1267.5	159	2.75	-22	28	-32	-30	0
1268	159	3	23	27	-32	-30	34
1272	160	1	19	26	33	30	35
1276	160	3	0	24	-33	31	35
1278	160	4	0	24	-33	-31	-35
1280	161	1	0	25	32	29	34
1284	161	3	21	23	-32	30	35
1288	162	1	22	0	31	29	33
1290	162	2	22	0	-31	-29	36
1292	162	3	22	26	-31	-29	-36
1293	162	3.5	-22	-26	-31	-29	35
1293.5	162	3.75	-22	-26	-31	-29	34
1294	162	4	-22	-26	-31	-29	33
1296	163	1	19	26	30	28	-33
1297	163	1.5	-19	-26	-30	-28	34
1298	163	2	-19	-26	-30	-28	35
1300	163	3	-19	26	-30	0	33
1302	163	4	-19	-26	-30	28	35
1304	164	1	0	24	31	26	-35
1305	164	1.5	0	-24	-31	-26	34
1306	164	2	0	-24	-31	-26	33
1307	164	2.5	0	-24	-31	-26	32
1308	164	3	0	22	-31	29	33
1312	165	1	0	23	30	27	32
1315	165	2.5	0	24	-30	26	-32
1316	165	3	0	25	-30	27	0
1318	165	4	0	26	-30	28	0
1322	166	2	0	25	-30	27	0
1324	166	3	0	26	-30	28	0
1326	166	4	0	23	-30	27	32
1328	167	1	0	24	29	26	33
1330	167	2	0	25	-29	27	-33
1331	167	2.5	0	-25	-29	-27	32
1332	167	3	0	22	-29	26	33
1334	167	4	0	-22	-29	22	-33
1335	167	4.5	0	-22	-29	-22	32
1336	168	1	0	0	-29	24	33
1338	168	2	0	0	-29	25	32
1340	168	3	0	22	-29	26	-32
1342	168	4	0	-22	-29	-26	31
1344	169	1	0	25	0	27	32
1348	169	3	21	25	0	28	0
1350	169	4	-21	-25	0	-28	30
1352	170	1	19	26	0	28	30
1356	170	3	-19	26	0	28	30
1360	171	1	20	22	0	27	29
1364	171	3	19	26	0	28	30
1368	172	1	20	-26	0	27	29
1370	172	2	-20	25	0	-27	-29
1371	172	2.5	-20	24	0	-27	-29
1372	172	3	-20	25	0	27	-29
1376	173	1	19	26	0	23	28
1380	173	3	19	0	0	-23	35
1382	173	4	-19	26	0	-23	-35
1384	174	1	23	27	0	0	34
1386	174	2	-23	28	0	0	32
1388	174	3	24	-28	0	0	33
1390	174	4	-24	29	0	28	-33
1392	175	1	23	30	0	27	0
1394	175	2	-23	23	0	28	32
1396	175	3	0	24	0	-28	33
1398	175	4	0	-24	0	29	-33
1400	176	1	0	23	0	30	32
1402	176	2	23	-23	0	-30	30
1403	176	2.5	-23	-23	0	29	-30
1404	176	3	24	0	0	28	-30
1406	176	4	-24	22	0	26	29
1408	177	1	23	25	0	27	30
1412	177	3	23	25	0	28	32
1416	178	1	22	26	0	29	31
1420	178	3	-22	26	0	29	31
1424	179	1	22	26	0	26	-31
1426	179	2	-22	-26	0	-26	31
1428	179	3	-22	-26	0	29	31
1430	179	4	21	-26	0	-29	-31
1431	179	4.5	20	-26	0	-29	-31
1432	180	1	19	-26	0	0	0
1434	180	2	-19	-26	0	28	0
1436	180	3	-19	-26	0	-28	30
1438	180	4	-19	-26	0	27	-30
1439	180	4.5	-19	-26	0	26	-30
1440	181	1	0	0	0	25	30
1442	181	2	0	0	0	26	-30
1444	181	3	0	0	0	-26	31
1445	181	3.5	0	0	0	25	-31
1446	181	4	0	0	0	26	-31
1447	181	4.5	0	0	0	27	30
1448	182	1	0	0	0	28	31
1449	182	1.5	0	0	0	-28	30
1450	182	2	0	0	0	29	33
1452	182	3	0	0	0	27	-33
1454	182	4	0	0	0	-27	32
1456	183	1	0	0	0	26	33
1458	183	2	0	0	0	22	-33
1460	183	3	0	0	0	23	32
1462	183	4	0	0	0	24	33
1464	184	1	0	0	0	25	-33
1465	184	1.5	0	0	0	-25	32
1466	184	2	0	0	0	-25	32
1468	184	3	0	0	0	26	-32
1470	184	4	0	0	0	-26	31
1472	185	1	23	0	0	25	32
1476	185	3	-23	21	0	0	0
1478	185	4	-23	-21	0	25	32
1480	186	1	22	24	29	26	31
1484	186	3	22	24	-29	26	31
1488	187	1	21	23	30	28	32
1492	187	3	21	23	-30	0	32
1494	187	4	-21	-23	-30	28	-32
1496	188	1	24	22	31	26	33
1500	188	3	24	22	-31	26	33
1504	189	1	21	23	30	28	32
1510	189	4	21	25	-30	28	32
1512	190	1	18	25	29	27	34
1516	190	3	20	25	-29	27	34
1520	191	1	19	26	28	23	35
1524	191	3	19	26	-28	23	35
1528	192	1	18	22	27	25	36
1532	192	2	-18	-22	-27	29	-36
1536	192	3	-18	25	-27	-29	0
1540	193	1	21	-25	28	30	32
1544	193	2	-21	23	-28	-30	-32
1548	193	3	19	21	-28	30	33
1552	194	1	22	24	29	31	33
1556	194	2	22	24	-29	31	33
1564	195	1	18	22	29	32	34
1576	196	1	0	22	-29	31	33
1584	196	3	0	22	-29	31	33
1588	197	1	0	23	0	30	32
1592	197	2	0	22	0	31	33
1596	197	3	0	24	0	-31	-33
1598	197	3.5	0	-24	0	30	32
1600	198	1	0	26	0	30	35
1602	198	1.5	0	-26	0	29	-35
1603	198	1.75	0	-26	0	28	-35
1604	198	2	0	25	0	29	-35
1608	198	3	0	-25	0	-29	34
1612	199	1	0	21	0	28	35
1624	200	1	21	23	0	25	0
1636	201	1	21	23	0	25	0
1640	201	2	22	26	0	24	0
1644	201	3	22	26	0	24	0
1648	202	1	19	26	0	23	0
1652	202	2	21	25	0	23	0
1656	202	3	20	25	0	22	0
1660	203	1	19	26	0	23	0
1664	203	2	20	26	0	22	0
1668	203	3	20	25	0	22	0
1672	204	1	19	26	0	23	35
1678	204	4	-19	-26	0	30	-35
1680	205	1	0	0	0	-30	34
1682	205	2	0	0	0	29	-34
1684	205	3	0	0	0	-29	33
1685	205	3.5	0	0	0	28	-33
1686	205	4	0	0	0	31	-33
1689	206	1.5	0	0	0	30	-33
1690	206	2	0	0	0	30	32
1692	206	3	0	0	0	-30	31
1694	206	4	0	0	0	29	-31
1695	206	4.5	0	0	0	-29	30
1695.5	206	4.75	0	0	0	-29	29
1696	207	1	0	26	0	30	28
1700	207	3	19	-26	0	-30	-28
1704	208	1	21	25	0	23	0
1706	208	2	-21	25	0	-23	0
1708	208	3	21	-25	0	0	0
1709	208	3.5	-21	24	0	0	0
1710	208	4	-21	23	0	0	0
1711	208	4.5	-21	22	0	0	0
1712	209	1	23	21	0	0	0
1714	209	2	-23	28	0	0	0
1716	209	3	22	-28	0	0	0
1718	209	4	-22	27	0	0	0
1720	210	1	21	28	0	25	30
1723	210	2.5	-21	-28	0	-25	29
1724	210	3	-21	-28	0	-25	30
1725	210	3.5	-21	-28	0	-25	31
1726	210	4	-21	-28	0	-25	32
1728	211	1	0	0	0	23	-32
1730	211	2	0	0	0	-23	31
1731	211	2.5	0	0	0	-23	30
1732	211	3	0	0	0	25	29
1734	211	4	0	0	0	-25	30
1736	212	1	0	0	0	26	31
1738	212	2	0	0	0	-26	30
1740	212	3	0	0	0	24	-30
1742	212	4	0	0	0	-24	29
1744	213	1	0	0	0	23	30
1748	213	3	0	0	0	0	0
1752	214	1	19	26	0	23	35
1760	214	3	19	26	0	30	35
1764	215	1	19	26	0	30	35
1772	215	3	23	25	0	30	34
1776	216	1	24	26	0	29	33
1780	216	2	23	27	0	30	33
1784	216	3	23	27	0	30	32
1788	217	1	19	26	0	28	33
1792	217	3	21	23	0	-28	32
1794	217	4	-21	-23	0	27	-32
1795	217	4.5	-21	24	0	26	-32
1796	218	1	18	25	29	27	32
1799	218	2.5	-18	26	-29	25	-32
1800	218	3	-18	27	-29	25	-32
1804	219	1	21	28	30	0	32
1806	219	2	-21	-28	-30	25	-32
1808	219	3	-21	-28	-30	23	0
1810	219	4	-21	27	-30	-23	32
1811	219	4.5	-21	26	-30	24	-32
1812	220	1	0	27	29	25	-32
1813	220	1.5	0	-27	-29	-25	33
1814	220	2	0	-27	-29	-25	34
1815	220	2.5	0	25	-29	26	-34
1816	220	3	0	25	-29	27	-34
1817	220	3.5	0	-25	-29	-27	33
1818	220	4	0	-25	-29	-27	32
1819	220	4.5	0	-25	-29	-27	31
1820	221	1	21	-25	28	23	32
1823	221	2.5	-21	-25	-28	24	33
1823.5	221	2.75	-21	-25	-28	-24	34
1824	221	3	-21	23	-28	25	35
1826	221	4	20	-23	-28	26	-35
1827	221	4.5	19	-23	-28	-26	-35
1828	222	1	20	25	29	0	0
1830	222	2	18	-25	-29	22	32
1831	222	2.5	-18	24	-29	-22	-32
1831.5	222	2.75	-18	23	-29	-22	-32
1832	222	3	18	22	-29	25	-32
1834	222	4	-18	-22	-29	-25	31
1835	222	4.5	-18	-22	-29	-25	30
1836	223	1	22	0	29	26	31
1838	223	2	-22	24	-29	-26	-31
1839	223	2.5	-22	-24	-29	-26	29
1840	223	3	-22	-24	-29	-26	29
1842	223	4	21	23	-29	-26	-29
1843	223	4.5	20	22	-29	-26	-29
1844	224	1	19	23	28	26	33
1847	224	2.5	-19	21	-28	-26	-33
1848	224	3	19	21	-28	-26	33
1852	225	1	18	25	27	22	34
1860	225	3	18	-25	-27	29	0
1864	226	1	25	0	27	29	32
1868	226	2	25	0	-27	29	32
1872	226	3	-25	0	-27	29	32
1876	227	1	25	28	0	30	-32
1880	227	2	25	28	0	-30	32
1884	227	3	-25	28	0	-30	-32
1888	228	1	22	26	0	29	31
1892	228	2	22	-26	0	29	31
1900	229	1	19	26	0	28	30
1904	229	2	-19	26	0	-28	-30
1908	229	3	19	-26	0	28	30
1912	230	1	21	25	0	28	30
1920	230	3	21	25	0	28	30
1924	231	1	18	25	0	27	29
1930	231	2.5	-18	26	0	28	-29
1932	231	3	18	27	0	29	32
1936	232	1	21	28	0	30	32
1942	232	2.5	22	-28	0	-30	31
1944	232	3	23	27	0	30	32
1948	233	1	24	26	0	29	33
1952	233	2	23	27	0	30	-33
1956	233	3	-23	-27	0	-30	32
1960	234	1	19	26	23	30	33
1963	234	2.5	-19	27	-23	29	-33
1964	234	3	0	28	-23	28	0
1965	234	3.5	0	29	-23	-28	0
1966	234	4	19	30	-23	26	35
1968	235	1	23	-30	25	27	34
1970	235	2	23	23	-25	30	34
1972	235	3	19	23	26	28	33
1974	235	4	-19	23	-26	30	-33
1975	235	4.5	-19	-23	-26	-30	32
1976	236	1	19	0	28	-30	33
1977	236	1.5	-19	0	-28	-30	34
1978	236	2	-19	23	-28	30	35
1979	236	2.5	18	-23	-28	-30	-35
1980	236	3	19	23	28	30	-35
1981	236	3.5	20	-23	-28	-30	34
1981.5	236	3.75	-20	-23	-28	-30	33
1982	236	4	21	23	-28	30	32
1984	237	1	19	21	28	30	33
1985	237	1.5	-19	22	-28	-30	-33
1986	237	2	21	23	-28	-30	32
1987	237	2.5	-21	24	-28	-30	-32
1988	237	3	-21	25	-28	0	35
1989	237	3.5	20	-25	-28	0	-35
1990	237	4	19	26	-28	30	-35
1991	237	4.5	18	-26	-28	-30	-35
1992	238	1	19	-26	28	30	35
1994	238	2	19	26	-28	-30	35
1995	238	2.5	-19	-26	-28	31	-35
1996	238	3	18	22	29	32	-35
1998	238	4	-18	25	-29	32	34
2000	239	1	0	26	28	-32	35
2001	239	1.5	0	-26	-28	31	-35
2001.5	239	1.75	0	-26	-28	30	-35
2002	239	2	0	-26	-28	31	-35
2004	239	3	23	25	27	32	0
2006	239	4	-23	-25	-27	-32	32
2008	240	1	24	0	26	28	33
2010	240	2	-24	22	-26	29	33
2012	240	3	23	25	27	30	-33
2013	240	3.5	-23	-25	-27	-30	32
2013.5	240	3.75	-23	-25	-27	-30	31
2014	240	4	-23	-25	-27	-30	32
2016	241	1	19	0	26	-30	33
2018	241	2	-19	23	-26	30	-33
2020	241	3	22	24	-26	29	33
2022	241	4	22	24	-26	-29	33
2024	242	1	18	22	25	0	34
2027	242	2.5	-18	-22	-25	0	33
2028	242	3	-18	29	-25	0	34
2029	242	3.5	-18	-29	-25	0	35
2030	242	4	-18	-29	-25	29	36
2031	242	4.5	-18	28	-25	-29	-36
2031.5	242	4.75	-18	27	-25	-29	-36
2032	243	1	-18	27	0	27	-36
2033	243	1.5	-18	-27	0	-27	35
2034	243	2	-18	28	0	25	35
2036	243	3	-18	29	25	32	-35
2038	243	4	-18	-29	-25	-32	34
2040	244	1	0	28	26	30	35
2043	244	2.5	0	-28	-26	-30	34
2044	244	3	0	24	-26	31	33
2045	244	3.5	0	-24	-26	-31	32
2046	244	4	0	-24	-26	-31	33
2048	245	1	0	25	27	29	-33
2050	245	2	0	-25	-27	-29	32
2051	245	2.5	0	-25	-27	-29	31
2052	245	3	18	25	-27	-29	32
2056	246	1	22	24	26	29	33
2059	246	2.5	-22	23	-26	-29	-33
2060	246	3	-22	22	-26	29	-33
2061	246	3.5	-22	21	-26	-29	-33
2062	246	4	19	23	-26	28	-33
2063	246	4.5	-19	-23	-26	29	-33
2064	247	1	21	23	25	30	0
2065	247	1.5	-21	-23	-25	31	0
2066	247	2	-21	-23	-25	32	0
2067	247	2.5	20	22	-25	-32	0
2067.5	247	2.75	19	21	-25	-32	0
2068	247	3	18	22	-25	-32	34
2070	247	4	-18	-22	-25	29	-34
2072	248	1	22	0	24	31	33
2074	248	2	-22	26	-24	-31	-33
2075	248	2.5	-22	-26	-24	30	32
2075.5	248	2.75	-22	-26	-24	29	-32
2076	248	3	19	-26	23	28	33
2077	248	3.5	-19	-26	-23	-28	34
2078	248	4	-19	26	-23	-28	35
2080	249	1	22	26	24	29	33
2082	249	2	-22	-26	-24	-29	36
2084	249	3	18	27	25	0	-36
2085	249	3.5	-18	-27	-25	0	35
2086	249	4	-18	-27	-25	29	34
2087	249	4.5	-18	-27	-25	-29	33
2088	250	1	21	28	25	30	32
2092	250	3	-21	21	-25	30	32
2095	250	4.5	-21	-21	-25	-30	33
2096	251	1	20	22	0	29	34
2099	251	2.5	-20	-22	0	-29	35
2100	251	3	-20	22	25	27	36
2104	252	1	19	23	26	28	0
2106	252	2	-19	-23	-26	-28	35
2108	252	3	21	30	25	0	-35
2110	252	4	-21	-30	-25	28	35
2112	253	1	22	29	24	31	33
2114	253	2	-22	-29	-24	-31	36
2115	253	2.5	-22	28	-24	-31	-36
2116	253	3	18	27	25	29	-36
2117	253	3.5	-18	26	-25	-29	35
2118	253	4	-18	25	-25	32	34
2119	253	4.5	-18	24	-25	-32	33
2120	254	1	0	23	25	-32	34
2121	254	1.5	0	-23	-25	31	-34
2122	254	2	0	-23	-25	30	32
2123	254	2.5	0	-23	-25	29	-32
2124	254	3	21	23	-25	30	-32
2125	254	3.5	-21	-23	-25	-30	31
2126	254	4	-21	-23	-25	-30	30
2128	255	1	22	0	24	29	31
2129	255	1.5	-22	0	-24	-29	30
2130	255	2	-22	0	-24	26	29
2131	255	2.5	-22	0	-24	-26	28
2132	255	3	22	22	-24	26	29
2136	256	1	19	26	23	0	30
2138	256	2	-19	-26	-23	28	-30
2140	256	3	19	26	-23	-28	-30
2142	256	4	-19	-26	-23	27	-30
2143	256	4.5	-19	-26	-23	26	-30
2144	257	1	16	25	23	27	-30
2148	257	3	-16	25	-23	-27	-30
2152	258	1	-16	25	-23	27	-30
*-	*-	*-	*-	*-	*-	*-	*-
