**absq	**bar	**beat	**b7	**b7	**b7	**b7
0	1	1	0	0	0	32
8	2	1	0	0	28	-32
16	3	1	0	0	-28	30
24	4	1	0	0	26	0
28	4	3	0	0	-26	31
36	5	3	0	0	-26	30
40	6	1	0	25	27	29
44	6	3	0	-25	-27	29
48	7	1	21	-25	25	30
52	7	3	-21	-25	28	-30
54	7	4	-21	-25	-28	31
56	8	1	-21	23	-28	32
60	8	3	-21	-23	28	-32
64	9	1	19	0	28	33
68	9	3	-19	24	-28	-33
70	9	4	-19	-24	-28	34
72	10	1	-19	-24	26	35
76	10	3	-19	23	-26	-35
80	11	1	20	22	24	36
84	11	3	-20	22	25	-36
88	12	1	19	23	26	35
92	12	3	-19	24	-26	-35
94	12	4	-19	-24	-26	34
95	12	4.5	-19	-24	-26	33
96	13	1	18	25	29	34
100	13	3	18	-25	-29	-34
104	14	1	19	23	28	0
108	14	3	21	-23	-28	35
110	14	4	-21	-23	27	-35
111	14	4.5	-21	-23	26	-35
112	15	1	-21	0	25	35
114	15	2	20	0	26	-35
115	15	2.5	19	0	-26	-35
116	15	3	20	22	-26	36
118	15	4	-20	-22	25	-36
120	16	1	19	23	26	35
123	16	2.5	-19	-23	27	-35
124	16	3	-19	-23	28	-35
125	16	3.5	-19	-23	29	-35
126	16	4	-19	-23	30	34
127	16	4.5	-19	-23	-30	33
128	17	1	0	25	-30	34
130	17	2	0	-25	29	35
131	17	2.5	0	-25	28	-35
132	17	3	18	-25	29	-35
134	17	4	-18	-25	-29	34
136	18	1	19	23	28	35
140	18	3	21	-23	0	-35
142	18	4	-21	-23	0	34
143	18	4.5	-21	-23	0	33
144	19	1	-21	0	28	32
148	19	3	19	24	-28	33
152	20	1	-19	23	28	-33
156	20	3	20	22	29	31
160	21	1	-20	-22	-29	32
164	21	3	19	23	28	33
166	21	4	-19	-23	-28	35
167	21	4.5	-19	-23	29	-35
168	22	1	19	-23	30	-35
170	22	2	-19	24	28	34
171	22	2.5	-19	-24	-28	33
172	22	3	18	25	29	34
176	23	1	19	0	28	35
179	23	2.5	20	0	-28	-35
180	23	3	21	23	-28	32
184	24	1	19	24	0	33
188	24	3	20	25	0	29
192	25	1	21	-25	0	0
196	25	3	-21	25	0	30
200	26	1	21	25	28	-30
204	26	3	21	-25	-28	30
206	26	4	-21	-25	28	-30
208	27	1	-21	25	28	30
212	27	3	22	24	27	31
214	27	4	-22	-24	26	-31
215	27	4.5	-22	-24	-26	32
216	28	1	-22	-24	-26	33
218	28	2	-22	23	25	-33
219	28	2.5	-22	-23	24	34
220	28	3	21	23	25	35
222	28	4	-21	-23	26	-35
224	29	1	20	22	-26	36
226	29	2	-20	-22	25	-36
227	29	2.5	-20	-22	24	-36
228	29	3	-20	-22	25	-36
230	29	4	-20	-22	-25	35
231	29	4.5	-20	-22	-25	34
232	30	1	19	23	26	35
244	31	3	-19	-23	28	-35
246	31	4	-19	-23	-28	34
247	31	4.5	-19	-23	-28	33
248	32	1	21	0	28	32
250	32	2	-21	0	28	-32
252	32	3	-21	25	28	0
254	32	4	-21	-25	-28	35
256	33	1	18	25	29	-35
258	33	2	-18	25	-29	34
259	33	2.5	-18	-25	-29	33
260	33	3	-18	25	-29	34
264	34	1	0	26	0	30
266	34	2	0	-26	0	35
268	34	3	0	-26	28	-35
270	34	4	0	-26	-28	34
271	34	4.5	0	-26	-28	33
272	35	1	0	25	29	34
274	35	2	0	-25	-29	32
276	35	3	0	26	28	-32
278	35	4	0	-26	-28	31
280	36	1	0	25	27	32
283	36	2.5	0	-25	26	31
283.5	36	2.75	0	-25	-26	32
284	36	3	0	25	27	29
286	36	4	0	-25	-27	32
288	37	1	0	24	26	33
290	37	2	0	23	-26	35
291	37	2.5	0	-23	25	-35
292	37	3	0	24	26	-35
293	37	3.5	0	-24	27	-35
294	37	4	0	-24	28	34
295	37	4.5	0	-24	-28	33
296	38	1	0	23	-28	35
297	38	1.5	0	-23	29	-35
298	38	2	0	-23	30	34
299	38	2.5	0	-23	31	-34
300	38	3	0	-23	32	-34
301	38	3.5	0	-23	-32	33
302	38	4	0	-23	30	32
303	38	4.5	0	-23	-30	31
304	39	1	0	0	-30	30
306	39	2	0	0	28	32
308	39	3	0	23	27	-32
309	39	3.5	0	-23	-27	31
310	39	4	0	-23	-27	30
311	39	4.5	0	-23	-27	29
312	40	1	19	23	26	28
316	40	3	19	24	-26	-28
320	41	1	20	22	0	0
324	41	3	18	23	0	0
326	41	4	-18	25	0	0
327	41	4.5	19	-25	0	0
328	42	1	20	-25	0	0
329	42	1.5	21	-25	0	0
330	42	2	22	24	0	0
332	42	3	23	25	0	0
334	42	4	25	27	0	0
336	43	1	-25	26	0	0
338	43	2	24	-26	0	0
340	43	3	25	25	0	0
342	43	4	21	-25	0	0
344	44	1	-21	23	0	0
346	44	2	25	-23	0	0
348	44	3	24	24	0	0
350	44	4	22	-24	0	0
352	45	1	23	25	0	0
354	45	2	21	-25	0	0
356	45	3	18	-25	0	0
358	45	4	21	25	0	0
360	46	1	-21	25	0	0
361	46	1.5	20	-25	0	0
362	46	2	23	-25	0	0
364	46	3	-23	24	0	0
366	46	4	22	-24	0	0
368	47	1	23	23	0	0
370	47	2	25	-23	0	0
372	47	3	-25	23	0	32
373	47	3.5	24	-23	0	-32
374	47	4	23	-23	0	-32
375	47	4.5	22	-23	0	-32
376	48	1	21	0	0	32
378	48	2	-21	23	0	-32
380	48	3	-21	-23	28	32
381	48	3.5	-21	21	-28	-32
382	48	4	-21	21	-28	-32
384	49	1	0	-21	28	33
386	49	2	0	24	-28	-33
388	49	3	0	23	28	32
390	49	4	0	24	-28	33
392	50	1	0	-24	29	-33
394	50	2	0	23	-29	32
395	50	2.5	0	22	-29	31
396	50	3	0	24	28	33
398	50	4	0	23	-28	32
400	51	1	0	21	-28	-32
402	51	2	0	-21	27	32
403	51	2.5	0	-21	26	-32
404	51	3	0	0	27	-32
406	51	4	0	0	28	32
408	52	1	0	0	25	-32
410	52	2	0	0	28	33
412	52	3	0	0	27	32
414	52	4	0	0	26	33
416	53	1	0	0	28	-33
417	53	1.5	0	0	-28	32
418	53	2	0	0	-28	30
419	53	2.5	0	0	27	-30
420	53	3	0	0	26	31
421	53	3.5	0	0	25	-31
422	53	4	0	0	26	30
424	54	1	0	0	-26	31
425	54	1.5	0	0	25	-31
426	54	2	0	0	24	30
427	54	2.5	0	0	23	-30
428	54	3	0	0	24	-30
430	54	4	0	0	-24	29
432	55	1	0	0	23	30
434	55	2	0	23	-23	-30
436	55	3	19	-23	28	0
438	55	4	-19	24	-28	0
440	56	1	20	-24	29	0
442	56	2	-20	22	-29	0
444	56	3	18	23	27	0
446	56	4	-18	25	-27	0
447	56	4.5	19	-25	28	0
448	57	1	20	-25	29	0
450	57	2	21	24	25	0
451	57	2.5	-21	23	-25	0
452	57	3	-21	22	26	0
454	57	4	20	-22	22	0
456	58	1	21	21	23	0
457	58	1.5	-21	22	-23	0
458	58	2	-21	23	-23	0
459	58	2.5	-21	24	-23	0
460	58	3	23	25	0	0
462	58	4	-23	-25	25	0
463	58	4.5	24	26	-25	0
464	59	1	25	27	-25	0
465	59	1.5	-25	-27	26	0
466	59	2	25	-27	27	0
467	59	2.5	-25	-27	28	0
468	59	3	25	-27	29	0
470	59	4	-25	-27	30	0
472	60	1	25	-27	29	0
474	60	2	-25	-27	30	0
476	60	3	25	-27	29	0
478	60	4	25	-27	30	0
480	61	1	25	27	29	0
482	61	2	-25	-27	30	0
484	61	3	26	28	-30	0
486	61	4	-26	-28	28	0
488	62	1	25	27	29	0
490	62	2	23	25	30	0
492	62	3	24	26	-30	0
493	62	3.5	-24	-26	29	0
494	62	4	-24	-26	29	0
495	62	4.5	-24	27	28	0
496	63	1	23	28	30	0
498	63	2	-23	27	-30	0
500	63	3	-23	-27	-30	32
502	63	4	-23	28	-30	-32
504	64	1	0	-28	-30	32
506	64	2	0	27	-30	-32
507	64	2.5	0	26	-30	-32
508	64	3	23	27	-30	32
512	65	1	24	26	28	33
514	65	2	-24	24	-28	-33
516	65	3	21	25	28	32
518	65	4	24	24	-28	33
520	66	1	23	25	28	-33
521	66	1.5	-23	-25	-28	32
522	66	2	-23	-25	-28	32
524	66	3	22	26	29	-32
526	66	4	-22	-26	-29	31
528	67	1	18	25	-29	32
532	67	3	21	23	28	-32
534	67	4	-21	-23	-28	30
536	68	1	20	22	29	31
539	68	2.5	-20	-22	-29	32
540	68	3	21	23	28	30
544	69	1	22	24	27	-30
546	69	2	-22	-24	-27	29
547	69	2.5	-22	-24	26	28
548	69	3	-22	-24	27	29
552	70	1	19	23	26	30
564	71	3	-19	-23	26	-30
566	71	4	-19	-23	-26	29
567	71	4.5	-19	-23	-26	28
568	72	1	23	0	27	32
572	72	3	-23	23	25	-32
576	73	1	22	24	26	0
580	73	3	-22	22	-26	0
582	73	4	21	-22	27	0
583	73	4.5	20	-22	-27	0
584	74	1	19	23	28	0
588	74	3	19	-23	26	0
590	74	4	-19	24	-26	0
592	75	1	23	25	27	0
596	75	3	-23	23	28	0
600	76	1	0	24	-28	0
602	76	2	0	-24	28	0
604	76	3	23	25	28	0
610	77	2	23	25	27	0
612	77	3	23	25	28	0
614	77	4	-23	-25	27	0
615	77	4.5	-23	23	-27	0
616	78	1	22	24	-27	0
617	78	1.5	-22	-24	26	0
618	78	2	21	23	26	0
620	78	3	20	-23	-26	0
622	78	4	-20	22	25	0
624	79	1	19	23	26	0
628	79	3	-19	-23	28	30
632	80	1	23	0	27	32
636	80	3	-23	25	-27	-32
638	80	4	24	-25	-27	33
640	81	1	25	25	0	34
643	81	2.5	-25	-25	0	35
644	81	3	18	25	29	36
646	81	4	-18	-25	-29	32
648	82	1	22	26	-29	-32
650	82	2	-22	-26	-29	31
651	82	2.5	-22	-26	-29	30
652	82	3	-22	-26	29	31
656	83	1	0	25	29	32
660	83	3	0	28	30	-32
664	84	1	0	27	29	32
666	84	2	0	28	30	-32
668	84	3	0	-28	-30	33
670	84	4	0	27	29	-33
671	84	4.5	0	26	28	-33
672	85	1	0	28	30	32
674	85	2	0	27	29	32
676	85	3	0	25	-29	-32
678	85	4	0	-25	27	31
679	85	4.5	0	-25	-27	30
680	86	1	0	26	28	31
682	86	2	0	23	27	30
684	86	3	0	24	-27	-30
686	86	4	0	-24	26	29
688	87	1	0	23	27	30
690	87	2	0	-23	28	-30
694	87	4	0	-23	27	30
695	87	4.5	0	-23	26	-30
696	88	1	0	-23	28	30
698	88	2	23	-23	-28	30
700	88	3	23	0	27	32
702	88	4	23	0	-27	-32
704	89	1	25	0	0	-32
706	89	2	-25	0	27	31
707	89	2.5	-25	0	-27	30
708	89	3	-25	0	27	29
710	89	4	24	0	27	-29
711	89	4.5	23	0	-27	30
712	90	1	22	0	29	31
713	90	1.5	-22	0	-29	32
714	90	2	-22	0	-29	33
716	90	3	24	0	-29	-33
717	90	3.5	-24	0	-29	32
718	90	4	25	0	27	32
720	91	1	26	0	28	-32
722	91	2	-26	0	-28	31
723	91	2.5	-26	0	29	-31
724	91	3	25	0	30	32
728	92	1	23	0	30	32
731	92	2.5	24	0	-30	-32
732	92	3	25	0	29	34
734	92	4	25	0	-29	-34
735	92	4.5	-25	0	-29	35
736	93	1	25	0	27	36
738	93	2	-25	0	-27	36
739	93	2.5	-25	0	28	-36
740	93	3	-25	0	29	36
742	93	4	24	0	29	-36
743	93	4.5	23	0	-29	-36
744	94	1	22	0	29	-36
746	94	2	25	0	-29	35
747	94	2.5	-25	0	-29	34
748	94	3	24	0	-29	33
750	94	4	25	0	28	34
751	94	4.5	-25	0	27	-34
752	95	1	-25	0	29	-34
754	95	2	23	0	30	33
755	95	2.5	-23	0	-30	32
756	95	3	24	0	28	33
760	96	1	25	0	27	29
764	96	3	-25	25	-27	-29
768	97	1	21	25	28	30
772	97	3	-21	25	-28	-30
776	98	1	0	25	27	0
780	98	3	21	26	28	30
784	99	1	22	-26	24	31
788	99	3	23	25	23	32
792	100	1	-23	-25	30	-32
796	100	3	21	26	-30	30
798	100	4	-21	-26	30	-30
800	101	1	22	-26	29	31
804	101	3	23	25	27	32
808	102	1	-23	25	28	30
810	102	2	-23	-25	27	32
812	102	3	21	-25	30	-32
813	102	3.5	-21	-25	-30	33
814	102	4	-21	23	-30	35
816	103	1	22	24	29	34
818	103	2	-22	-24	28	33
820	103	3	23	25	27	-33
822	103	4	-23	-25	-27	32
824	104	1	19	23	26	33
830	104	4	-19	23	-26	-33
832	105	1	-19	24	-26	-33
834	105	2	-19	23	-26	-33
837	105	3.5	-19	22	0	-33
838	105	4	-19	23	26	-33
839	105	4.5	-19	24	-26	-33
840	106	1	0	25	27	0
842	106	2	0	-25	25	0
843	106	2.5	0	24	-25	0
844	106	3	0	22	26	0
847	106	4.5	0	-22	27	0
848	107	1	0	21	28	0
850	107	2	0	23	-28	0
852	107	3	0	24	26	0
854	107	4	0	25	-26	0
855	107	4.5	0	-25	27	0
856	108	1	0	23	28	0
858	108	2	0	26	28	0
860	108	3	0	-26	28	0
861	108	3.5	0	25	-28	0
862	108	4	0	24	29	0
863	108	4.5	0	23	-29	0
864	109	1	0	22	-29	0
866	109	2	0	26	28	0
868	109	3	0	-26	27	0
870	109	4	0	25	-27	0
872	110	1	0	24	26	0
876	110	3	19	23	-26	0
878	110	4	-19	-23	25	0
879	110	4.5	-19	-23	24	0
880	111	1	21	0	23	0
883	111	2.5	22	0	-23	0
884	111	3	23	25	23	0
885	111	3.5	24	-25	-23	0
886	111	4	23	-25	-23	0
888	112	1	-23	25	21	0
890	112	2	21	-25	-21	0
892	112	3	20	25	22	0
896	113	1	19	26	23	0
900	113	3	21	25	-23	0
904	114	1	-21	26	23	0
906	114	2	21	-26	-23	0
908	114	3	21	-26	-23	0
910	114	4	-21	25	23	0
912	115	1	-21	25	23	0
916	115	3	20	25	22	0
920	116	1	21	25	23	0
922	116	2	-21	23	-23	0
924	116	3	22	24	22	0
926	116	4	-22	-24	26	0
928	117	1	19	-24	-26	0
929	117	1.5	-19	-24	27	0
930	117	2	-19	-24	28	0
932	117	3	-19	23	-28	0
934	117	4	20	-23	27	0
935	117	4.5	-20	-23	26	0
936	118	1	21	-23	25	0
942	118	4	-21	23	-25	0
944	119	1	0	24	26	0
948	119	3	20	22	27	0
952	120	1	21	23	25	0
955	120	2.5	-21	24	-25	0
956	120	3	-21	25	28	30
958	120	4	-21	26	-28	-30
960	121	1	22	-26	-28	31
961	121	1.5	-22	25	-28	-31
962	121	2	-22	24	27	-31
963	121	2.5	-22	23	26	-31
964	121	3	-22	24	27	29
968	122	1	21	25	28	30
971	122	2.5	-21	-25	-28	31
972	122	3	-21	23	-28	32
975	122	4.5	-21	24	-28	-32
976	123	1	21	25	0	30
978	123	2	-21	26	0	-30
979	123	2.5	-21	-26	0	31
980	123	3	-21	25	28	32
982	123	4	21	28	-28	32
984	124	1	21	-28	25	32
985	124	1.5	-21	27	-25	-32
986	124	2	-21	28	26	30
988	124	3	20	29	27	31
992	125	1	21	28	25	30
1002	126	2	-21	23	-25	0
1004	126	3	-21	25	-25	30
1007	126	4.5	-21	26	-25	-30
1008	127	1	0	27	0	32
1010	127	2	0	28	0	-32
1011	127	2.5	0	-28	0	33
1012	127	3	0	29	0	34
1013	127	3.5	0	-29	0	33
1014	127	4	0	30	0	35
1016	128	1	0	26	0	-35
1017	128	1.5	0	-26	0	34
1018	128	2	0	28	0	33
1020	128	3	0	27	0	-33
1022	128	4	0	-27	0	32
1024	129	1	0	26	0	33
1026	129	2	0	-26	0	35
1029	129	3.5	0	0	0	34
1030	129	4	0	28	0	33
1031	129	4.5	0	-28	0	32
1032	130	1	0	-28	0	33
1033	130	1.5	0	27	0	-33
1034	130	2	0	26	0	32
1035	130	2.5	0	25	0	-32
1036	130	3	0	26	0	-32
1038	130	4	0	-26	0	31
1040	131	1	0	25	29	32
1044	131	3	0	-25	30	32
1046	131	4	0	23	-30	-32
1048	132	1	0	25	29	32
1051	132	2.5	0	24	-29	-32
1052	132	3	0	22	29	31
1055	132	4.5	0	23	-29	-31
1056	133	1	0	24	0	-31
1057	133	1.5	0	25	0	-31
1058	133	2	0	26	28	-31
1060	133	3	0	-26	-28	30
1062	133	4	0	25	27	-30
1064	134	1	0	26	28	30
1066	134	2	0	25	27	-30
1068	134	3	0	26	28	0
1070	134	4	0	-26	-28	30
1072	135	1	0	23	27	32
1074	135	2	0	-23	-27	30
1075	135	2.5	0	-23	-27	31
1076	135	3	0	-23	0	32
1077	135	3.5	0	-23	0	33
1078	135	4	0	-23	27	34
1080	136	1	0	0	28	-34
1081	136	1.5	0	0	-28	33
1082	136	2	0	0	-28	33
1084	136	3	0	23	27	-33
1086	136	4	0	-23	-27	32
1088	137	1	0	24	26	33
1091	137	2.5	0	-24	27	-33
1092	137	3	0	-24	28	-33
1094	137	4	0	23	29	-33
1095	137	4.5	0	22	-29	-33
1096	138	1	19	23	-29	0
1098	138	2	-19	-23	28	0
1100	138	3	20	22	29	0
1103	138	4.5	-20	23	-29	0
1104	139	1	-20	24	-29	0
1106	139	2	18	25	28	0
1107	139	2.5	-18	-25	27	0
1108	139	3	19	-25	28	0
1110	139	4	-19	24	-28	0
1111	139	4.5	-19	-24	29	0
1112	140	1	18	25	30	0
1114	140	2	-18	-25	29	0
1115	140	2.5	19	-25	-29	0
1116	140	3	20	-25	-29	0
1117	140	3.5	-20	-25	28	0
1118	140	4	21	-25	30	0
1120	141	1	-21	23	-30	0
1121	141	1.5	-21	-23	29	0
1122	141	2	23	-23	28	0
1124	141	3	22	24	-28	0
1126	141	4	-22	-24	27	0
1128	142	1	21	25	28	0
1134	142	4	-21	25	-28	0
1136	143	1	21	25	28	30
1140	143	3	-21	25	-28	-30
1142	143	4	21	-25	28	30
1144	144	1	21	-25	28	30
1148	144	3	22	24	27	29
1152	145	1	23	25	28	32
1156	145	3	22	26	29	31
1162	146	2	-22	-26	-29	30
1164	146	3	18	25	27	32
1168	147	1	21	25	28	-32
1172	147	3	-21	26	-28	30
1176	148	1	17	-26	28	31
1180	148	3	21	25	28	30
1184	149	1	-21	25	-28	-30
1188	149	3	21	26	28	30
1192	150	1	17	-26	28	31
1196	150	3	21	25	-28	30
1200	151	1	22	24	26	31
1204	151	3	23	25	25	30
1208	152	1	24	22	26	-30
1210	152	2	-24	-22	-26	28
1212	152	3	-24	-22	-26	29
1216	153	1	23	25	27	30
1222	153	4	-23	21	23	-30
1224	154	1	-23	25	27	-30
1228	154	3	19	26	28	-30
1232	155	1	23	25	27	-30
1240	156	1	0	0	0	0
1240	156	1	0	0	29	0
1244	156	3	0	25	29	0
1246	156	4	0	-25	29	0
1248	157	1	0	25	29	0
1250	157	2	0	25	-29	0
1252	157	3	0	25	30	0
1256	158	1	0	26	-30	0
1258	158	2	0	-26	29	0
1259	158	2.5	0	-26	28	0
1260	158	3	22	0	31	0
1262	158	4	-22	26	-31	0
1264	159	1	22	-26	0	0
1265	159	1.5	-22	24	0	0
1266	159	2	22	27	31	0
1268	159	3	22	26	-31	0
1269	159	3.5	-22	-26	30	0
1270	159	4	-22	-26	29	0
1271	159	4.5	-22	-26	28	0
1272	160	1	23	0	27	0
1275	160	2.5	-23	0	26	0
1276	160	3	-23	25	27	0
1278	160	4	-23	-25	28	0
1280	161	1	21	26	-28	0
1282	161	2	-21	-26	26	0
1284	161	3	22	-26	26	0
1286	161	4	-22	24	-26	0
1287	161	4.5	-22	-24	25	0
1288	162	1	-22	24	26	0
1290	162	2	20	-24	27	0
1292	162	3	20	25	-27	0
1294	162	4	-20	-25	25	0
1296	163	1	21	-25	25	0
1298	163	2	-21	23	-25	0
1300	163	3	-21	23	0	0
1302	163	4	19	-23	0	0
1304	164	1	19	0	28	0
1308	164	3	-19	26	28	0
1310	164	4	-19	-26	28	0
1312	165	1	22	-26	29	0
1314	165	2	-22	26	31	0
1316	165	3	-22	27	-31	0
1317	165	3.5	-22	-27	30	0
1318	165	4	22	-27	29	0
1319	165	4.5	-22	-27	28	0
1320	166	1	23	25	27	0
1324	166	3	21	26	28	0
1326	166	4	-21	28	-28	0
1328	167	1	25	-28	29	0
1330	167	2	-25	27	-29	0
1331	167	2.5	24	-27	-29	0
1332	167	3	23	28	30	0
1333	167	3.5	22	-28	-30	0
1334	167	4	21	25	-30	0
1336	168	1	-21	26	-30	0
1338	168	2	19	28	28	0
1340	168	3	18	-28	29	0
1341	168	3.5	-18	27	-29	0
1341.5	168	3.75	-18	26	-29	0
1342	168	4	25	27	30	0
1344	169	1	-25	-27	29	0
1345	169	1.5	-25	26	28	0
1346	169	2	23	25	28	0
1348	169	3	22	-25	-28	0
1350	169	4	-22	24	27	0
1352	170	1	21	25	28	0
1354	170	2	-21	-25	21	0
1356	170	3	0	27	22	0
1358	170	4	18	-27	23	0
1360	171	1	19	28	-23	0
1361	171	1.5	-19	-28	22	0
1362	171	2	-19	-28	23	0
1363	171	2.5	-19	-28	21	0
1364	171	3	18	29	25	0
1366	171	4	25	-29	-25	0
1368	172	1	24	-29	0	0
1370	172	2	25	29	25	0
1372	172	3	0	29	24	0
1374	172	4	25	-29	25	0
1376	173	1	24	29	0	0
1378	173	2	25	-29	25	0
1380	173	3	0	29	24	0
1382	173	4	18	-29	25	0
1383	173	4.5	-18	27	-25	0
1384	174	1	17	28	0	0
1386	174	2	18	27	25	0
1388	174	3	22	-27	-25	0
1390	174	4	-22	26	24	0
1392	175	1	18	27	25	0
1398	175	4	-18	-27	29	0
1400	176	1	0	-27	29	0
1402	176	2	25	-27	29	0
1404	176	3	25	-27	29	0
1406	176	4	25	-27	-29	0
1408	177	1	25	0	30	0
1412	177	3	26	28	0	0
1414	177	4	24	-28	26	0
1416	178	1	-24	28	-26	0
1418	178	2	23	28	25	0
1419	178	2.5	22	-28	24	0
1420	178	3	23	28	25	0
1422	178	4	24	-28	26	0
1424	179	1	-24	29	-26	0
1426	179	2	23	-29	25	0
1427	179	2.5	22	-29	24	0
1428	179	3	24	-29	26	0
1430	179	4	25	-29	27	0
1432	180	1	23	28	25	0
1434	180	2	24	-28	26	0
1436	180	3	-24	29	-26	0
1438	180	4	23	-29	25	0
1439	180	4.5	22	-29	24	0
1440	181	1	24	28	26	0
1441	181	1.5	-24	-28	27	0
1442	181	2	23	28	28	0
1443	181	2.5	-23	-28	29	0
1444	181	3	26	-28	30	0
1445	181	3.5	-26	-28	31	0
1446	181	4	-26	27	30	0
1447	181	4.5	-26	26	-30	0
1448	182	1	25	27	-30	0
1449	182	1.5	-25	-27	29	0
1450	182	2	24	26	29	0
1452	182	3	23	-26	-29	0
1454	182	4	-23	25	28	0
1456	183	1	22	26	29	0
1462	183	4	21	-26	22	0
1463	183	4.5	20	-26	-22	0
1464	184	1	19	0	23	0
1466	184	2	-19	26	21	0
1468	184	3	18	27	22	0
1470	184	4	-18	25	-22	0
1471	184	4.5	-18	-25	23	0
1472	185	1	22	26	24	0
1475	185	2.5	-22	27	-24	0
1476	185	3	19	28	23	0
1478	185	4	-19	-28	24	0
1480	186	1	22	26	-24	0
1481	186	1.5	-22	-26	23	0
1482	186	2	-22	-26	24	0
1483	186	2.5	-22	27	-24	0
1484	186	3	21	28	25	0
1486	186	4	-21	28	26	0
1488	187	1	24	28	-26	0
1489	187	1.5	-24	-28	25	0
1490	187	2	-24	-28	26	0
1491	187	2.5	-24	-28	24	0
1492	187	3	23	0	25	0
1494	187	4	-23	28	21	0
1496	188	1	26	-28	0	0
1498	188	2	-26	27	24	0
1499	188	2.5	-26	26	-24	0
1500	188	3	25	27	23	0
1502	188	4	23	28	21	0
1504	189	1	24	26	0	0
1506	189	2	23	28	25	0
1510	189	4	22	27	24	0
1511	189	4.5	21	26	23	0
1512	190	1	22	27	24	0
1514	190	2	19	26	23	0
1516	190	3	20	-26	-23	0
1518	190	4	-20	25	22	0
1520	191	1	19	26	24	0
1522	191	2	-19	-26	23	0
1524	191	3	-19	0	24	0
1526	191	4	-19	28	23	0
1528	192	1	-19	28	24	0
1530	192	2	-19	28	23	0
1532	192	3	-19	28	24	0
1533	192	3.5	-19	-28	22	0
1534	192	4	-19	-28	23	0
1536	193	1	0	29	22	0
1538	193	2	0	-29	24	0
1540	193	3	0	27	25	0
1542	193	4	0	28	26	0
1545	194	1.5	0	27	27	0
1546	194	2	0	26	28	0
1547	194	2.5	0	-26	29	0
1548	194	3	0	25	30	0
1550	194	4	0	26	31	0
1552	195	1	0	24	-31	0
1553	195	1.5	0	-24	30	0
1554	195	2	0	-24	29	0
1556	195	3	19	23	-29	0
1558	195	4	-19	-23	28	0
1560	196	1	20	0	29	0
1562	196	2	-20	22	-29	0
1564	196	3	18	25	0	0
1566	196	4	-18	-25	27	0
1567	196	4.5	-18	24	-27	0
1568	197	1	19	23	28	0
1569	197	1.5	-19	21	-28	0
1570	197	2	-19	28	26	0
1574	197	4	20	27	25	0
1575	197	4.5	-20	26	24	0
1576	198	1	21	25	23	0
1577	198	1.5	-21	23	21	0
1578	198	2	-21	26	28	0
1580	198	3	19	-26	-28	0
1582	198	4	-19	25	27	0
1583	198	4.5	20	24	26	0
1584	199	1	21	23	25	0
1585	199	1.5	-21	21	23	0
1586	199	2	21	28	26	0
1588	199	3	21	-28	-26	0
1590	199	4	-21	27	25	0
1591	199	4.5	-21	26	24	0
1592	200	1	21	25	23	0
1593	200	1.5	-21	23	21	0
1594	200	2	-21	26	28	0
1596	200	3	21	-26	-28	0
1598	200	4	-21	25	27	0
1599	200	4.5	-21	24	26	0
1600	201	1	-21	23	25	0
1601	201	1.5	-21	21	-25	0
1602	201	2	19	24	26	0
1604	201	3	20	-24	22	0
1606	201	4	-20	23	-22	0
1607	201	4.5	-20	22	-22	0
1608	202	1	19	21	0	0
1609	202	1.5	-19	19	0	0
1610	202	2	-19	26	24	0
1614	202	4	-19	25	23	0
1615	202	4.5	-19	24	22	0
1616	203	1	-19	23	21	0
1617	203	1.5	-19	21	19	0
1618	203	2	-19	28	26	0
1622	203	4	-19	27	25	0
1623	203	4.5	-19	26	24	0
1624	204	1	0	25	23	0
1625	204	1.5	0	23	21	0
1626	204	2	0	26	28	0
1628	204	3	21	-26	-28	0
1630	204	4	-21	25	27	0
1631	204	4.5	-21	24	26	0
1632	205	1	21	23	25	0
1634	205	2	21	-23	26	0
1635	205	2.5	-21	24	-26	0
1636	205	3	21	25	23	0
1638	205	4	-21	26	-23	0
1640	206	1	22	-26	0	0
1642	206	2	-22	25	0	0
1643	206	2.5	-22	24	0	0
1644	206	3	-22	26	0	0
1646	206	4	-22	27	24	0
1648	207	1	21	28	25	0
1650	207	2	-21	-28	26	0
1652	207	3	22	24	-26	0
1654	207	4	-22	-24	27	0
1656	208	1	21	25	28	0
1660	208	3	21	26	0	0
1662	208	4	-21	-26	28	0
1664	209	1	0	25	29	0
1666	209	2	21	-25	30	0
1668	209	3	-21	25	-30	0
1670	209	4	20	-25	29	0
1671	209	4.5	19	-25	28	0
1672	210	1	21	0	30	0
1674	210	2	22	24	31	0
1676	210	3	20	-24	29	0
1678	210	4	-20	23	31	0
1679	210	4.5	-20	22	-31	0
1680	211	1	19	24	-31	0
1682	211	2	-19	25	30	0
1683	211	2.5	-19	-25	29	0
1684	211	3	-19	23	28	0
1685	211	3.5	-19	-23	29	0
1686	211	4	-19	-23	30	0
1687	211	4.5	-19	-23	28	0
1688	212	1	0	22	29	0
1690	212	2	22	-22	-29	0
1692	212	3	-22	-22	26	0
1694	212	4	22	-22	27	0
1696	213	1	23	0	25	0
1698	213	2	21	0	26	0
1700	213	3	22	0	-26	0
1701	213	3.5	-22	0	25	0
1702	213	4	-22	26	24	0
1703	213	4.5	23	-26	23	0
1704	214	1	24	-26	22	0
1705	214	1.5	-24	-26	21	0
1706	214	2	26	26	24	0
1708	214	3	25	27	-24	0
1710	214	4	-25	25	23	0
1712	215	1	24	26	24	0
1714	215	2	-24	-26	26	0
1715	215	2.5	-24	27	-26	0
1716	215	3	0	28	-26	0
1717	215	3.5	0	-28	27	0
1718	215	4	21	30	28	0
1719	215	4.5	-21	-30	29	0
1720	216	1	22	29	27	0
1722	216	2	-22	-29	26	0
1723	216	2.5	23	-29	-26	0
1724	216	3	24	28	-26	0
1725	216	3.5	-24	-28	25	0
1726	216	4	23	-28	28	0
1728	217	1	24	0	-28	0
1729	217	1.5	-24	0	29	0
1730	217	2	23	25	30	0
1732	217	3	24	26	-30	0
1734	217	4	-24	-26	29	0
1735	217	4.5	-24	27	-29	0
1736	218	1	23	28	30	0
1738	218	2	-23	27	-30	0
1740	218	3	-23	28	0	0
1742	218	4	-23	27	0	0
1744	219	1	0	28	30	0
1748	219	3	25	27	29	0
1750	219	4	-25	-27	30	0
1752	220	1	26	0	-30	0
1754	220	2	-26	0	29	0
1755	220	2.5	-26	0	28	0
1756	220	3	25	27	29	0
1758	220	4	-25	-27	30	0
1760	221	1	26	28	-30	0
1762	221	2	-26	-28	29	0
1763	221	2.5	-26	-28	28	0
1764	221	3	25	27	29	0
1766	221	4	-25	-27	30	0
1768	222	1	26	28	-30	0
1770	222	2	-26	-28	28	0
1772	222	3	25	27	29	0
1774	222	4	-25	-27	30	0
1776	223	1	26	28	-30	0
1778	223	2	-26	-28	29	0
1779	223	2.5	-26	-28	28	0
1780	223	3	25	27	29	0
1782	223	4	23	28	30	0
1784	224	1	24	-28	26	0
1786	224	2	-24	27	-26	0
1787	224	2.5	-24	26	-26	0
1788	224	3	23	27	30	0
1790	224	4	26	28	-30	0
1791	224	4.5	-26	-28	28	0
1792	225	1	25	27	29	0
1794	225	2	23	28	30	0
1796	225	3	24	-28	26	0
1798	225	4	-24	27	-26	0
1799	225	4.5	-24	26	-26	0
1800	226	1	23	25	27	0
1808	227	1	0	-25	27	0
1810	227	2	23	-25	27	0
1812	227	3	23	-25	27	0
1814	227	4	23	-25	28	0
1816	228	1	24	0	-28	0
1817	228	1.5	-24	0	26	0
1818	228	2	-24	0	26	0
1819	228	2.5	22	0	-26	0
1820	228	3	22	0	27	0
1822	228	4	23	0	28	0
1824	229	1	24	0	29	0
1826	229	2	25	0	-29	0
1828	229	3	-25	0	27	0
1830	229	4	23	0	28	0
1832	230	1	24	0	29	0
1834	230	2	25	0	-29	0
1836	230	3	-25	0	27	0
1838	230	4	23	0	28	0
1840	231	1	24	0	29	0
1842	231	2	25	0	27	0
1844	231	3	23	0	-27	0
1845	231	3.5	-23	0	26	0
1846	231	4	-23	0	25	0
1847	231	4.5	-23	0	24	0
1848	232	1	0	25	23	0
1850	232	2	21	25	-23	0
1852	232	3	21	25	-23	0
1854	232	4	21	-25	-23	0
1856	233	1	21	-25	0	0
1858	233	2	-21	26	0	0
1860	233	3	22	-26	0	0
1861	233	3.5	-22	25	0	0
1862	233	4	-22	26	0	0
1863	233	4.5	21	-26	0	0
1864	234	1	22	27	0	0
1866	234	2	23	28	0	0
1868	234	3	24	-28	0	0
1870	234	4	-24	27	0	0
1871	234	4.5	-24	26	0	0
1872	235	1	23	28	0	0
1873	235	1.5	-23	27	0	0
1874	235	2	21	28	0	0
1876	235	3	22	-28	0	0
1878	235	4	-22	27	0	0
1879	235	4.5	-22	26	0	0
1880	236	1	23	28	0	0
1882	236	2	-23	27	0	0
1884	236	3	-23	25	0	0
1886	236	4	-23	-25	27	0
1888	237	1	-23	0	28	0
1890	237	2	-23	0	27	0
1893	237	3.5	-23	0	26	0
1894	237	4	-23	23	27	0
1895	237	4.5	-23	-23	28	0
1896	238	1	0	24	29	0
1898	238	2	0	23	25	0
1901	238	3.5	0	22	0	0
1902	238	4	0	23	25	0
1903	238	4.5	0	24	-25	0
1904	239	1	0	25	27	0
1906	239	2	0	21	28	0
1908	239	3	0	0	29	0
1910	239	4	0	25	-29	0
1911	239	4.5	0	-25	28	0
1912	240	1	0	27	29	0
1914	240	2	0	28	30	0
1916	240	3	0	29	29	0
1918	240	4	0	-29	27	0
1919	240	4.5	0	28	-27	0
1920	241	1	0	29	-27	0
1921	241	1.5	0	-29	26	0
1922	241	2	0	30	28	0
1925	241	3.5	0	29	27	0
1926	241	4	0	27	25	0
1928	242	1	0	28	26	0
1930	242	2	0	-28	23	0
1932	242	3	0	27	-23	0
1933	242	3.5	0	-27	22	0
1934	242	4	0	-27	23	0
1935	242	4.5	0	-27	24	0
1936	243	1	21	23	25	0
1940	243	2	-21	-23	25	0
1944	243	3	21	23	25	0
1948	244	1	21	23	25	0
1952	244	2	21	23	-25	0
1956	244	3	-21	-23	26	0
1960	245	1	22	24	-26	0
1962	245	1.5	-22	-24	25	0
1964	245	2	-22	-24	26	0
1966	245	2.5	21	23	-26	0
1968	245	3	22	24	27	0
1972	246	1	23	25	28	0
1976	246	2	24	26	-28	0
1980	246	3	-24	-26	27	0
1982	246	3.5	-24	-26	26	0
1984	247	1	23	27	25	0
1988	247	2	21	23	-25	0
1992	247	3	-21	-23	25	0
1996	248	1	21	23	26	0
2000	248	2	22	24	27	0
2004	248	3	23	25	25	0
2008	249	1	21	23	-25	0
2012	249	2	-21	-23	25	0
2016	249	3	21	23	26	0
2020	250	1	20	22	25	0
2024	250	2	21	23	26	0
2028	250	3	22	24	-26	0
2032	251	1	-22	-24	27	0
2034	251	1.5	-22	23	-27	0
2035	251	1.75	-22	24	-27	0
2036	251	2	23	25	-27	0
2044	252	1	24	28	26	0
2048	252	2	24	28	26	0
2052	252	3	23	28	25	0
2056	253	1	24	28	26	0
2060	253	2	23	28	25	0
2064	253	3	24	28	26	0
2068	254	1	21	28	25	0
2072	254	2	22	27	24	0
2076	254	3	23	28	25	0
2080	255	1	24	29	26	0
2086	255	2.5	23	28	25	0
2088	255	3	22	27	24	0
2090	255	3.5	-22	26	23	0
2092	256	1	21	26	23	0
2096	256	2	20	-26	-23	0
2100	256	3	-20	25	22	0
2104	257	1	19	26	23	0
2108	257	2	-19	28	-23	0
2112	257	3	23	27	25	0
2116	258	1	24	29	26	0
2122	258	2.5	23	28	25	0
2124	258	3	22	27	24	0
2126	258	3.5	-22	26	23	0
2128	259	1	21	26	23	0
2132	259	2	20	-26	-23	0
2136	259	3	-20	25	22	0
2140	260	1	19	26	23	0
2152	261	1	0	0	0	0
2152	261	1	0	0	26	0
2160	262	1	19	0	28	0
2168	263	1	21	0	-28	30
2174	263	4	-21	0	29	-30
2176	264	1	21	23	30	32
2182	264	4	21	-23	-30	-32
2184	265	1	21	25	30	32
2188	265	3	21	-25	-30	-32
2190	265	4	-21	-25	30	32
2192	266	1	21	25	30	32
2196	266	3	-21	-25	30	28
2198	266	4	-21	25	-30	-28
2200	267	1	-21	25	30	35
2204	267	3	-21	25	-30	-35
2206	267	4	-21	-25	28	-35
2208	268	1	18	25	30	34
2211	268	2.5	-18	-25	31	-34
2212	268	3	-18	-25	29	-34
2216	269	1	19	23	28	0
2220	269	3	-19	24	-28	33
2222	269	4	17	-24	-28	-33
2224	270	1	17	-24	28	-33
2228	270	3	21	23	-28	32
2230	270	4	-21	-23	27	-32
2232	271	1	-21	-23	26	33
2236	271	3	20	22	25	34
2240	272	1	19	23	26	35
2244	272	3	-19	-23	23	-35
2246	272	4	-19	24	-23	-35
2248	273	1	18	25	-23	34
2250	273	2	-18	-25	22	-34
2252	273	3	-18	-25	22	-34
2258	274	2	-18	-25	22	-34
2260	274	3	-18	-25	22	-34
2262	274	4	-18	-25	22	-34
2264	275	1	0	-25	23	-34
2268	275	3	18	-25	22	-34
2270	275	4	-18	-25	25	-34
2272	276	1	18	0	-25	32
2273	276	1.5	-18	0	26	-32
2274	276	2	-18	0	27	-32
2275	276	2.5	-18	0	28	-32
2276	276	3	18	25	29	32
2278	276	4	-18	-25	27	-32
2280	277	1	21	25	28	32
2283	277	2.5	-21	-25	29	-32
2284	277	3	-21	25	30	35
2286	277	4	22	-25	-30	-35
2288	278	1	23	25	0	34
2290	278	2	-23	-25	30	35
2292	278	3	19	26	-30	-35
2294	278	4	-19	-26	28	34
2295	278	4.5	-19	-26	-28	33
2296	279	1	0	25	29	34
2298	279	2	0	-25	30	-34
2300	279	3	19	26	-30	30
2302	279	4	-19	-26	23	-30
2304	280	1	21	-26	-23	0
2306	280	2	-21	25	23	0
2308	280	3	-21	25	23	35
2310	280	4	22	-25	-23	-35
2312	281	1	23	-25	0	34
2314	281	2	-23	-25	30	35
2316	281	3	0	26	-30	-35
2318	281	4	19	-26	30	34
2319	281	4.5	-19	-26	-30	33
2320	282	1	23	25	30	34
2322	282	2	-23	23	-30	35
2324	282	3	22	24	26	36
2325	282	3.5	-22	-24	-26	35
2326	282	4	-22	-24	29	34
2327	282	4.5	-22	-24	-29	33
2328	283	1	23	23	27	32
2330	283	2	-23	-23	28	-32
2334	283	4	19	-23	27	33
2335	283	4.5	-19	-23	26	-33
2336	284	1	23	0	27	32
2338	284	2	-23	0	28	30
2340	284	3	22	0	29	31
2341	284	3.5	-22	0	28	-31
2342	284	4	-22	0	27	-31
2343	284	4.5	-22	0	26	-31
2344	285	1	23	0	25	30
2346	285	2	-23	27	-25	-30
2348	285	3	-23	27	-25	0
2350	285	4	-23	27	-25	30
2352	286	1	0	28	0	30
2353	286	1.5	0	27	0	-30
2354	286	2	0	26	0	30
2355	286	2.5	0	25	0	-30
2356	286	3	0	26	0	31
2358	286	4	0	27	0	-31
2359	286	4.5	0	26	0	-31
2360	287	1	0	27	0	-31
2361	287	1.5	0	26	0	-31
2362	287	2	0	29	0	30
2363	287	2.5	0	-29	0	29
2364	287	3	0	-29	0	30
2366	287	4	0	28	0	-30
2368	288	1	0	29	0	29
2370	288	2	0	-29	0	31
2372	288	3	0	27	0	32
2374	288	4	0	28	0	33
2376	289	1	0	29	0	0
2378	289	2	0	-29	0	33
2380	289	3	0	0	0	36
2382	289	4	0	29	0	-36
2383	289	4.5	0	-29	0	34
2384	290	1	0	30	0	35
2386	290	2	0	27	0	34
2388	290	3	0	28	0	-34
2390	290	4	0	-28	0	33
2392	291	1	0	27	0	34
2394	291	2	0	-27	0	29
2396	291	3	0	-27	0	32
2398	291	4	0	-27	25	-32
2399	291	4.5	0	-27	-25	30
2400	292	1	0	0	26	31
2402	292	2	0	0	23	30
2404	292	3	0	0	24	-30
2406	292	4	0	0	-24	29
2408	293	1	0	0	23	30
2410	293	2	0	25	-23	-30
2412	293	3	0	28	-23	-30
2414	293	4	21	-28	-23	-30
2415	293	4.5	-21	26	-23	-30
2416	294	1	22	27	0	0
2418	294	2	19	26	0	0
2420	294	3	20	-26	0	0
2422	294	4	-20	25	0	0
2424	295	1	19	26	0	0
2426	295	2	-19	-26	0	28
2428	295	3	-19	-26	0	35
2430	295	4	-19	-26	28	-35
2431	295	4.5	-19	-26	-28	33
2432	296	1	0	0	29	34
2434	296	2	0	0	26	33
2436	296	3	0	0	27	-33
2438	296	4	0	0	-27	32
2440	297	1	0	0	26	33
2442	297	2	0	28	-26	-33
2444	297	3	0	31	-26	-33
2446	297	4	24	-31	-26	-33
2447	297	4.5	-24	29	-26	-33
2448	298	1	25	30	0	0
2450	298	2	22	29	0	0
2452	298	3	23	-29	0	0
2454	298	4	-23	28	0	0
2456	299	1	22	29	0	0
2458	299	2	-22	-29	22	0
2460	299	3	-22	-29	31	0
2462	299	4	-22	-29	-31	31
2463	299	4.5	-22	-29	29	-31
2464	300	1	0	0	30	32
2466	300	2	0	0	29	29
2468	300	3	0	0	-29	30
2470	300	4	0	0	28	-30
2472	301	1	0	0	29	29
2474	301	2	25	0	-29	-29
2476	301	3	25	0	-29	-29
2478	301	4	25	25	-29	-29
2480	302	1	23	25	0	0
2482	302	2	21	25	0	0
2484	302	3	-21	26	0	0
2485	302	3.5	-21	25	0	0
2486	302	4	20	28	0	0
2487	302	4.5	19	-28	0	0
2488	303	1	18	27	0	0
2489	303	1.5	-18	26	0	0
2490	303	2	19	26	0	0
2492	303	3	20	-26	0	0
2494	303	4	-20	25	0	0
2496	304	1	19	26	0	0
2498	304	2	21	-26	0	0
2500	304	3	-21	25	0	0
2501	304	3.5	20	-25	0	0
2502	304	4	21	26	0	0
2503	304	4.5	22	-26	0	0
2504	305	1	18	-26	0	0
2505	305	1.5	-18	27	0	0
2506	305	2	-18	25	0	0
2508	305	3	19	-25	0	0
2509	305	3.5	-19	23	0	0
2510	305	4	-19	24	0	0
2512	306	1	18	25	0	0
2514	306	2	25	23	0	0
2517	306	3.5	23	21	0	0
2518	306	4	24	22	0	0
2520	307	1	25	23	0	0
2522	307	2	23	25	0	0
2524	307	3	-23	24	0	0
2525	307	3.5	21	-24	0	0
2526	307	4	22	-24	0	0
2528	308	1	23	23	0	0
2534	308	4	19	-23	0	0
2536	309	1	19	0	28	30
2540	309	2	-19	26	-28	-30
2544	309	3	-19	-26	28	30
2548	310	1	0	26	28	31
2552	310	2	0	27	29	-31
2554	310	2.5	0	-27	-29	29
2556	310	3	0	-27	-29	29
2558	310	3.5	0	25	27	-29
2560	311	1	0	25	27	30
2564	311	2	0	26	28	31
2568	311	3	0	27	29	32
2572	312	1	0	28	30	-32
2576	312	2	0	-28	-30	30
2580	312	3	0	26	28	31
2584	313	1	0	27	29	32
2588	313	2	0	28	30	-32
2590	313	2.5	0	-28	-30	32
2592	313	3	0	-28	-30	32
2596	314	1	0	28	26	33
2600	314	2	0	29	31	-33
2604	314	3	0	-29	-31	34
2608	315	1	0	28	30	33
2612	315	2	0	27	29	32
2614	315	2.5	0	-27	-29	31
2618	315	3.5	0	-27	28	30
2619	315	3.75	0	-27	-28	29
2620	316	1	0	26	30	28
2628	316	3	0	26	0	-28
2632	317	1	21	25	23	0
2636	317	2	21	25	23	0
2640	317	3	21	26	23	0
2644	318	1	22	-26	24	0
2648	318	2	23	25	21	0
2656	319	1	24	26	28	0
2664	319	3	21	25	0	0
2668	320	1	-21	-25	28	0
2670	320	1.5	22	24	-28	0
2672	320	2	23	25	-28	0
2676	320	3	24	26	28	0
2680	321	1	25	23	27	0
2684	321	2	26	24	29	0
2692	322	1	19	23	28	0
2704	323	1	0	23	21	0
2708	323	2	19	-23	-21	0
2712	323	3	-19	24	21	0
2716	324	1	20	-24	22	0
2718	324	1.5	-20	22	-22	0
2720	324	2	-20	22	-22	0
2722	324	2.5	18	-22	20	0
2724	324	3	18	23	20	0
2728	325	1	19	24	21	0
2732	325	2	20	25	22	0
2736	325	3	21	-25	23	0
2740	326	1	-21	23	-23	0
2744	326	2	19	24	21	0
2748	326	3	20	25	22	0
2752	327	1	21	-25	23	0
2754	327	1.5	-21	25	-23	0
2756	327	2	-21	25	-23	0
2758	327	2.5	21	-25	23	0
2760	327	3	21	-25	23	0
2762	327	3.5	-21	23	-23	0
2764	328	1	19	24	21	0
2766	328	1.5	-19	23	-21	0
2768	328	2	20	25	22	0
2770	328	2.5	-20	24	-22	0
2774	328	3.5	-20	23	21	0
2775	328	3.75	-20	22	-21	0
2776	329	1	19	21	23	0
2782	329	4	19	-21	-23	0
2784	330	1	23	0	-23	0
2786	330	2	-23	25	-23	0
2788	330	3	19	26	-23	0
2790	330	4	-19	28	-23	0
2792	331	1	23	-28	0	0
2793	331	1.5	-23	27	0	0
2794	331	2	-23	28	30	0
2795	331	2.5	-23	26	-30	0
2796	331	3	-23	27	-30	32
2798	331	4	-23	-27	30	-32
2800	332	1	0	26	30	33
2802	332	2	19	-26	-30	35
2804	332	3	-19	-26	30	-35
2805	332	3.5	-19	-26	-30	34
2806	332	4	19	-26	-30	35
2807	332	4.5	-19	-26	-30	33
2808	333	1	23	0	0	34
2810	333	2	-23	25	27	-34
2812	333	3	19	26	28	33
2815	333	4.5	-19	25	-28	-33
2816	334	1	23	23	27	0
2818	334	2	-23	25	-27	32
2820	334	3	0	24	0	33
2822	334	4	0	-24	26	-33
2824	335	1	19	23	28	-33
2826	335	2	-19	-23	-28	32
2827	335	2.5	-19	-23	29	31
2828	335	3	21	0	30	30
2830	335	4	-21	23	-30	32
2832	336	1	22	24	0	31
2834	336	2	-22	22	26	-31
2836	336	3	21	23	28	30
2839	336	4.5	-21	24	-28	-30
2840	337	1	0	25	29	0
2842	337	2	18	-25	-29	34
2844	337	3	19	23	28	35
2846	337	4	-19	-23	-28	33
2847	337	4.5	-19	24	-28	-33
2848	338	1	18	25	0	34
2850	338	2	-18	25	29	-34
2851	338	2.5	-18	-25	-29	35
2852	338	3	0	25	-29	36
2854	338	4	25	-25	29	-36
2855	338	4.5	-25	26	-29	-36
2856	339	1	-25	27	29	32
2858	339	2	23	28	30	-32
2860	339	3	24	26	28	33
2863	339	4.5	-24	27	29	-33
2864	340	1	23	28	30	32
2866	340	2	-23	27	-30	-32
2868	340	3	-23	28	-30	0
2869	340	3.5	-23	27	-30	0
2870	340	4	-23	28	-30	32
2871	340	4.5	-23	27	-30	-32
2872	341	1	0	28	0	-32
2873	341	1.5	0	27	0	-32
2874	341	2	0	30	0	30
2876	341	3	0	-30	0	31
2877	341	3.5	0	28	0	-31
2878	341	4	0	29	0	-31
2880	342	1	0	30	0	30
2882	342	2	19	-30	0	-30
2884	342	3	19	-30	0	30
2886	342	4	21	-30	23	-30
2888	343	1	-21	0	23	0
2889	343	1.5	20	0	-23	0
2890	343	2	23	0	25	0
2893	343	3.5	-23	0	23	0
2894	343	4	22	0	27	0
2896	344	1	23	0	-27	32
2897	344	1.5	-23	0	25	-32
2898	344	2	-23	30	28	-32
2899	344	2.5	-23	-30	-28	32
2900	344	3	-23	-30	27	32
2901	344	3.5	-23	30	-27	-32
2902	344	4	-23	30	23	32
2904	345	1	0	31	0	33
2906	345	2	0	30	0	30
2908	345	3	0	-30	0	31
2909	345	3.5	0	28	0	-31
2910	345	4	0	29	0	-31
2912	346	1	21	30	0	30
2914	346	2	-21	-30	28	-30
2915	346	2.5	21	-30	-28	-30
2916	346	3	21	-30	-28	-30
2917	346	3.5	-21	-30	28	-30
2918	346	4	21	-30	28	-30
2920	347	1	22	0	27	0
2921	347	1.5	-22	0	26	0
2922	347	2	19	0	26	0
2924	347	3	20	0	-26	0
2926	347	4	-20	0	25	0
2928	348	1	19	0	26	0
2930	348	2	-19	0	-26	30
2932	348	3	-19	0	-26	30
2934	348	4	-19	26	-26	30
2936	349	1	0	26	0	31
2937	349	1.5	0	-26	0	30
2938	349	2	0	26	0	33
2940	349	3	0	27	0	32
2941	349	3.5	0	26	0	-32
2942	349	4	0	29	0	31
2945	350	1.5	0	28	0	-31
2946	350	2	0	28	0	30
2948	350	3	0	-28	0	29
2950	350	4	0	27	0	-29
2952	351	1	0	28	0	28
2954	351	2	19	-28	0	-28
2957	351	3.5	18	-28	0	-28
2958	351	4	19	-28	23	-28
2959	351	4.5	20	-28	-23	-28
2960	352	1	21	0	-23	0
2961	352	1.5	-21	0	22	0
2962	352	2	21	0	23	0
2963	352	2.5	-21	0	24	0
2964	352	3	21	0	25	0
2966	352	4	-21	0	26	0
2968	353	1	-21	0	25	0
2970	353	2	19	0	26	0
2972	353	3	20	0	-26	0
2973	353	3.5	-20	0	25	0
2974	353	4	-20	0	25	0
2975	353	4.5	-20	0	24	0
2976	354	1	19	0	26	0
2978	354	2	-19	26	-26	0
2981	354	3.5	-19	25	-26	0
2982	354	4	-19	26	-26	30
2983	354	4.5	-19	27	-26	-30
2984	355	1	0	28	0	-30
2985	355	1.5	0	-28	0	29
2986	355	2	0	28	0	30
2987	355	2.5	0	-28	0	31
2988	355	3	0	28	0	32
2990	355	4	0	-28	0	33
2992	356	1	0	-28	0	32
2994	356	2	0	26	0	33
2996	356	3	0	27	0	-33
2997	356	3.5	0	-27	0	32
2998	356	4	0	-27	0	32
2999	356	4.5	0	-27	0	31
3000	357	1	0	26	0	33
3004	357	3	0	-26	28	0
3006	357	4	0	-26	-28	30
3008	358	1	0	22	29	31
3012	358	3	19	26	28	30
3016	359	1	20	22	29	29
3018	359	2	-20	-22	-29	31
3020	359	3	19	26	28	-31
3021	359	3.5	-19	-26	-28	30
3022	359	4	-19	-26	-28	33
3024	360	1	20	0	29	-33
3026	360	2	-20	22	-29	32
3028	360	3	19	23	28	33
3031	360	4.5	-19	24	-28	-33
3032	361	1	18	25	27	0
3034	361	2	17	26	26	33
3036	361	3	18	25	27	36
3040	362	1	19	23	26	35
3046	362	4	-19	23	-26	-35
3048	363	1	0	24	0	33
3050	363	2	0	22	0	-33
3052	363	3	19	23	26	35
3055	363	4.5	-19	24	-26	-35
3056	364	1	23	25	27	34
3059	364	2.5	-23	-25	-27	32
3060	364	3	23	23	28	32
3064	365	1	22	24	29	0
3066	365	2	-22	-24	-29	33
3068	365	3	18	25	27	34
3071	365	4.5	-18	-25	-27	32
3072	366	1	21	-25	28	32
3074	366	2	-21	25	-28	-32
3075	366	2.5	-21	-25	-28	33
3075.5	366	2.75	-21	-25	-28	34
3076	366	3	21	25	30	35
3080	367	1	22	24	29	34
3082	367	2	-22	-24	-29	33
3084	367	3	-22	-24	26	-33
3085.33	367	3.66667	-22	-24	27	-33
3086	367	4	-22	-24	-27	32
3087	367	4.5	-22	-24	-27	31
3088	368	1	21	25	28	30
3096	369	1	22	24	26	0
3100	369	3	18	25	27	29
3104	370	1	21	23	28	30
3106	370	2	-21	-23	-28	32
3108	370	3	22	24	26	31
3110	370	4	-22	-24	-26	33
3112	371	1	20	22	27	32
3114	371	2	-20	-22	-27	31
3116	371	3	-20	-22	24	-31
3117.33	371	3.66667	-20	-22	25	-31
3118	371	4	-20	-22	-25	30
3119	371	4.5	-20	-22	-25	29
3120	372	1	19	23	26	28
3124	372	3	-19	-23	28	-28
3126	372	4	-19	-23	-28	29
3128	373	1	0	-23	-28	30
3130	373	2	0	-23	-28	31
3132	373	3	0	-23	27	32
3136	374	1	23	0	27	0
3140	374	3	-23	0	-27	32
3144	375	1	25	23	0	-32
3146	375	2	-25	-23	0	31
3148	375	3	-25	-23	0	30
3152	376	1	18	25	27	29
3156	376	3	-18	-25	-27	36
3160	377	1	-18	0	29	-36
3162	377	2	-18	0	-29	35
3164	377	3	18	25	-29	34
3168	378	1	22	-25	0	33
3172	378	3	-22	24	29	-33
3174	378	4	-22	-24	-29	31
3176	379	1	0	23	-29	32
3180	379	3	19	-23	28	33
3184	380	1	20	0	27	29
3188	380	3	18	22	-27	0
3190	380	4	-18	-22	-27	32
3192	381	1	21	23	0	-32
3193	381	1.5	-21	-23	0	31
3194	381	2	-21	-23	0	30
3195	381	2.5	-21	-23	0	29
3196	381	3	-21	-23	26	30
3198	381	4	20	24	-26	-30
3200	382	1	18	25	27	29
3206	382	4	-18	-25	28	-29
3208	383	1	-18	25	29	0
3212	383	3	-18	-25	29	34
3216	384	1	0	25	29	-34
3220	384	3	21	-25	30	32
3224	385	1	-21	26	-30	35
3228	385	3	19	-26	28	-35
3230	385	4	-19	-26	-28	33
3232	386	1	22	24	29	33
3236	386	3	18	25	-29	34
3238	386	4	-18	-25	27	-34
3240	387	1	-18	-25	27	-34
3242	387	2	-18	-25	-27	32
3244	387	3	25	23	-27	32
3248	388	1	-25	23	0	0
3250	388	2	24	-23	0	32
3251	388	2.5	23	-23	0	-32
3252	388	3	23	-23	30	-32
3254	388	4	21	-23	-30	30
3256	389	1	-21	-23	-30	30
3258	389	2	20	-23	28	-30
3259	389	2.5	19	-23	-28	-30
3260	389	3	19	-23	28	-30
3263	389	4.5	-19	-23	26	-30
3264	390	1	0	-23	28	-30
3266	390	2	18	-23	27	-30
3270	390	4	17	-23	25	-30
3271	390	4.5	16	-23	-25	-30
3272	391	1	16	-23	25	-30
*-	*-	*-	*-	*-	*-	*-
