**absq	**bar	**beat	**b7	**b7	**b7	**b7	**b7	**b7	**b7	**b7	**b7	**b7
0	1	1	0	0	0	0	29	0	0	0	0	0
4	1	3	0	0	0	0	29	0	0	0	0	0
6	1	4	0	0	0	0	29	0	0	0	0	0
8	2	1	0	0	0	0	28	0	0	0	0	30
11	2	2.5	0	0	0	0	27	0	0	0	0	-30
12	2	3	0	0	0	0	26	0	0	0	0	30
14	2	4	0	0	0	0	-26	0	0	0	0	30
15	2	4.5	0	0	0	0	25	0	0	0	0	-30
16	3	1	0	0	0	29	24	0	0	0	0	31
18	3	2	0	0	0	-29	31	0	0	0	0	-31
19	3	2.5	0	0	0	-29	-31	0	0	0	0	32
20	3	3	0	0	0	29	-31	0	0	0	0	33
22	3	4	0	0	0	29	31	0	0	0	0	-33
23	3	4.5	0	0	0	-29	-31	0	0	0	0	34
24	4	1	0	0	0	28	30	0	0	0	30	35
26	4	2	0	0	0	-28	-30	0	0	0	-30	28
27	4	2.5	0	0	0	27	29	0	0	0	-30	-28
28	4	3	0	0	0	26	28	0	0	0	30	-28
30	4	4	0	0	0	-26	-28	0	0	0	30	28
31	4	4.5	0	0	0	25	27	0	0	0	-30	-28
32	5	1	0	0	29	24	26	0	0	0	31	29
33	5	1.5	0	0	-29	-24	25	0	0	0	-31	-29
34	5	2	0	0	-29	31	24	0	0	0	-31	-29
35	5	2.5	0	0	-29	-31	23	0	0	0	32	30
36	5	3	0	0	29	-31	22	0	0	0	33	31
38	5	4	0	0	29	31	-22	0	0	0	-33	-31
39	5	4.5	0	0	-29	-31	-22	0	0	0	34	32
40	6	1	0	0	28	30	26	0	0	30	35	33
41	6	1.5	0	0	-28	-30	-26	0	0	-30	-35	34
42	6	2	0	0	-28	-30	-26	0	0	-30	28	35
43	6	2.5	0	0	27	29	27	0	0	-30	-28	36
44	6	3	0	0	26	28	28	0	0	30	-28	37
45	6	3.5	0	0	-26	-28	29	0	0	-30	-28	-37
46	6	4	0	0	-26	-28	30	0	0	30	28	-37
47	6	4.5	0	0	25	27	-30	0	0	-30	-28	-37
48	7	1	0	29	24	26	0	0	0	31	29	33
49	7	1.5	0	-29	-24	25	0	0	0	-31	-29	-33
50	7	2	0	-29	31	24	26	0	0	-31	-29	-33
51	7	2.5	0	-29	-31	23	-26	0	0	32	30	32
52	7	3	0	29	-31	22	-26	0	0	33	31	31
53	7	3.5	0	-29	-31	-22	-26	0	0	-33	-31	30
54	7	4	0	29	31	-22	33	0	0	-33	-31	29
55	7	4.5	0	-29	-31	-22	-33	0	0	34	32	-29
56	8	1	0	28	30	26	0	0	30	35	33	0
57	8	1.5	0	-28	-30	-26	0	0	-30	-35	34	0
58	8	2	0	-28	-30	-26	26	0	-30	28	35	33
59	8	2.5	0	27	29	27	-26	0	-30	-28	36	-33
60	8	3	0	26	28	28	-26	0	30	-28	37	-33
61	8	3.5	0	-26	-28	29	-26	0	-30	-28	-37	-33
62	8	4	0	-26	-28	30	28	0	30	28	-37	26
63	8	4.5	0	25	27	-30	-28	0	-30	-28	-37	-26
64	9	1	29	24	26	0	31	0	31	29	33	0
65	9	1.5	-29	-24	25	0	-31	0	-31	-29	-33	0
66	9	2	-29	31	24	26	24	0	-31	-29	-33	33
67	9	2.5	-29	-31	23	-26	-24	0	32	30	32	-33
68	9	3	29	-31	22	-26	-24	0	33	31	31	-33
69	9	3.5	-29	-31	-22	-26	-24	0	-33	-31	30	-33
70	9	4	29	31	-22	33	26	0	-33	-31	29	31
71	9	4.5	-29	-31	-22	-33	-26	0	34	32	-29	-31
72	10	1	28	30	26	0	26	30	35	33	0	28
73	10	1.5	-28	-30	-26	0	-26	-30	-35	34	0	-28
74	10	2	-28	-30	-26	26	26	-30	28	35	33	35
75	10	2.5	27	29	27	-26	-26	-30	-28	36	-33	-35
76	10	3	26	28	28	-26	30	30	-28	37	-33	-35
77	10	3.5	-26	-28	29	-26	-30	-30	-28	-37	-33	-35
78	10	4	-26	-28	30	28	-30	30	28	-37	26	33
79	10	4.5	25	27	-30	-28	-30	-30	-28	-37	-26	-33
80	10	1	24	26	0	31	29	31	29	33	0	33
81	10	1.5	-24	25	0	-31	-29	-31	-29	-33	0	-33
82	10	2	31	24	26	24	-29	-31	-29	-33	33	33
83	10	2.5	-31	23	-26	-24	-29	32	30	32	-33	-33
84	10	3	-31	22	-26	-24	29	33	31	31	-33	29
85	10	3.5	-31	-22	-26	-24	-29	-33	-31	30	-33	-29
86	10	4	31	-22	33	26	29	-33	-31	29	31	-29
87	10	4.5	-31	-22	-33	-26	-29	34	32	-29	-31	-29
88	11	1	30	26	0	26	28	35	33	0	28	30
89	11	1.5	-30	-26	0	-26	-28	-35	34	0	-28	-30
90	11	2	-30	-26	26	26	-28	28	35	33	35	-30
91	11	2.5	29	27	-26	-26	27	-28	36	-33	-35	-30
92	11	3	28	28	-26	30	26	-28	37	-33	-35	30
93	11	3.5	-28	29	-26	-30	-26	-28	-37	-33	-35	-30
94	11	4	-28	30	28	-30	-26	28	-37	26	33	30
95	11	4.5	27	-30	-28	-30	25	-28	-37	-26	-33	-30
96	12	1	26	0	31	29	24	29	33	0	33	31
97	12	1.5	25	0	-31	-29	-24	-29	-33	0	-33	-31
98	12	2	24	26	24	-29	31	-29	-33	33	33	-31
99	12	2.5	23	-26	-24	-29	-31	30	32	-33	-33	32
100	12	3	22	-26	-24	29	-31	31	31	-33	29	33
101	12	3.5	-22	-26	-24	-29	-31	-31	30	-33	-29	-33
102	12	4	-22	33	26	29	31	-31	29	31	-29	-33
103	12	4.5	-22	-33	-26	-29	-31	32	-29	-31	-29	34
104	13	1	26	0	26	28	30	33	0	28	30	35
105	13	1.5	-26	0	-26	-28	-30	34	0	-28	-30	-35
106	13	2	-26	26	26	-28	-30	35	33	35	-30	28
107	13	2.5	27	-26	-26	27	29	36	-33	-35	-30	-28
108	13	3	28	-26	30	26	28	37	-33	-35	30	-28
109	13	3.5	29	-26	-30	-26	-28	-37	-33	-35	-30	-28
110	13	4	30	28	-30	-26	-28	-37	26	33	30	28
111	13	4.5	-30	-28	-30	25	27	-37	-26	-33	-30	-28
112	14	1	0	31	29	24	26	33	0	33	31	29
113	14	1.5	0	-31	-29	-24	25	-33	0	-33	-31	-29
114	14	2	26	24	-29	31	24	-33	33	33	-31	-29
115	14	2.5	-26	-24	-29	-31	23	32	-33	-33	32	30
116	14	3	-26	-24	29	-31	22	31	-33	29	33	31
117	14	3.5	-26	-24	-29	-31	-22	30	-33	-29	-33	-31
118	14	4	33	26	29	31	-22	29	31	-29	-33	-31
119	14	4.5	-33	-26	-29	-31	-22	-29	-31	-29	34	32
120	15	1	0	26	28	30	26	0	28	30	35	33
121	15	1.5	0	-26	-28	-30	-26	0	-28	-30	-35	34
122	15	2	26	26	-28	-30	-26	33	35	-30	28	35
123	15	2.5	-26	-26	27	29	27	-33	-35	-30	-28	36
124	15	3	-26	30	26	28	28	-33	-35	30	-28	37
125	15	3.5	-26	-30	-26	-28	29	-33	-35	-30	-28	-37
126	15	4	28	-30	-26	-28	30	26	33	30	28	-37
127	15	4.5	-28	-30	25	27	-30	-26	-33	-30	-28	-37
128	16	1	31	29	24	26	0	0	33	31	29	33
129	16	1.5	-31	-29	-24	25	0	0	-33	-31	-29	-33
130	16	2	24	-29	31	24	26	33	33	-31	-29	-33
131	16	2.5	-24	-29	-31	23	-26	-33	-33	32	30	32
132	16	3	-24	29	-31	22	-26	-33	29	33	31	31
133	16	3.5	-24	-29	-31	-22	-26	-33	-29	-33	-31	30
134	16	4	26	29	31	-22	33	31	-29	-33	-31	29
135	16	4.5	-26	-29	-31	-22	-33	-31	-29	34	32	-29
136	17	1	26	28	30	26	0	28	30	35	33	0
137	17	1.5	-26	-28	-30	-26	0	-28	-30	-35	34	0
138	17	2	26	-28	-30	-26	26	35	-30	28	35	33
139	17	2.5	-26	27	29	27	-26	-35	-30	-28	36	-33
140	17	3	30	26	28	28	-26	-35	30	-28	37	-33
141	17	3.5	-30	-26	-28	29	-26	-35	-30	-28	-37	-33
142	17	4	-30	-26	-28	30	28	33	30	28	-37	26
143	17	4.5	-30	25	27	-30	-28	-33	-30	-28	-37	-26
144	18	1	29	24	26	0	31	33	31	29	33	0
145	18	1.5	-29	-24	25	0	-31	-33	-31	-29	-33	0
146	18	2	-29	31	24	26	24	33	-31	-29	-33	33
147	18	2.5	-29	-31	23	-26	-24	-33	32	30	32	-33
148	18	3	29	-31	22	-26	-24	29	33	31	31	-33
149	18	3.5	-29	-31	-22	-26	-24	-29	-33	-31	30	-33
150	18	4	29	31	-22	33	26	-29	-33	-31	29	31
151	18	4.5	-29	-31	-22	-33	-26	-29	34	32	-29	-31
152	19	1	28	30	26	0	26	30	35	33	0	28
153	19	1.5	-28	-30	-26	0	-26	-30	-35	34	0	-28
154	19	2	-28	-30	-26	26	26	-30	28	35	33	35
155	19	2.5	27	29	27	-26	-26	-30	-28	36	-33	-35
156	19	3	26	28	28	-26	30	30	-28	37	-33	-35
157	19	3.5	-26	-28	29	-26	-30	-30	-28	-37	-33	-35
158	19	4	-26	-28	30	28	-30	30	28	-37	26	33
159	19	4.5	25	27	-30	-28	-30	-30	-28	-37	-26	-33
*-	*-	*-	*-	*-	*-	*-	*-	*-	*-	*-	*-	*-
