**absq	**bar	**beat	**b7	**b7	**b7	**b7
0	1	1	28	0	0	0
8	2	1	28	0	0	35
16	3	1	26	28	0	35
24	4	1	24	28	31	33
32	5	1	-24	26	31	31
40	6	1	20	24	29	0
42	6	2	-20	27	-29	0
43	6	2.5	-20	-27	28	0
44	6	3	-20	-27	29	31
45	6	3.5	-20	28	30	-31
46	6	4	27	29	31	-31
48	7	1	-27	-29	-31	34
49	7	1.5	26	28	-31	-34
50	7	2	25	27	30	-34
51	7	2.5	24	26	29	-34
52	7	3	25	27	30	-34
54	7	4	-25	28	-30	33
55	7	4.5	-25	27	-30	32
56	8	1	24	28	31	33
64	9	1	0	0	0	0
68	9	3	24	28	31	33
72	10	1	22	29	31	33
74	10	2	-22	29	-31	-33
78	10	4	-22	28	30	-33
79	10	4.5	-22	27	29	-33
80	11	1	24	26	28	33
82	11	2	-24	24	29	-33
84	11	3	23	25	-29	32
86	11	4	-23	25	28	-32
87	11	4.5	-23	-25	-28	33
88	12	1	22	-25	29	34
90	12	2	-22	24	28	33
91	12	2.5	-22	23	-28	-33
92	12	3	22	24	-28	-33
93	12	3.5	-22	-24	27	-33
93.5	12	3.75	-22	-24	28	-33
94	12	4	-22	-24	27	32
95	12	4.5	-22	-24	-27	31
96	13	1	21	25	28	30
102	13	4	21	-25	28	30
104	14	1	19	0	28	31
106	14	2	-19	26	-28	-31
108	14	3	18	27	29	32
112	15	1	21	28	25	30
116	15	3	0	26	0	0
118	15	4	22	-26	24	31
120	16	1	22	0	24	31
122	16	2	21	27	25	30
123	16	2.5	20	-27	-25	29
124	16	3	21	27	-25	30
126	16	4	21	26	24	30
127	16	4.5	-21	-26	23	-30
128	17	1	20	27	24	29
136	18	1	0	0	0	0
138	18	2	20	27	24	29
140	18	3	-20	-27	-24	29
142	18	4	20	27	25	-29
144	19	1	20	27	-25	31
145	19	1.5	-20	-27	24	-31
146	19	2	-20	-27	24	-31
147	19	2.5	19	-27	-24	-31
148	19	3	18	-27	-24	32
150	19	4	-18	-27	23	-32
152	20	1	17	26	24	33
154	20	2	24	-26	22	-33
155	20	2.5	-24	25	-22	-33
156	20	3	-24	26	-22	-33
157	20	3.5	23	27	-22	-33
158	20	4	21	28	23	32
160	21	1	22	-28	24	31
162	21	2	-22	27	-24	30
163	21	2.5	-22	-27	-24	29
164	21	3	21	28	25	30
166	21	4	24	-28	26	33
167	21	4.5	-24	27	27	-33
168	22	1	-24	26	28	-33
169	22	1.5	-24	-26	-28	32
170	22	2	20	27	29	31
172	22	3	21	25	28	-31
174	22	4	-21	-25	-28	30
176	23	1	17	24	26	31
184	24	1	0	0	0	0
188	24	3	17	24	26	28
192	25	1	20	24	27	29
198	25	4	20	24	27	29
200	26	1	20	24	27	29
204	26	3	22	24	26	31
208	27	1	21	25	28	30
210	27	2	21	-25	-28	30
214	27	4	20	-25	-28	29
215	27	4.5	19	-25	-28	28
216	28	1	18	25	27	29
222	28	4	-18	24	26	-29
223	28	4.5	-18	23	25	-29
224	29	1	0	22	24	-29
228	29	3	20	-22	31	-29
232	30	1	24	-22	31	0
236	30	3	-24	-22	-31	29
238	30	4	-24	-22	30	-29
239	30	4.5	-24	-22	29	-29
240	31	1	24	0	28	33
244	31	3	24	26	31	-33
248	32	1	-24	28	-31	33
252	32	3	24	-28	-31	33
256	33	1	20	29	-31	34
260	33	3	-20	-29	31	-34
262	33	4	-20	28	-31	33
263	33	4.5	-20	27	-31	32
264	34	1	24	28	31	33
266	34	2	22	29	-31	-33
267	34	2.5	-22	-29	-31	34
268	34	3	25	27	30	32
270	34	4	24	28	31	33
272	35	1	23	25	27	-33
273	35	1.5	-23	-25	-27	32
274	35	2	-23	-25	28	32
276	35	3	22	26	29	-32
278	35	4	-22	-26	-29	31
280	36	1	18	25	29	32
288	37	1	0	25	0	30
292	37	3	21	25	28	30
296	38	1	21	0	28	0
300	38	3	0	25	0	30
304	39	1	21	-25	28	-30
308	39	3	21	25	28	30
312	40	1	22	24	27	29
316	40	3	22	24	26	29
320	41	1	19	23	26	28
326	41	4	-19	21	-26	-28
329	42	1.5	0	22	0	0
330	42	2	21	23	0	0
331	42	2.5	-21	24	0	0
332	42	3	-21	25	0	0
333	42	3.5	20	-25	0	0
334	42	4	19	26	0	0
335	42	4.5	18	-26	0	0
336	43	1	19	-26	0	0
337	43	1.5	-19	25	0	0
338	43	2	20	24	0	0
340	43	3	18	-24	0	0
342	43	4	-18	23	0	0
344	44	1	17	24	0	0
346	44	2	-17	-24	0	28
349	44	3.5	-17	-24	0	29
350	44	4	-17	-24	28	30
351	44	4.5	-17	-24	-28	31
352	45	1	0	0	-28	32
353	45	1.5	0	0	27	-32
354	45	2	0	0	26	33
355	45	2.5	0	0	25	-33
356	45	3	0	0	26	-33
357	45	3.5	0	0	-26	32
358	45	4	0	0	27	31
360	46	1	0	0	25	-31
362	46	2	0	0	-25	30
364	46	3	0	0	24	31
368	47	1	17	21	0	0
370	47	2	-17	-21	24	0
372	47	3	20	22	25	0
374	47	4	19	23	26	0
376	48	1	22	24	-26	0
378	48	2	-22	-24	26	0
379	48	2.5	22	24	-26	0
380	48	3	22	24	-26	0
381	48	3.5	-22	-24	26	0
382	48	4	22	24	26	0
384	49	1	22	24	-26	0
386	49	2	22	24	26	0
388	49	3	21	23	26	0
390	49	4	-21	-23	26	0
391	49	4.5	20	22	-26	0
392	50	1	21	23	25	0
394	50	2	22	24	27	0
397	50	3.5	21	23	26	0
398	50	4	20	23	26	0
399	50	4.5	19	-23	-26	0
400	51	1	20	-23	-26	0
402	51	2	-20	22	25	0
404	51	3	19	23	26	0
408	52	1	0	0	0	0
410	52	2	17	24	26	0
414	52	4	17	24	26	0
416	53	1	17	24	26	0
418	53	2	-17	23	-26	0
419	53	2.5	18	22	25	0
420	53	3	19	21	24	0
421	53	3.5	-19	-21	23	0
422	53	4	20	22	25	0
425	54	1.5	19	-22	24	0
426	54	2	18	21	24	0
427	54	2.5	17	-21	-24	0
428	54	3	18	-21	-24	0
430	54	4	-18	20	23	0
432	55	1	17	21	24	31
434	55	2	-17	-21	24	-31
437	55	3.5	-17	0	25	-31
438	55	4	-17	24	26	-31
439	55	4.5	-17	-24	24	-31
440	56	1	-17	-24	26	-31
441	56	1.5	-17	25	27	-31
442	56	2	-17	26	28	-31
443	56	2.5	-17	24	-28	-31
444	56	3	-17	26	-28	-31
445	56	3.5	-17	-26	24	-31
446	56	4	-17	27	31	-31
448	57	1	0	-27	-31	32
449	57	1.5	0	26	-31	-32
450	57	2	0	25	30	-32
451	57	2.5	0	24	29	-32
452	57	3	0	25	30	-32
454	57	4	0	-25	31	-32
455	57	4.5	0	-25	30	-32
456	58	1	0	0	31	33
458	58	2	0	29	-31	-33
460	58	3	0	28	0	33
462	58	4	0	29	29	-33
464	59	1	0	26	28	-33
466	59	2	0	-26	29	-33
467	59	2.5	0	27	-29	-33
468	59	3	0	28	26	33
470	59	4	0	24	-26	-33
471	59	4.5	0	-24	27	-33
472	60	1	0	-24	28	33
473	60	1.5	0	25	-28	-33
474	60	2	0	26	24	-33
475	60	2.5	0	27	-24	-33
476	60	3	0	28	-24	33
477	60	3.5	0	-28	25	-33
478	60	4	0	-28	26	-33
479	60	4.5	0	29	27	-33
480	61	1	0	30	28	33
482	61	2	0	31	26	-33
484	61	3	0	-31	27	32
486	61	4	0	30	28	-32
488	62	1	0	31	24	33
490	62	2	0	24	31	-33
492	62	3	0	25	-31	34
494	62	4	0	-25	30	-34
495	62	4.5	0	-25	29	-34
496	63	1	0	-25	30	-34
498	63	2	0	-25	-30	33
499	63	2.5	0	-25	-30	32
500	63	3	0	24	31	33
502	63	4	0	25	29	34
505	64	1.5	0	26	28	33
506	64	2	0	24	27	33
507	64	2.5	0	-24	26	-33
508	64	3	0	25	27	-33
510	64	4	0	-25	-27	32
512	65	1	0	22	26	33
516	65	3	0	0	0	0
518	65	4	22	29	31	33
520	66	1	24	28	31	33
524	66	3	24	28	31	33
528	67	1	0	0	0	0
532	67	3	22	29	31	33
536	68	1	24	28	31	33
542	68	4	24	28	31	33
544	69	1	21	28	30	32
552	70	1	22	26	29	31
555	70	2.5	23	-26	-29	32
556	70	3	24	26	28	33
557	70	3.5	-24	-26	-28	34
558	70	4	17	-26	-28	33
559	70	4.5	-17	25	-28	-33
560	71	1	-17	26	-28	-33
561	71	1.5	18	27	-28	-33
562	71	2	19	28	27	32
563	71	2.5	20	-28	26	31
564	71	3	21	-28	25	30
565	71	3.5	-21	27	-25	29
566	71	4	17	26	28	33
567	71	4.5	-17	25	-28	-33
568	72	1	24	26	-28	-33
569	72	1.5	-24	-26	-28	32
570	72	2	20	27	29	31
572	72	3	21	25	28	-31
574	72	4	-21	-25	-28	30
576	73	1	0	24	0	31
580	73	3	22	0	26	0
584	74	1	20	24	27	29
588	74	3	-20	24	-27	29
596	75	3	20	0	27	0
600	76	1	20	24	27	29
604	76	3	-20	24	-27	29
608	77	1	20	-24	27	-29
612	77	3	20	24	27	29
616	78	1	18	25	27	29
624	79	1	19	23	26	28
634	80	2	19	23	-26	-28
636	80	3	19	23	0	-28
638	80	4	19	23	26	-28
640	81	1	22	24	26	0
642	81	2	-22	-24	27	0
644	81	3	21	25	28	0
645	81	3.5	20	-25	-28	0
646	81	4	21	-25	-28	0
647	81	4.5	22	-25	27	0
648	82	1	23	25	28	0
650	82	2	24	26	29	0
653	82	3.5	23	25	28	0
654	82	4	22	25	28	28
655	82	4.5	21	-25	-28	-28
656	83	1	22	-25	-28	29
658	83	2	-22	24	27	31
659	83	2.5	-22	23	26	-31
660	83	3	22	24	27	-31
662	83	4	-22	-24	-27	30
663	83	4.5	-22	-24	-27	29
664	84	1	21	25	28	30
672	85	1	0	0	0	0
676	85	3	21	25	28	30
680	86	1	21	25	28	30
684	86	3	21	25	28	30
688	87	1	19	26	28	31
692	87	3	18	27	29	32
696	88	1	21	25	28	30
704	89	1	20	29	31	0
708	89	3	-20	-29	-31	34
710	89	4	20	29	31	-34
712	90	1	20	29	31	-34
714	90	2	-20	-29	-31	34
716	90	3	-20	29	-31	34
720	91	1	24	28	31	33
724	91	3	25	27	30	32
726	91	4	24	28	31	33
729	92	1.5	25	27	30	32
730	92	2	23	26	29	32
731	92	2.5	-23	25	28	-32
732	92	3	22	26	29	-32
734	92	4	-22	-26	-29	31
736	93	1	0	25	29	32
740	93	3	21	-25	0	-32
742	93	4	-21	-25	25	-32
746	94	2	-21	0	26	0
748	94	3	22	24	-26	0
750	94	4	-22	-24	27	0
752	95	1	23	25	-27	0
754	95	2	-23	-25	28	0
756	95	3	24	26	-28	28
757	95	3.5	-24	-26	27	-28
758	95	4	-24	-26	26	-28
759	95	4.5	-24	-26	25	-28
760	96	1	22	27	24	29
764	96	3	21	25	0	30
766	96	4	-21	-25	28	-30
768	97	1	22	-25	-28	31
770	97	2	-22	24	27	-31
771	97	2.5	-22	23	26	-31
772	97	3	-22	24	27	-31
774	97	4	-22	-24	-27	30
775	97	4.5	-22	-24	-27	29
776	98	1	21	25	28	30
784	99	1	19	26	-28	-30
792	100	1	22	0	26	29
794	100	2	-22	24	-26	-29
798	100	4	22	24	27	-29
800	101	1	22	24	-27	-29
802	101	2	-22	-24	27	-29
804	101	3	-22	-24	27	-29
808	102	1	0	0	0	0
810	102	2	22	24	27	0
812	102	3	22	24	27	0
814	102	4	22	24	27	0
816	103	1	21	23	26	0
819	103	2.5	20	22	25	0
820	103	3	19	21	24	0
821	103	3.5	-19	-21	23	0
822	103	4	20	22	25	0
825	104	1.5	19	21	-25	0
826	104	2	17	21	24	34
828	104	3	18	-21	-24	34
830	104	4	-18	20	23	34
832	105	1	17	21	24	33
833	105	1.5	-17	-21	25	-33
834	105	2	-17	-21	26	-33
835	105	2.5	18	-21	27	32
835.5	105	2.75	-18	-21	-27	31
836	105	3	19	-21	28	30
837	105	3.5	20	-21	29	29
838	105	4	21	28	30	32
839	105	4.5	22	-28	31	-32
840	106	1	23	-28	30	-32
842	106	2	24	27	28	31
843	106	2.5	-24	26	-28	-31
844	106	3	21	25	-28	-31
845	106	3.5	-21	-25	27	-31
846	106	4	-21	-25	28	30
848	107	1	17	24	26	31
852	107	3	0	0	0	0
856	108	1	17	24	26	28
864	109	1	17	24	26	28
868	109	3	-17	24	26	28
872	110	1	20	-24	27	29
875	110	2.5	-20	-24	-27	28
876	110	3	19	24	28	31
880	111	1	18	25	27	-31
882	111	2	-18	-25	-27	30
883	111	2.5	-18	-25	-27	29
884	111	3	-18	-25	-27	30
886	111	4	-18	24	26	-30
887	111	4.5	-18	25	25	-30
888	112	1	17	26	28	31
896	113	1	0	0	0	0
900	113	3	17	26	28	31
904	114	1	18	25	27	29
912	115	1	18	25	27	29
916	115	3	19	23	26	28
922	116	2	19	23	26	28
924	116	3	19	23	26	28
930	117	2	19	23	-26	-28
932	117	3	-19	23	0	0
934	117	4	19	-23	26	28
936	118	1	19	23	-26	-28
938	118	2	-19	-23	26	28
940	118	3	19	-23	26	28
944	119	1	18	25	27	29
946	119	2	-18	-25	-27	32
948	119	3	19	21	26	30
949	119	3.5	-19	-21	27	-30
950	119	4	-19	-21	28	31
951	119	4.5	-19	-21	29	-31
952	120	1	20	22	27	-31
953	120	1.5	-20	-22	-27	30
954	120	2	-20	-22	26	29
955	120	2.5	-20	-22	-26	28
956	120	3	-20	-22	-26	29
958	120	4	-20	21	25	-29
959	120	4.5	-20	22	-25	-29
960	121	1	19	23	26	28
968	122	1	0	26	0	0
970	122	2	0	-26	0	31
974	122	4	0	-26	0	30
975	122	4.5	0	-26	0	29
976	123	1	0	26	0	31
978	123	2	0	-26	0	30
980	123	3	0	26	0	-30
982	123	4	0	-26	0	33
984	124	1	0	27	0	-33
986	124	2	0	-27	0	32
987	124	2.5	0	-27	0	31
988	124	3	0	-27	0	32
992	125	1	19	26	23	33
996	125	3	-19	-26	24	-33
1000	126	1	19	-26	-24	0
1002	126	2	-19	-26	23	35
1003	126	2.5	-19	-26	24	-35
1004	126	3	19	0	23	35
1006	126	4	-19	23	26	35
1008	127	1	20	23	-26	36
1010	127	2	-20	22	25	-36
1011	127	2.5	-20	21	24	-36
1012	127	3	-20	22	25	-36
1016	128	1	19	23	26	35
1024	129	1	0	0	0	0
1028	129	3	19	26	28	35
1032	130	1	22	24	29	34
1034	130	2	-22	-24	28	33
1036	130	3	22	24	-28	-33
1038	130	4	-22	-24	27	32
1039	130	4.5	-22	-24	-27	31
1040	131	1	21	25	28	30
1048	132	1	0	0	0	0
1052	132	3	21	25	28	30
1056	133	1	21	25	28	30
1062	133	4	21	26	28	30
1064	134	1	19	26	28	30
1068	134	3	-19	-26	-28	31
1072	135	1	18	27	29	32
1074	135	2	-18	-27	30	32
1076	135	3	17	28	31	33
1078	135	4	17	28	-31	-33
1080	136	1	18	27	30	32
1082	136	2	17	28	31	33
1085	136	3.5	18	-28	-31	-33
1086	136	4	19	27	30	32
1087	136	4.5	20	26	29	31
1088	137	1	21	25	28	30
1091	137	2.5	-21	26	27	29
1092	137	3	-21	25	28	30
1093	137	3.5	-21	-25	29	31
1094	137	4	-21	28	30	32
1097	138	1.5	-21	-28	29	31
1098	138	2	-21	27	28	31
1099	138	2.5	-21	26	27	-31
1100	138	3	-21	25	28	-31
1102	138	4	-21	-25	-28	30
1104	139	1	17	24	26	31
1110	139	4	-17	-24	31	-31
1114	140	2	-17	-24	31	35
1116	140	3	-17	-24	31	-35
1118	140	4	-17	-24	30	35
1119	140	4.5	-17	-24	29	-35
1120	141	1	0	0	28	-35
1121	141	1.5	0	0	-28	34
1122	141	2	0	0	-28	33
1123	141	2.5	0	0	27	32
1124	141	3	0	0	28	33
1125	141	3.5	0	0	26	-33
1126	141	4	0	0	29	34
1129	142	1.5	0	0	28	33
1130	142	2	0	0	27	33
1131	142	2.5	0	0	26	-33
1132	142	3	0	0	27	-33
1134	142	4	0	0	-27	32
1136	143	1	0	0	26	33
1138	143	2	24	0	-26	-33
1142	143	4	24	28	-26	-33
1144	144	1	24	-28	0	0
1146	144	2	23	28	0	0
1147	144	2.5	22	-28	0	0
1148	144	3	21	-28	0	0
1149	144	3.5	-21	27	0	0
1150	144	4	-21	26	0	0
1151	144	4.5	20	25	0	0
1152	145	1	21	26	0	0
1153	145	1.5	19	-26	0	0
1154	145	2	22	27	24	0
1157	145	3.5	21	26	23	0
1158	145	4	19	28	26	30
1160	146	1	21	-28	25	-30
1161	146	1.5	-21	27	-25	-30
1162	146	2	22	26	24	31
1164	146	3	20	-26	22	-31
1166	146	4	-20	25	-22	30
1167	146	4.5	-20	-25	-22	29
1168	147	1	19	26	23	28
1172	147	3	0	0	0	0
1176	148	1	19	23	26	28
1184	148	3	19	23	26	28
1188	149	1	20	22	25	29
1196	149	3	19	23	26	28
1200	150	1	22	24	26	29
1204	150	2	18	25	27	-29
1206	150	2.5	-18	-25	-27	30
1208	150	3	19	23	26	28
1212	151	1	0	0	0	0
1216	151	2	17	24	26	28
1222	151	3.5	-17	-24	27	27
1224	152	1	21	23	28	26
1226	152	1.5	-21	-23	-28	25
1228	152	2	18	25	29	27
1232	152	3	20	24	-29	-27
1234	152	3.5	-20	-24	28	26
1235	152	3.75	-20	-24	29	-26
1236	153	1	21	23	28	26
1240	153	2	22	24	27	-26
1242	153	2.5	-22	-24	-27	25
1243	153	2.75	-22	-24	-27	26
1244	153	3	23	25	-27	25
1248	154	1	24	22	26	26
1250	154	2	22	-22	-26	-26
1252	154	3	-22	24	-26	0
1253	154	3.5	21	-24	-26	0
1254	154	4	20	-24	-26	29
1255	154	4.5	19	-24	-26	-29
1256	155	1	18	25	27	-29
1258	155	2	-18	-25	-27	29
1260	155	3	-18	-25	-27	29
1264	156	1	19	23	0	28
1266	156	2	-19	24	26	-28
1268	156	3	0	-24	26	-28
1270	156	4	19	23	26	-28
1271	156	4.5	-19	22	-26	-28
1272	157	1	19	21	28	0
1274	157	2	19	-21	-28	30
1276	157	3	21	0	-28	30
1278	157	4	-21	23	27	30
1279	157	4.5	-21	-23	26	-30
1280	158	1	-21	23	25	32
1282	158	2	20	23	-25	-32
1283	158	2.5	19	-23	26	-32
1284	158	3	18	25	27	-32
1285	158	3.5	-18	-25	28	-32
1286	158	4	-18	-25	29	31
1287	158	4.5	19	-25	-29	30
1288	159	1	20	-25	-29	29
1289	159	1.5	21	-25	30	-29
1290	159	2	22	24	31	-29
1291	159	2.5	-22	23	-31	30
1292	159	3	-22	22	-31	31
1293	159	3.5	-22	-22	-31	32
1294	159	4	21	-22	30	33
1295	159	4.5	20	23	29	-33
1296	160	1	22	24	29	-33
1297	160	1.5	-22	-24	-29	32
1298	160	2	23	25	28	32
1300	160	3	22	26	29	-32
1302	160	4	-22	-26	-29	31
1304	161	1	0	25	-29	32
1306	161	2	25	27	-29	-32
1310	161	4	24	26	-29	-32
1311	161	4.5	23	25	-29	-32
1312	162	1	22	24	0	33
1314	162	2	-22	-24	29	-33
1316	162	3	0	-24	29	-33
1318	162	4	22	-24	29	-33
1320	163	1	22	-24	31	0
1322	163	2	22	-24	-31	33
1324	163	3	24	0	-31	33
1326	163	4	-24	26	30	33
1327	163	4.5	-24	-26	29	-33
1328	164	1	-24	26	28	35
1330	164	2	23	26	-28	-35
1331	164	2.5	22	-26	29	-35
1332	164	3	21	28	30	-35
1333	164	3.5	-21	-28	31	-35
1334	164	4	-21	-28	32	34
1335	164	4.5	22	-28	-32	33
1336	165	1	23	-28	-32	32
1337	165	1.5	24	-28	31	-32
1338	165	2	25	27	29	-32
1339	165	2.5	-25	26	-29	33
1340	165	3	-25	25	-29	34
1341	165	3.5	-25	-25	-29	35
1342	165	4	24	-25	-29	36
1343	165	4.5	23	26	-29	-36
1344	166	1	25	27	-29	-36
1346	166	2	23	28	25	35
1348	166	3	24	29	26	-35
1350	166	4	25	-29	27	34
1352	167	1	21	28	25	35
1354	167	2	24	-28	26	-35
1358	167	4	23	-28	25	35
1359	167	4.5	22	-28	24	-35
1360	168	1	23	-28	25	-35
1361	168	1.5	-23	-28	-25	34
1362	168	2	24	-28	26	33
1364	168	3	-24	26	24	-33
1366	168	4	23	-26	-24	32
1367	168	4.5	22	27	-24	31
1368	169	1	21	28	25	30
1370	169	2	-21	-28	28	32
1371	169	2.5	-21	27	-28	-32
1372	169	3	22	26	-28	-32
1373	169	3.5	-22	-26	26	-32
1374	169	4	-22	-26	27	31
1375	169	4.5	-22	25	-27	-31
1375.5	169	4.75	-22	24	-27	-31
1376	170	1	21	25	28	-31
1378	170	2	-21	-25	-28	30
1379	170	2.5	-21	-25	-28	29
1380	170	3	-21	-25	-28	30
1384	171	1	17	24	28	31
1392	172	1	0	0	0	0
1392	172	1	0	0	0	0
1394	172	2	0	24	0	0
1396	172	3	0	24	0	0
1399	172	4.5	0	25	0	0
1400	173	1	0	26	0	0
1401	173	1.5	0	24	0	0
1402	173	2	0	27	0	31
1404	173	3	0	-27	0	31
1405	173	3.5	0	26	0	-31
1406	173	4	0	26	0	-31
1407	173	4.5	0	-26	0	32
1408	174	1	0	-26	0	33
1409	174	1.5	0	-26	0	31
1410	174	2	0	25	0	34
1412	174	3	0	26	0	-34
1414	174	4	0	28	0	33
1418	175	2	0	27	0	32
1419	175	2.5	0	26	0	31
1420	175	3	0	27	0	32
1422	175	4	0	28	0	-32
1423	175	4.5	0	-28	0	33
1424	176	1	0	24	0	33
1430	176	4	0	-24	0	35
1432	177	1	0	0	0	35
1434	177	2	0	31	0	-35
1435	177	2.5	0	-31	0	34
1436	177	3	0	31	0	33
1438	177	4	0	-31	0	32
1439	177	4.5	0	30	0	-32
1440	178	1	0	29	0	31
1442	178	2	0	28	0	32
1444	178	3	0	27	0	-32
1445	178	3.5	0	-27	0	31
1446	178	4	0	28	0	30
1447	178	4.5	0	-28	0	29
1448	179	1	0	-28	0	28
1449	179	1.5	0	27	0	-28
1450	179	2	0	26	0	35
1451	179	2.5	0	25	0	34
1452	179	3	0	24	0	33
1453	179	3.5	0	-24	0	32
1454	179	4	0	28	0	33
1456	180	1	0	27	0	-33
1457	180	1.5	0	26	0	32
1458	180	2	0	25	0	31
1459	180	2.5	0	24	0	-31
1460	180	3	0	25	0	-31
1462	180	4	0	-25	0	30
1464	181	1	0	24	0	31
1470	181	4	17	-24	0	-31
1472	182	1	17	-24	0	-31
1475	182	2.5	18	-24	0	-31
1476	182	3	19	-24	0	-31
1477	182	3.5	17	-24	0	-31
1478	182	4	20	-24	24	-31
1480	183	1	-20	0	24	0
1481	183	1.5	19	0	-24	0
1482	183	2	19	0	-24	0
1483	183	2.5	-19	0	25	0
1484	183	3	-19	0	26	0
1485	183	3.5	-19	0	24	0
1486	183	4	18	0	27	0
1488	184	1	19	0	-27	0
1489	184	1.5	-19	0	26	0
1490	184	2	21	0	26	0
1492	184	3	20	0	-26	0
1494	184	4	-20	0	25	0
1496	185	1	19	0	26	0
1502	185	4	-19	0	26	0
1504	186	1	0	0	28	0
1506	186	2	19	0	-28	0
1507	186	2.5	-19	0	27	0
1508	186	3	21	0	26	0
1510	186	4	-21	0	25	0
1511	186	4.5	20	0	-25	0
1512	187	1	19	0	24	0
1513	187	1.5	-19	0	25	0
1514	187	2	18	0	26	0
1515	187	2.5	-18	0	27	0
1516	187	3	17	0	26	0
1518	187	4	21	0	25	0
1520	188	1	20	0	-25	0
1521	188	1.5	19	0	24	0
1522	188	2	18	0	24	0
1523	188	2.5	17	0	-24	0
1524	188	3	18	0	-24	0
1526	188	4	-18	0	23	33
1528	189	1	17	0	24	35
1530	189	2	-17	26	23	-35
1531	189	2.5	18	-26	22	34
1532	189	3	19	28	21	33
1533	189	3.5	20	-28	-21	-33
1534	189	4	21	-28	28	32
1535	189	4.5	-21	27	-28	-32
1536	190	1	17	26	-28	31
1537	190	1.5	-17	-26	29	32
1538	190	2	21	25	30	33
1539	190	2.5	-21	-25	-30	34
1540	190	3	22	24	31	33
1542	190	4	23	25	30	32
1544	191	1	24	26	28	-32
1545	191	1.5	-24	-26	-28	31
1546	191	2	20	27	29	31
1548	191	3	21	25	28	-31
1550	191	4	-21	-25	-28	30
1552	192	1	17	24	28	31
1560	193	1	0	0	0	0
1562	193	2	0	26	0	28
1564	193	3	0	27	0	29
1566	193	4	0	27	0	29
1568	194	1	0	26	0	28
1570	194	2	0	28	0	-28
1571	194	2.5	0	-28	0	29
1572	194	3	0	-28	0	30
1573	194	3.5	0	-28	0	31
1574	194	4	0	27	0	32
1575	194	4.5	0	26	0	-32
1576	195	1	0	27	0	-32
1577	195	1.5	0	26	0	31
1578	195	2	0	25	0	31
1579	195	2.5	0	24	0	-31
1580	195	3	21	25	0	-31
1582	195	4	-21	-25	28	30
1584	196	1	22	24	28	31
1586	196	2	22	-24	27	-31
1588	196	3	21	0	28	0
1590	196	4	24	0	-28	0
1591	196	4.5	-24	0	27	0
1592	197	1	-24	0	26	0
1593	197	1.5	23	0	25	0
1594	197	2	22	0	29	0
1595	197	2.5	21	0	-29	0
1596	197	3	22	0	-29	0
1597	197	3.5	-22	0	28	0
1598	197	4	25	0	27	0
1599	197	4.5	-25	0	26	0
1600	198	1	-25	0	25	0
1602	198	2	24	0	28	28
1603	198	2.5	23	0	-28	-28
1604	198	3	22	0	-28	29
1606	198	4	-22	24	27	-29
1608	199	1	21	25	28	30
1610	199	2	23	-25	-28	-30
1612	199	3	22	26	29	31
1615	199	4.5	-22	27	-29	32
1616	200	1	21	28	30	33
1617	200	1.5	-21	-28	-30	31
1618	200	2	20	29	31	34
1620	200	3	24	-29	-31	-34
1621	200	3.5	-24	-29	28	-34
1622	200	4	-24	28	31	33
1624	201	1	25	-28	-31	34
1625	201	1.5	-25	-28	-31	33
1626	201	2	-25	27	30	32
1627	201	2.5	-25	26	29	31
1628	201	3	-25	27	30	32
1631	201	4.5	-25	28	-30	-32
1632	202	1	24	28	31	33
1640	203	1	0	0	0	0
1644	203	3	24	28	31	33
1648	204	1	24	26	28	33
1652	204	3	24	26	28	-33
1654	204	4	-24	-26	-28	32
1656	205	1	20	27	29	31
1664	206	1	21	25	28	30
1672	207	1	0	0	0	0
1676	207	3	21	25	28	30
1680	208	1	21	25	-28	30
1684	208	3	-21	25	28	30
1686	208	4	20	-25	-28	-30
1688	209	1	19	26	28	31
1690	209	2	18	27	29	32
1693	209	3.5	-18	25	-29	31
1694	209	4	19	28	28	30
1695	209	4.5	-19	-28	27	29
1696	210	1	-19	-28	26	28
1698	210	2	18	27	28	31
1699	210	2.5	17	26	-28	-31
1700	210	3	21	25	-28	-31
1701	210	3.5	-21	-25	27	-31
1702	210	4	-21	-25	28	30
1704	211	1	17	24	26	31
1712	212	1	0	0	0	0
1714	212	2	24	0	26	0
1716	212	3	24	0	26	0
1718	212	4	24	0	26	0
1720	213	1	23	0	25	0
1722	213	2	25	0	-25	0
1723	213	2.5	-25	0	26	0
1724	213	3	-25	0	27	0
1725	213	3.5	-25	0	28	0
1726	213	4	24	0	29	0
1727	213	4.5	23	0	-29	0
1728	214	1	24	0	-29	0
1729	214	1.5	23	0	-29	0
1730	214	2	22	24	28	31
1731	214	2.5	21	-24	-28	-31
1732	214	3	22	24	-28	31
1734	214	4	-22	24	27	31
1736	215	1	21	25	28	30
1738	215	2	-21	26	-28	-30
1739	215	2.5	20	-26	-28	-30
1740	215	3	19	-26	-28	31
1741	215	3.5	-19	24	-28	-31
1742	215	4	18	27	29	32
1745	216	1.5	-18	26	-29	31
1746	216	2	19	28	28	30
1747	216	2.5	-19	-28	27	29
1748	216	3	-19	-28	26	28
1750	216	4	18	27	-26	32
1751	216	4.5	17	26	-26	-32
1752	217	1	18	27	29	-32
1753	217	1.5	-18	-27	-29	31
1754	217	2	19	26	28	31
1756	217	3	20	25	29	-31
1758	217	4	21	-25	28	30
1759	217	4.5	-21	-25	27	-30
1760	218	1	17	24	28	31
1768	218	3	0	0	0	0
1772	219	1	17	21	26	31
1780	219	3	20	22	27	32
1788	220	2	19	23	28	33
1796	221	1	22	24	26	31
1802	221	2.5	22	24	26	31
1804	221	3	22	24	26	31
1808	222	1	22	26	29	31
1812	222	2	22	26	29	31
1816	222	3	20	27	29	31
1820	223	1	21	25	28	30
1824	223	2	22	24	27	29
1830	223	3.5	19	23	26	28
1832	224	1	21	23	25	30
1836	224	2	20	-23	-25	31
1838	224	2.5	-20	22	-25	-31
1839	224	2.75	-20	21	-25	-31
1840	224	3	-20	22	25	32
1844	225	1	19	23	26	28
1852	225	3	0	0	0	0
1856	226	1	19	23	26	28
1864	226	3	19	23	26	28
1872	227	2	17	24	26	28
1880	228	1	20	22	24	29
1884	228	2	18	25	27	29
1892	229	1	19	23	26	28
1896	229	2	22	24	26	29
1900	229	3	22	24	27	31
1904	230	1	21	25	28	30
1912	230	3	0	0	0	0
1916	231	1	24	26	28	31
1924	231	3	24	26	28	31
1928	232	1	20	27	29	31
1934	232	2.5	-20	26	-29	-31
1936	232	3	21	25	28	30
1940	233	1	22	24	26	31
1944	233	2	20	-24	27	32
1946	233	2.5	-20	23	-27	-32
1947	233	2.75	-20	24	-27	-32
1948	233	3	21	23	25	-32
1950	233	3.5	-21	-23	-25	31
1951	233	3.75	-21	-23	-25	32
1952	234	1	17	24	28	33
1960	234	3	0	0	0	0
1964	235	1	24	28	31	33
1968	235	2	24	28	31	33
1972	235	3	24	28	31	33
1976	236	1	21	28	30	32
1984	236	3	21	28	30	32
1988	237	1	24	26	28	33
1992	237	2	22	27	29	-33
1994	237	2.5	-22	-27	-29	32
1996	237	3	-22	-27	-29	31
2000	238	1	21	28	25	30
2004	238	2	22	26	29	31
2008	238	3	20	27	29	-31
2010	238	3.5	-20	-27	-29	32
2012	239	1	21	25	28	30
2020	239	3	0	0	0	0
2024	240	1	21	25	28	30
2030	240	2.5	20	26	29	31
2031	240	2.75	19	-26	-29	-31
2032	240	3	18	27	30	32
2034	240	3.5	-18	25	-30	30
2036	241	1	17	28	31	33
2040	241	2	21	-28	30	32
2044	241	3	18	27	29	-32
2046	241	3.5	-18	-27	-29	31
2047	241	3.75	-18	-27	-29	32
2048	242	1	19	26	28	31
2052	242	2	20	25	29	-31
2054	242	2.5	-20	-25	-29	30
2055	242	2.75	-20	-25	-29	31
2056	242	3	21	-25	28	30
2060	243	1	17	24	26	31
2063	243	2.5	18	23	-26	-31
2063.5	243	2.75	-18	22	-26	-31
2064	243	3	19	21	0	-31
2065	243	3.5	17	-21	0	-31
2066	243	4	20	22	0	-31
2068	244	1	-20	-22	24	-31
2069	244	1.5	19	21	-24	-31
2070	244	2	22	24	-24	-31
2073	244	3.5	21	23	-24	-31
2074	244	4	24	22	-24	-31
2076	245	1	-24	21	25	0
2078	245	2	23	-21	-25	0
2079	245	2.5	22	-21	-25	0
2080	245	3	23	-21	-25	0
2083	245	4.5	24	-21	-25	0
2084	246	1	24	0	26	0
2086	246	2	-24	24	-26	0
2087	246	2.5	23	-24	-26	0
2087.5	246	2.75	22	-24	-26	0
2088	246	3	21	23	-26	0
2090	246	4	22	24	-26	0
2092	247	1	-22	-24	26	0
2094	247	2	21	23	-26	0
2095	247	2.5	20	22	-26	0
2096	247	3	19	21	26	0
2098	247	4	22	24	-26	0
2100	248	1	21	-24	26	0
2101	248	1.5	-21	23	-26	0
2102	248	2	24	22	-26	0
2104	248	3	-24	21	26	0
2105	248	3.5	23	-21	-26	0
2106	248	4	22	24	-26	0
2108	249	1	21	-24	-26	0
2109	249	1.5	-21	23	-26	0
2110	249	2	24	22	-26	0
2112	249	3	-24	21	26	0
2113	249	3.5	23	-21	-26	0
2114	249	4	22	24	-26	0
2116	250	1	21	23	-26	0
2118	250	2	22	24	-26	0
2120	250	3	-22	-24	26	0
2121	250	3.5	21	23	-26	0
2122	250	4	19	21	-26	0
2124	251	1	20	22	25	0
2126	251	2	21	23	-25	0
2128	251	3	22	24	0	0
2130	251	4	18	25	27	0
2133	252	1.5	19	24	-27	0
2134	252	2	20	22	26	0
2135	252	2.5	-20	-22	25	0
2136	252	3	21	23	26	0
2138	252	4	22	24	27	0
2141	253	1.5	21	-24	26	0
2142	253	2	20	23	26	0
2143	253	2.5	19	-23	-26	0
2144	253	3	20	-23	-26	0
2146	253	4	-20	22	25	0
2148	254	1	19	23	26	0
2150	254	2	-19	24	-26	0
2151	254	2.5	18	-24	-26	0
2151.5	254	2.75	17	-24	-26	0
2152	254	3	18	-24	27	0
2153	254	3.5	-18	23	-27	0
2153.5	254	3.75	-18	24	-27	0
2154	254	4	-18	23	-27	0
2156	255	1	17	24	26	31
2159	255	2.5	-17	25	27	-31
2160	255	3	0	26	28	-31
2161	255	3.5	0	24	26	-31
2162	255	4	0	27	29	-31
2166	256	2	24	26	28	-31
2167	256	2.5	-24	25	27	-31
2168	256	3	-24	26	28	-31
2170	256	4	23	29	31	-31
2171	256	4.5	22	-29	-31	-31
2172	257	1	25	-29	-31	32
2173	257	1.5	-25	28	-31	-32
2174	257	2	-25	27	30	-32
2175	257	2.5	-25	26	29	-32
2176	257	3	-25	27	30	-32
2179	257	4.5	-25	28	-30	-32
2180	258	1	24	28	31	33
2186	258	4	-24	28	-31	-33
2188	259	1	24	29	0	33
2190	259	2	-24	-29	28	-33
2191	259	2.5	-24	28	-28	-33
2192	259	3	-24	31	29	33
2194	259	4	-24	-31	28	-33
2195	259	4.5	-24	30	-28	-33
2196	260	1	24	28	31	33
2198	260	2	-24	31	-31	-33
2199	260	2.5	-24	-31	30	-33
2200	260	3	24	-31	28	33
2202	260	4	-24	30	31	-33
2203	260	4.5	-24	29	-31	-33
2204	261	1	-24	28	-31	33
2206	261	2	-24	-28	30	35
2207	261	2.5	-24	-28	29	-35
2208	261	3	24	26	28	-35
2209	261	3.5	-24	-26	-28	34
2210	261	4	-24	-26	31	33
2212	262	1	25	27	29	-33
2214	262	2	-25	-27	-29	32
2215	262	2.5	-25	-27	-29	31
2216	262	3	-25	-27	29	32
2220	263	1	22	26	0	33
2222	263	2	-22	-26	29	-33
2224	263	3	0	-26	28	-33
2226	263	4	22	-26	29	-33
2230	264	2	22	-26	28	33
2231	264	2.5	-22	-26	27	-33
2232	264	3	22	0	26	-33
2234	264	4	21	26	-26	33
2235	264	4.5	20	-26	27	-33
2236	265	1	19	-26	28	33
2237	265	1.5	-19	-26	29	-33
2238	265	2	-19	26	30	32
2239	265	2.5	20	-26	-30	31
2240	265	3	21	26	28	30
2241	265	3.5	22	-26	-28	31
2242	265	4	23	25	-28	32
2243	265	4.5	-23	24	27	-32
2244	266	1	21	23	28	-32
2245	266	1.5	-21	-23	-28	31
2246	266	2	22	24	27	31
2248	266	3	21	25	28	-31
2250	266	4	-21	-25	-28	30
2252	267	1	17	24	26	31
2256	267	3	0	0	0	0
2260	268	1	17	24	26	28
2266	268	4	17	24	26	28
2268	269	1	20	24	27	29
2272	269	3	22	24	26	31
2276	270	1	21	25	28	30
2278	270	2	-21	-25	-28	30
2280	270	3	-21	26	-28	-30
2282	270	4	-21	-26	-28	29
2283	270	4.5	-21	-26	-28	28
2284	271	1	20	27	24	29
2290	271	4	-20	29	-24	31
2292	272	1	0	29	0	31
2294	272	2	0	29	0	31
2296	272	3	0	28	0	30
2298	272	4	0	-28	0	33
2299	272	4.5	0	27	0	-33
2300	273	1	0	28	0	-33
2302	273	2	0	29	0	32
2303	273	2.5	0	-29	0	31
2304	273	3	0	27	0	32
2308	274	1	0	26	0	33
2314	274	4	22	-26	24	-33
2316	275	1	22	0	24	0
2318	275	2	22	0	24	0
2320	275	3	21	0	23	0
2322	275	4	-21	0	26	0
2323	275	4.5	20	0	-26	0
2324	276	1	21	0	-26	0
2326	276	2	22	0	25	0
2327	276	2.5	-22	0	24	0
2328	276	3	20	0	25	0
2332	277	1	19	0	26	0
2336	277	3	0	0	0	0
2338	277	4	19	23	26	28
2342	278	2	19	23	26	28
2344	278	3	22	24	26	29
2348	279	1	18	25	27	-29
2352	279	3	-18	-25	-27	29
2356	280	1	19	23	26	28
2362	280	4	-19	-23	26	28
2366	281	2	19	23	26	28
2368	281	3	-19	-23	26	28
2370	281	4	19	23	-26	28
2372	282	1	22	24	26	29
2374	282	2	-22	-24	-26	31
2376	282	3	22	24	27	-31
2378	282	4	-22	-24	-27	30
2379	282	4.5	-22	-24	-27	29
2380	283	1	21	25	28	30
2382	283	2	-21	-25	30	-30
2383	283	2.5	-21	-25	-30	28
2384	283	3	-21	-25	-30	35
2386	283	4	20	-25	29	-35
2387	283	4.5	19	-25	28	-35
2388	284	1	18	-25	29	-35
2390	284	2	-18	-25	-29	34
2391	284	2.5	-18	-25	-29	33
2392	284	3	-18	-25	-29	34
2395	284	4.5	-18	-25	-29	35
2396	285	1	21	25	28	35
2400	285	3	0	0	0	0
2404	286	1	22	24	31	33
2408	286	3	22	24	31	33
2410	286	4	22	24	31	33
2412	287	1	22	24	31	33
2416	287	3	22	24	29	33
2419	287	4.5	-22	-24	30	-33
2420	288	1	-22	26	31	33
2422	288	2	24	-26	-31	-33
2424	288	3	25	27	29	32
2426	288	4	24	28	31	33
2428	289	1	-24	-28	24	-33
2429	289	1.5	-24	26	-24	-33
2430	289	2	23	27	-24	32
2431	289	2.5	22	-27	-24	31
2432	289	3	21	28	25	30
2433	289	3.5	-21	-28	-25	29
2434	289	4	-21	-28	28	32
2435	289	4.5	-21	27	-28	-32
2436	290	1	22	26	-28	-32
2437	290	1.5	-22	-26	27	-32
2438	290	2	-22	25	28	31
2439	290	2.5	-22	24	27	-31
2440	290	3	21	25	28	-31
2442	290	4	-21	-25	-28	30
2444	291	1	17	24	26	31
2448	291	3	-17	-24	26	0
2450	291	4	-17	-24	-26	31
2452	292	1	-17	-24	0	33
2454	292	2	-17	-24	24	33
2456	292	3	0	-24	26	35
2458	292	4	17	-24	26	-35
2460	293	1	19	0	28	-35
2462	293	2	19	21	-28	34
2463	293	2.5	-19	-21	-28	33
2464	293	3	21	23	-28	32
2466	293	4	-21	23	27	-32
2467	293	4.5	-21	-23	26	-32
2468	294	1	-21	25	25	0
2470	294	2	20	-25	-25	29
2471	294	2.5	19	-25	-25	-29
2472	294	3	18	-25	0	-29
2474	294	4	-18	24	29	29
2475	294	4.5	-18	23	-29	-29
2476	295	1	0	22	-29	31
2478	295	2	22	-22	29	31
2480	295	3	-22	0	31	31
2482	295	4	22	26	31	30
2483	295	4.5	-22	-26	-31	29
2484	296	1	24	-26	31	28
2486	296	2	24	26	30	-28
2487	296	2.5	-24	-26	29	-28
2488	296	3	24	28	28	31
2490	296	4	-24	28	24	-31
2491	296	4.5	23	-28	-24	-31
2491.5	296	4.75	22	-28	-24	-31
2492	297	1	21	28	25	30
2494	297	2	-21	27	-25	-30
2495	297	2.5	-21	26	-25	-30
2496	297	3	-21	25	0	-30
2498	297	4	20	26	23	29
2499	297	4.5	19	-26	-23	28
2500	298	1	20	-26	-23	29
2501	298	1.5	-20	25	-23	-29
2501.5	298	1.75	-20	26	-23	-29
2502	298	2	-20	25	22	-29
2504	298	3	19	26	23	28
2508	299	1	0	0	0	0
2510	299	2	19	23	26	28
2514	299	4	19	23	26	28
2516	300	1	19	23	26	28
2518	300	2	-19	-23	26	-28
2520	300	3	22	24	-26	29
2521	300	3.5	-22	-24	27	-29
2522	300	4	21	25	28	30
2525	301	1.5	19	-25	27	28
2526	301	2	21	23	26	30
2528	301	3	20	-23	-26	31
2530	301	4	-20	22	25	32
2532	302	1	19	23	26	28
2540	303	1	0	23	0	28
2544	303	3	19	0	26	0
2548	304	1	0	23	0	28
2552	304	3	20	22	25	29
2556	305	1	19	0	26	0
2560	305	3	19	26	28	30
2564	306	1	21	25	28	30
2570	306	4	20	26	29	31
2571	306	4.5	19	-26	-29	-31
2572	307	1	18	27	30	32
2576	307	3	17	26	31	33
2578	307	4	24	-26	-31	-33
2580	308	1	23	28	32	32
2582	308	2	24	-28	31	33
2584	308	3	-24	26	24	-33
2586	308	4	23	28	-24	32
2587	308	4.5	22	-28	-24	31
2588	309	1	21	-28	25	30
2589	309	1.5	-21	27	28	-30
2590	309	2	22	26	-28	31
2591	309	2.5	-22	25	27	-31
2591.5	309	2.75	-22	24	-27	-31
2592	309	3	21	25	28	-31
2594	309	4	-21	-25	-28	30
2596	310	1	24	24	28	31
2604	310	3	0	0	0	0
2608	311	1	22	26	29	31
2616	311	3	25	27	30	32
2620	312	1	24	28	31	33
2628	312	3	24	28	31	33
2632	313	1	24	28	31	33
2640	313	3	25	27	30	32
2644	314	1	24	28	31	33
2648	314	2	27	29	32	34
2654	314	3.5	26	28	31	35
2656	315	1	24	28	31	33
2660	315	2	25	-28	-31	-33
2664	315	3	-25	27	30	32
2668	316	1	24	28	31	33
2678	317	2	-24	28	-31	-33
2680	317	3	-24	29	-31	-33
2682	317	4	-24	28	-31	-33
2686	318	2	0	27	28	0
2687	318	2.5	0	26	-28	0
2688	318	3	0	27	29	0
2690	318	4	0	28	28	0
2692	319	1	0	24	-28	35
2694	319	2	0	26	27	-35
2695	319	2.5	0	-26	26	-35
2696	319	3	0	25	27	36
2698	319	4	0	26	28	35
2700	320	1	24	-26	24	-35
2701	320	1.5	-24	24	-24	-35
2702	320	2	-24	31	-24	34
2703	320	2.5	-24	-31	-24	33
2704	320	3	25	29	0	34
2706	320	4	24	31	0	35
2708	321	1	-24	0	31	31
2710	321	2	23	28	-31	-31
2711	321	2.5	22	-28	-31	-31
2712	321	3	23	-28	32	0
2714	321	4	24	27	31	33
2715	321	4.5	-24	26	-31	-33
2716	322	1	20	29	-31	34
2717	322	1.5	-20	-29	30	-34
2718	322	2	-20	25	29	-34
2719	322	2.5	-20	-25	-29	33
2720	322	3	21	-25	-29	32
2721	322	3.5	-21	24	-29	-32
2722	322	4	-21	23	28	-32
2724	323	1	22	24	-28	31
2726	323	2	-22	-24	27	33
2727	323	2.5	-22	-24	26	-33
2728	323	3	-22	-24	27	-33
2730	323	4	-22	-24	-27	32
2731	323	4.5	-22	-24	-27	31
2732	324	1	21	25	28	30
2740	325	1	0	0	0	0
2744	325	3	21	25	28	30
2748	326	1	19	26	28	31
2752	326	3	18	27	29	32
2756	327	1	21	28	30	-32
2758	327	2	-21	-28	-30	31
2760	327	3	-21	-28	28	30
2762	327	4	22	27	-28	29
2763	327	4.5	23	-27	-28	-29
2764	328	1	24	26	-28	28
2766	328	2	-24	25	-28	-28
2768	328	3	22	24	27	31
2772	329	1	21	25	28	-31
2774	329	2	-21	-25	-28	30
2775	329	2.5	-21	-25	-28	29
2776	329	3	-21	25	-28	30
2780	330	1	22	24	26	31
2782	330	2	-22	-24	-26	33
2784	330	3	-22	-24	27	-33
2785	330	3.5	-22	-24	-27	32
2786	330	4	-22	-24	-27	31
2788	331	1	21	25	28	-31
2790	331	2	-21	-25	-28	30
2791	331	2.5	-21	-25	-28	29
2792	331	3	-21	-25	-28	30
2796	332	1	17	24	28	31
*-	*-	*-	*-	*-	*-	*-
