**absq	**bar	**beat	**b7	**b7	**b7
0	0	1	22	29	0
6	0	4	-22	30	0
8	2	1	-22	31	33
14	2	4	-22	30	34
15	2	4.5	-22	29	-34
16	3	1	26	28	35
22	3	4	27	29	34
23	3	4.5	-27	-29	33
24	4	1	28	30	32
28	4	3	-28	31	-32
30	4	4	27	-31	33
31	4	4.5	26	-31	-33
32	5	1	25	32	34
36	5	3	-25	-32	35
38	5	4	26	31	-35
39	5	4.5	-26	30	-35
40	6	1	27	29	36
44	6	3	28	-29	-36
46	6	4	-28	-29	35
47	6	4.5	-28	-29	34
48	7	1	29	0	33
52	7	3	-29	31	-33
54	7	4	28	-31	-33
56	8	1	27	32	0
60	8	3	26	33	35
64	9	1	0	29	36
66	9	2	25	-29	-36
68	9	3	28	0	37
70	9	4	30	28	-37
72	10	1	29	31	33
74	10	2	29	-31	-33
75	10	2.5	-29	29	-33
76	10	3	-29	31	0
78	10	4	28	32	37
79	10	4.5	27	-32	-37
80	11	1	28	33	-37
81	11	1.5	-28	-33	36
82	11	2	29	-33	38
85	11	3.5	28	-33	37
86	11	4	27	-33	36
87	11	4.5	26	-33	35
88	12	1	25	34	36
90	12	2	26	-34	-36
91	12	2.5	-26	-34	35
92	12	3	-26	-34	36
94	12	4	25	-34	-36
96	13	1	26	33	35
99	13	2.5	-26	34	36
100	13	3	0	35	37
102	13	4	0	36	38
106	14	2	28	35	37
108	14	3	31	33	38
110	14	4	30	34	39
113	15	1.5	28	33	38
114	15	2	29	32	37
115	15	2.5	-29	31	36
116	15	3	26	30	35
119	15	4.5	-26	-30	34
119.5	15	4.75	-26	-30	35
120	16	1	22	29	36
122	16	2	25	-29	-36
125	16	3.5	26	-29	-36
126	16	4	27	-29	-36
129	17	1.5	26	-29	0
130	17	2	25	-29	0
131	17	2.5	24	-29	0
132	17	3	25	-29	0
134	17	4	24	-29	0
135	17	4.5	23	-29	0
136	18	1	22	0	33
144	19	1	23	0	32
147	19	2.5	24	0	-32
148	19	3	25	0	32
150	19	4	23	0	-32
152	20	1	22	33	31
154	20	2	29	-33	-31
156	20	3	-29	-33	29
157	20	3.5	30	-33	-29
158	20	4	31	-33	-29
160	21	1	-31	32	30
162	21	2	30	-32	-30
163	21	2.5	29	-32	-30
164	21	3	28	32	-30
167	21	4.5	27	-32	-30
168	22	1	29	31	29
172	22	3	-29	29	-29
174	22	4	28	-29	-29
175	22	4.5	27	-29	-29
176	23	1	26	30	0
180	23	3	28	-30	32
184	24	1	0	29	33
188	24	3	25	-29	34
192	25	1	26	0	35
196	25	3	27	32	36
200	26	1	26	33	35
202	26	2	25	-33	33
203	26	2.5	24	-33	-33
204	26	3	23	34	-33
206	26	4	-23	-34	32
208	27	1	0	35	33
210	27	2	26	-35	-33
212	27	3	-26	36	34
214	27	4	25	-36	-34
216	28	1	26	35	33
218	28	2	-26	-35	31
220	28	3	29	38	-31
222	28	4	-29	-38	34
225	29	1.5	-29	-38	33
226	29	2	28	37	32
227	29	2.5	27	-37	31
228	29	3	28	37	32
230	29	4	-28	36	-32
232	30	1	29	38	0
236	30	3	-29	-38	29
238	30	4	28	-38	-29
240	31	1	27	36	-29
244	31	3	26	37	28
248	32	1	24	33	29
250	32	2	25	36	-29
252	32	3	26	-36	31
253	32	3.5	-26	35	-31
254	32	4	27	36	-31
257	33	1.5	26	35	-31
258	33	2	25	34	-31
259	33	2.5	24	33	-31
260	33	3	25	34	30
264	34	1	24	33	31
270	34	4	22	-33	-31
272	35	1	22	-33	-31
280	36	1	0	0	0
288	37	1	22	33	31
294	37	4	-22	34	-31
296	38	1	26	35	30
304	39	1	27	36	29
306	39	2	-27	38	-29
310	39	4	-27	37	-29
311	39	4.5	-27	36	-29
312	40	1	28	37	32
318	40	4	27	36	-32
319	40	4.5	26	35	-32
320	41	1	25	34	32
326	41	4	-25	-34	31
327	41	4.5	-25	-34	32
328	42	1	24	33	33
332	42	3	-24	38	-33
336	43	1	0	-38	29
338	43	2	0	37	-29
340	43	3	28	37	32
344	44	1	28	-37	-32
346	44	2	-28	36	-32
348	44	3	29	36	31
352	45	1	26	-36	30
356	45	3	-26	35	-30
360	46	1	22	36	29
362	46	2	25	-36	-29
364	46	3	-25	-36	31
365	46	3.5	24	-36	-31
366	46	4	22	-36	-31
368	47	1	26	35	30
372	47	3	-26	33	33
376	48	1	0	34	-33
378	48	2	0	-34	32
380	48	3	23	-34	32
382	48	4	-23	-34	31
384	49	1	24	33	33
386	49	2	26	35	-33
389	49	3.5	27	34	-33
390	49	4	28	33	-33
392	50	1	29	34	0
393	50	1.5	28	33	0
394	50	2	27	32	0
395	50	2.5	26	31	0
396	50	3	27	32	36
400	51	1	26	33	35
404	51	3	-26	-33	33
408	52	1	22	0	-33
410	52	2	-22	0	34
412	52	3	-22	31	35
414	52	4	-22	-31	36
416	53	1	0	30	37
420	53	3	0	29	38
424	54	1	29	31	-38
428	54	3	-29	32	37
430	54	4	28	-32	36
431	54	4.5	27	-32	-36
432	55	1	26	33	35
438	55	4	-26	32	-35
439	55	4.5	-26	31	-35
440	56	1	-26	30	0
442	56	2	-26	31	0
444	56	3	-26	30	35
446	56	4	-26	33	-35
450	57	2	-26	32	34
451	57	2.5	-26	31	-34
452	57	3	-26	32	35
454	57	4	-26	33	-35
456	58	1	27	29	36
460	58	3	28	0	37
462	58	4	29	0	38
464	59	1	-29	31	-38
465	59	1.5	30	-31	37
466	59	2	31	-31	36
467	59	2.5	-31	32	-36
468	59	3	-31	33	-36
469	59	3.5	30	-33	35
470	59	4	28	32	37
473	60	1.5	-28	31	36
474	60	2	29	29	35
475	60	2.5	-29	-29	34
476	60	3	26	30	35
480	61	1	0	29	36
482	61	2	27	-29	-36
486	61	4	26	-29	35
487	61	4.5	25	-29	34
488	62	1	24	29	33
490	62	2	25	-29	34
492	62	3	-25	32	-34
493	62	3.5	24	-32	-34
494	62	4	22	31	33
497	63	1.5	23	30	-33
498	63	2	24	29	32
499	63	2.5	25	-29	31
500	63	3	26	-29	30
502	63	4	-26	28	-30
504	64	1	22	29	31
506	64	2	-22	33	29
508	64	3	29	-33	31
510	64	4	27	34	32
512	65	1	26	35	33
515	65	2.5	27	36	-33
516	65	3	28	37	32
518	65	4	24	38	33
522	66	2	25	37	32
523	66	2.5	-25	36	31
524	66	3	26	35	30
526	66	4	-26	34	-30
527	66	4.5	-26	35	-30
528	67	1	22	36	29
*-	*-	*-	*-	*-	*-
