**absq	**bar	**beat	**b7	**b7	**b7	**b7
0	1	1	25	0	0	0
3	1	1.75	25	0	0	0
4	1	2	24	0	0	0
6	1	2.5	27	0	0	0
8	2	1	27	0	0	0
10	2	1.5	26	0	0	0
12	2	2	27	25	0	0
15	2	2.75	-27	25	0	0
16	3	1	20	24	0	0
18	3	1.5	-20	27	0	0
20	3	2	21	27	0	0
22	3	2.5	-21	26	0	0
24	4	1	20	27	29	0
25	4	1.25	21	-27	-29	0
26	4	1.5	22	-27	-29	0
27	4	1.75	23	-27	29	0
28	4	2	24	0	28	0
30	4	2.5	22	26	31	0
32	5	1	-22	27	31	32
34	5	1.5	21	28	30	-32
35	5	1.75	-21	-28	-30	32
36	5	2	22	26	31	31
38	5	2.5	20	27	-31	34
40	6	1	24	28	-31	34
42	6	1.5	-24	-28	-31	33
44	6	2	20	27	0	34
48	7	1	0	-27	31	-34
51	7	1.75	0	-27	30	-34
52	7	2	27	0	29	0
54	7	2.5	-27	0	28	0
55	7	2.75	26	0	-28	0
56	8	1	25	0	29	0
57	8	1.25	-25	0	30	0
58	8	1.5	24	0	31	0
59	8	1.75	-24	0	29	0
60	8	2	25	0	30	0
61	8	2.25	26	0	-30	0
62	8	2.5	27	0	29	0
63	8	2.75	25	0	-29	0
64	9	1	26	0	28	0
66	9	1.5	25	0	29	0
68	9	2	0	0	25	34
71	9	2.75	0	0	26	33
72	10	1	0	0	27	32
73	10	1.25	0	0	28	-32
74	10	1.5	22	27	29	31
76	10	2	23	-27	-29	32
77	10	2.25	-23	26	-29	33
78	10	2.5	-23	25	25	34
79	10	2.75	-23	-25	-25	32
80	11	1	22	24	29	33
82	11	1.5	23	25	28	32
83	11	1.75	-23	26	-28	-32
84	11	2	22	27	29	-32
85	11	2.25	-22	25	-29	-32
86	11	2.5	-22	26	-29	31
88	12	1	18	25	-29	32
90	12	1.5	-18	-25	27	-32
92	12	2	25	-25	-27	-32
93	12	2.25	-25	-25	28	-32
94	12	2.5	-25	-25	29	-32
95	12	2.75	25	-25	30	-32
96	13	1	24	0	31	0
98	13	1.5	27	0	29	0
100	13	2	27	0	28	0
102	13	2.5	26	0	-28	0
104	14	1	27	25	27	0
107	14	1.75	-27	25	-27	0
108	14	2	20	24	0	0
110	14	2.5	-20	27	0	0
112	15	1	21	27	0	0
114	15	1.5	-21	26	0	0
116	15	2	20	27	29	0
117	15	2.25	21	-27	-29	0
118	15	2.5	22	-27	-29	0
119	15	2.75	23	-27	29	0
120	16	1	24	0	28	0
122	16	1.5	22	26	31	0
124	16	2	-22	27	31	32
126	16	2.5	21	28	30	-32
127	16	2.75	-21	-28	-30	32
128	17	1	22	26	31	31
130	17	1.5	20	27	-31	34
132	17	2	24	28	-31	34
134	17	2.5	-24	-28	-31	33
136	18	1	20	27	0	34
140	18	2	0	-27	31	-34
143	18	2.75	0	-27	30	-34
144	19	1	27	0	29	0
146	19	1.5	-27	0	28	0
147	19	1.75	26	0	-28	0
148	19	2	25	0	29	0
149	19	2.25	-25	0	30	0
150	19	2.5	24	0	31	0
151	19	2.75	-24	0	29	0
152	20	1	25	0	30	0
153	20	1.25	26	0	-30	0
154	20	1.5	27	0	29	0
155	20	1.75	25	0	-29	0
156	20	2	26	0	28	0
158	20	2.5	25	0	29	0
160	21	1	0	0	25	34
163	21	1.75	0	0	-25	33
164	21	2	0	0	0	32
166	21	2.5	0	0	27	31
168	22	1	27	0	-27	32
169	22	1.25	-27	0	26	33
170	22	1.5	-27	0	25	34
171	22	1.75	-27	0	-25	32
172	22	2	26	0	24	33
174	22	2.5	27	0	27	29
176	23	1	20	27	-27	-29
177	23	1.25	-20	-27	28	30
178	23	1.5	-20	-27	29	31
179	23	1.75	-20	26	-29	32
180	23	2	21	25	25	30
181	23	2.25	-21	-25	-25	29
182	23	2.5	22	24	29	33
184	24	1	23	25	-29	-33
185	24	1.25	-23	26	-29	-33
186	24	1.5	-23	27	28	32
187	24	1.75	-23	25	-28	-32
188	24	2	22	26	29	-32
190	24	2.5	-22	-26	-29	31
192	25	1	18	25	30	32
194	25	1.5	-18	-25	29	-32
196	25	2	25	-25	-29	-32
198	25	2.5	25	-25	28	-32
199	25	2.75	-25	-25	27	-32
200	26	1	24	0	26	0
202	26	1.5	24	0	-26	0
204	26	2	25	25	0	0
206	26	2.5	25	25	0	0
208	27	1	22	24	0	0
210	27	1.5	-22	24	0	0
212	27	2	0	25	0	32
214	27	2.5	0	25	0	32
216	28	1	0	22	29	31
218	28	1.5	0	-22	29	31
220	28	2	0	0	28	32
222	28	2.5	0	0	28	32
224	29	1	25	0	29	29
226	29	1.5	25	0	29	-29
228	29	2	24	0	26	-29
230	29	2.5	24	0	-26	-29
232	30	1	25	25	0	-29
234	30	1.5	25	25	0	-29
236	30	2	22	24	0	0
238	30	2.5	-22	24	0	0
240	31	1	0	25	0	32
242	31	1.5	0	25	0	32
244	31	2	0	22	29	31
246	31	2.5	0	-22	29	31
248	32	1	0	0	28	32
250	32	1.5	0	0	28	32
252	32	2	25	0	29	29
254	32	2.5	25	0	29	-29
256	33	1	24	0	26	-29
258	33	1.5	24	0	26	-29
260	33	2	25	0	27	-29
262	33	2.5	25	0	-27	-29
263	33	2.75	-25	0	26	-29
264	34	1	22	0	24	0
268	34	2	20	29	31	34
271	34	2.75	20	29	31	34
272	35	1	20	29	31	34
274	35	1.5	20	29	31	34
276	35	2	24	28	31	33
278	35	2.5	25	27	30	32
280	36	1	24	28	31	33
284	36	2	24	26	28	35
285	36	2.25	-24	-26	28	34
286	36	2.5	-24	-26	28	33
287	36	2.75	24	26	28	32
288	37	1	24	26	28	35
289	37	1.25	-24	-26	-28	34
290	37	1.5	24	26	28	33
291	37	1.75	-24	-26	-28	32
292	37	2	24	28	26	31
293	37	2.25	24	27	26	32
294	37	2.5	24	26	26	33
295	37	2.75	25	25	29	34
296	38	1	22	24	29	33
298	38	1.5	18	25	29	32
300	38	2	25	29	32	34
303	38	2.75	25	29	32	34
304	39	1	25	29	32	34
306	39	1.5	27	29	31	34
308	39	2	24	28	31	33
310	39	2.5	25	27	30	32
312	40	1	24	28	31	33
316	40	2	21	28	30	35
317	40	2.25	21	-28	30	34
318	40	2.5	21	-28	30	33
319	40	2.75	21	27	30	32
320	41	1	22	26	29	31
322	41	1.5	23	25	28	32
324	41	2	22	26	29	32
326	41	2.5	22	26	29	31
328	42	1	18	25	29	32
330	42	1.5	24	28	26	33
332	42	2	21	30	25	35
333	42	2.25	21	29	25	34
334	42	2.5	21	28	25	33
335	42	2.75	21	27	25	32
336	43	1	22	26	29	31
338	43	1.5	23	25	28	32
340	43	2	22	26	29	32
342	43	2.5	22	26	29	31
344	44	1	18	25	29	32
*-	*-	*-	*-	*-	*-	*-
