**absq	**bar	**beat	**b7	**b7	**b7	**b7	**b7	**b7
0	1	1	0	0	29	0	0	0
8	2	1	0	0	28	0	0	0
12	2	3	25	0	29	0	0	0
16	3	1	-25	0	25	0	0	0
18	3	2	-25	0	29	0	0	0
20	3	3	24	0	-29	0	0	0
22	3	4	-24	0	28	0	0	0
24	4	1	25	0	27	0	0	36
27	4	2.5	-25	0	25	0	0	-36
28	4	3	-25	0	32	0	0	-36
31	4	4.5	-25	0	31	0	0	-36
32	5	1	21	0	30	0	32	35
36	5	3	25	0	29	29	-32	36
37	5	3.5	-25	0	28	-29	-32	-36
38	5	4	-25	0	27	-29	-32	-36
39	5	4.5	-25	0	26	-29	-32	-36
40	6	1	-25	0	25	-29	-32	-36
42	6	2	24	0	-25	-29	-32	-36
44	6	3	23	0	0	28	-32	32
46	6	4	-23	0	25	-28	-32	-32
48	7	1	22	0	26	29	31	36
52	7	3	0	25	27	-29	32	-36
54	7	4	0	-25	-27	-29	-32	35
55	7	4.5	0	-25	28	-29	-32	-35
56	8	1	0	-25	29	25	-32	34
59	8	2.5	0	-25	30	-25	-32	-34
60	8	3	0	24	31	0	28	33
62	8	4	0	-24	28	0	-28	-33
64	9	1	0	25	-28	0	32	36
66	9	2	0	-25	27	0	-32	-36
67	9	2.5	0	-25	26	0	-32	-36
68	9	3	0	-25	27	0	-32	-36
70	9	4	0	-25	-27	0	31	-36
72	10	1	0	21	25	0	30	35
76	10	3	0	25	32	29	29	36
77	10	3.5	0	-25	-32	-29	28	-36
78	10	4	0	-25	-32	-29	27	-36
79	10	4.5	0	-25	-32	-29	26	-36
80	11	1	0	-25	-32	-29	25	-36
82	11	2	0	24	-32	-29	-25	-36
84	11	3	0	23	-32	28	0	32
86	11	4	0	-23	-32	-28	25	-32
88	12	1	0	22	31	29	26	0
96	13	1	25	0	32	25	27	0
98	13	2	-25	0	-32	29	-27	0
99	13	2.5	-25	0	-32	-29	28	0
100	13	3	-25	0	-32	-29	29	0
101	13	3.5	-25	0	-32	28	-29	0
102	13	4	-25	0	-32	27	-29	32
103	13	4.5	-25	0	-32	-27	30	-32
104	14	1	24	0	28	26	31	33
106	14	2	-24	0	-28	-26	28	-33
108	14	3	25	29	32	25	-28	34
110	14	4	-25	-29	-32	-25	27	-34
111	14	4.5	-25	-29	-32	-25	26	-34
112	15	1	-25	-29	-32	0	27	-34
114	15	2	-25	-29	31	0	-27	33
115	15	2.5	-25	-29	-31	0	-27	32
116	15	3	21	28	30	32	25	35
120	16	1	25	29	29	-32	0	34
122	16	2	-25	-29	25	-32	0	-34
124	16	3	-25	25	29	-32	0	0
126	16	4	24	-25	-29	-32	29	0
128	17	1	23	-25	30	-32	-29	0
130	17	2	-23	-25	-30	-32	28	32
132	17	3	22	0	31	31	29	33
134	17	4	-22	0	29	-31	-29	-33
136	18	1	0	0	-29	32	25	34
137	18	1.5	0	0	27	-32	-25	-34
138	18	2	0	0	29	-32	-25	-34
140	18	3	0	0	-29	25	32	-34
142	18	4	0	25	28	-25	-32	33
143	18	4.5	0	-25	27	-25	-32	32
144	19	1	0	-25	26	0	30	35
146	19	2	0	24	-26	0	31	-35
148	19	3	0	25	27	0	29	34
150	19	4	0	-25	-27	29	-29	32
152	20	1	0	23	25	-29	0	-32
153	20	1.5	0	-23	-25	-29	0	31
154	20	2	25	-23	-25	28	0	32
155	20	2.5	-25	-23	-25	-28	0	33
156	20	3	-25	22	0	29	0	34
158	20	4	24	-22	0	-29	29	33
160	21	1	25	0	0	25	-29	34
162	21	2	23	0	32	-25	28	32
164	21	3	22	0	-32	26	29	0
166	21	4	-22	26	31	-26	-29	36
168	22	1	0	27	32	25	-29	36
170	22	2	0	-27	25	-25	-29	-36
171	22	2.5	0	26	26	-25	-29	35
172	22	3	0	25	27	0	-29	34
173	22	3.5	0	-25	28	0	-29	-34
174	22	4	0	24	29	0	-29	33
176	23	1	0	23	-29	0	25	32
178	23	2	0	-23	28	0	-25	-32
180	23	3	0	22	29	0	26	31
183	23	4.5	0	-22	-29	0	-26	32
184	24	1	0	-22	26	24	0	33
186	24	2	26	-22	-26	-24	29	-33
188	24	3	27	0	0	25	29	0
191	24	4.5	26	0	0	-25	28	0
192	25	1	25	0	0	27	27	0
194	25	2	24	0	0	28	26	0
196	25	3	23	0	0	-28	25	0
197	25	3.5	-23	0	0	27	-25	0
198	25	4	-23	0	30	28	-25	0
200	26	1	22	0	31	29	26	0
202	26	2	-22	0	-31	-29	-26	33
203	26	2.5	-22	0	30	-29	-26	-33
204	26	3	0	0	29	25	0	34
207	26	4.5	0	0	28	-25	0	33
208	27	1	0	0	27	-25	0	32
209	27	1.5	0	0	26	-25	0	-32
210	27	2	0	0	29	-25	0	31
212	27	3	0	0	-29	26	0	30
214	27	4	0	0	28	-26	30	-30
216	28	1	0	0	29	0	31	29
218	28	2	0	26	28	0	-31	33
219	28	2.5	0	-26	-28	0	30	-33
220	28	3	0	27	29	0	29	31
222	28	4	0	-27	-29	0	-29	34
223	28	4.5	0	26	-29	0	28	-34
224	29	1	0	25	-29	0	27	-34
225	29	1.5	0	-25	-29	0	26	-34
226	29	2	0	24	-29	0	29	33
228	29	3	0	23	25	0	-29	32
230	29	4	0	-23	-25	30	28	-32
232	30	1	0	22	26	31	29	0
234	30	2	26	-22	-26	-31	-29	0
235	30	2.5	-26	-22	-26	30	-29	0
236	30	3	27	25	0	29	-29	0
239	30	4.5	26	-25	0	28	-29	0
240	31	1	25	0	0	27	0	0
242	31	2	24	0	29	26	0	0
244	31	3	23	0	-29	25	0	0
246	31	4	-23	25	28	-25	0	0
248	32	1	22	24	29	0	0	0
250	32	2	-22	22	-29	29	0	0
252	32	3	0	23	25	-29	0	0
254	32	4	25	-23	-25	28	0	0
256	33	1	24	22	0	29	0	0
258	33	2	22	-22	0	-29	0	0
260	33	3	23	0	0	25	0	0
262	33	4	-23	0	0	-25	32	0
264	34	1	22	0	0	26	31	0
266	34	2	-22	0	0	-26	29	36
267	34	2.5	-22	0	0	27	-29	-36
268	34	3	0	0	0	28	30	-36
270	34	4	0	0	32	-28	-30	35
272	35	1	0	0	31	0	29	36
274	35	2	0	0	29	0	-29	-36
276	35	3	0	28	30	0	0	32
278	35	4	0	-28	-30	0	32	-32
280	36	1	25	27	29	0	-32	36
281	36	1.5	-25	-27	-29	0	33	-36
282	36	2	-25	25	-29	0	34	-36
284	36	3	-25	-25	0	29	-34	-36
286	36	4	24	26	29	-29	33	-36
288	37	1	25	27	27	-29	32	-36
290	37	2	-25	-27	25	-29	-32	-36
291	37	2.5	-25	-27	-25	-29	31	-36
292	37	3	21	25	32	28	30	37
295	37	4.5	-21	-25	31	-28	29	-37
295.5	37	4.75	-21	-25	-31	-28	28	-37
296	38	1	-21	-25	30	-28	32	35
304	39	1	0	-25	29	27	0	36
306	39	2	25	-25	-29	-27	25	-36
308	39	3	24	22	-29	26	26	36
310	39	4	22	-22	-29	-26	29	-36
312	40	1	23	0	0	25	-29	0
314	40	2	-23	25	25	-25	28	0
316	40	3	22	24	26	0	29	0
318	40	4	-22	22	29	29	-29	0
320	41	1	0	23	-29	27	0	0
322	41	2	0	-23	28	25	0	32
324	41	3	0	22	29	26	0	31
326	41	4	0	-22	26	-26	31	29
328	42	1	21	0	28	25	32	30
334	42	4	-21	0	28	-25	-32	-30
336	43	1	22	0	26	0	31	29
340	43	3	24	0	-26	0	-31	0
342	43	4	-24	0	-26	0	30	0
343	43	4.5	-24	0	-26	0	29	0
344	44	1	-24	24	-26	0	28	0
346	44	2	23	-24	-26	0	29	0
347	44	2.5	22	-24	-26	0	-29	0
348	44	3	21	25	0	28	30	0
352	45	1	20	27	0	29	31	0
356	45	3	22	-27	0	31	29	0
358	45	4	-22	26	0	-31	-29	0
359	45	4.5	-22	25	0	-31	-29	0
360	46	1	-22	26	0	-31	-29	31
362	46	2	-22	-26	0	30	-29	-31
363	46	2.5	-22	-26	0	29	-29	-31
364	46	3	21	0	28	30	0	32
368	47	1	25	0	29	29	0	34
370	47	2	-25	0	-29	27	0	-34
372	47	3	24	0	31	28	0	-34
374	47	4	-24	0	-31	-28	0	33
375	47	4.5	-24	0	30	-28	0	32
376	48	1	-24	0	31	26	0	33
377	48	1.5	-24	0	32	-26	0	-33
378	48	2	-24	24	33	-26	0	38
380	48	3	21	25	-33	0	28	-38
382	48	4	-21	-25	32	0	-28	37
384	49	1	0	27	31	0	29	36
387	49	2.5	0	-27	30	0	-29	35
388	49	3	0	-27	29	0	31	34
389	49	3.5	0	-27	28	0	-31	-34
390	49	4	0	26	29	0	32	-34
391	49	4.5	0	25	-29	0	-32	-34
392	50	1	0	26	-29	0	30	33
394	50	2	0	-26	28	30	-30	-33
396	50	3	22	-26	29	31	29	-33
399	50	4.5	-22	-26	-29	30	28	-33
399.5	50	4.75	-22	-26	-29	-30	27	-33
400	51	1	24	22	0	29	26	-33
401	51	1.5	-24	-22	0	28	-26	-33
402	51	2	-24	-22	0	29	-26	-33
404	51	3	23	0	25	-29	0	0
406	51	4	-23	0	-25	28	30	0
408	52	1	22	0	27	29	31	0
410	52	2	-22	22	-27	-29	-31	0
411	52	2.5	-22	-22	-27	-29	30	0
412	52	3	-22	24	26	0	29	0
413	52	3.5	-22	-24	-26	0	28	0
414	52	4	-22	-24	-26	0	29	0
416	53	1	0	23	25	0	-29	0
418	53	2	25	-23	30	0	28	0
420	53	3	27	22	31	0	29	0
423	53	4.5	-27	-22	30	0	-29	0
424	54	1	26	-22	29	0	0	0
425	54	1.5	-26	-22	28	0	0	0
426	54	2	-26	-22	29	0	0	33
428	54	3	25	0	-29	25	0	34
430	54	4	-25	25	27	-25	0	-34
431	54	4.5	-25	-25	-27	-25	0	33
432	55	1	0	-25	-27	27	0	32
433	55	1.5	0	-25	-27	-27	0	31
434	55	2	0	-25	25	-27	0	32
436	55	3	0	22	29	26	0	-32
438	55	4	0	-22	-29	-26	26	31
440	56	1	0	25	29	25	27	32
442	56	2	25	-25	-29	-25	-27	-32
443	56	2.5	-25	-25	28	-25	26	-32
444	56	3	-25	0	27	0	27	0
446	56	4	24	0	26	0	28	0
448	57	1	27	0	25	0	29	0
450	57	2	-27	25	-25	0	-29	0
451	57	2.5	26	-25	-25	0	28	0
452	57	3	27	-25	0	0	27	0
454	57	4	28	24	0	0	26	0
456	58	1	29	27	0	0	25	0
458	58	2	-29	-27	0	25	-25	0
459	58	2.5	28	26	0	-25	-25	0
460	58	3	27	27	0	-25	0	0
462	58	4	26	28	0	24	0	0
464	59	1	25	29	0	27	0	0
466	59	2	-25	25	0	-27	0	0
467	59	2.5	24	-25	0	26	0	0
468	59	3	23	-25	0	27	0	0
469	59	3.5	-23	24	0	-27	0	0
470	59	4	-23	25	0	28	0	0
472	60	1	22	26	0	29	0	0
474	60	2	25	27	0	-29	0	0
475	60	2.5	-25	-27	0	28	0	0
476	60	3	-25	-27	0	29	0	0
477	60	3.5	24	-27	0	-29	0	0
478	60	4	25	28	0	30	0	0
480	61	1	26	29	0	31	0	0
482	61	2	27	-29	0	-31	0	0
483	61	2.5	-27	-29	0	30	0	0
484	61	3	-27	28	0	31	0	0
485	61	3.5	-27	-28	0	32	0	0
486	61	4	26	-28	0	31	0	0
488	62	1	25	27	0	30	0	0
489	62	1.5	-25	-27	0	29	0	0
490	62	2	24	26	0	29	0	0
492	62	3	23	-26	0	-29	0	0
494	62	4	-23	25	0	28	0	32
496	63	1	22	26	0	29	0	-32
498	63	2	-22	-26	0	-29	0	31
500	63	3	0	25	0	-29	0	34
502	63	4	0	-25	0	28	32	-34
503	63	4.5	0	-25	0	-28	-32	33
504	64	1	0	0	0	27	-32	34
506	64	2	0	0	0	26	31	35
508	64	3	0	0	0	25	34	36
510	64	4	0	0	25	-25	-34	-36
511	64	4.5	0	0	-25	-25	33	35
512	65	1	0	0	-25	0	34	34
514	65	2	0	0	24	0	35	33
516	65	3	0	0	27	0	36	0
518	65	4	0	0	-27	0	-36	31
519	65	4.5	0	0	28	0	35	-31
520	66	1	0	0	27	0	36	32
522	66	2	0	0	28	0	37	33
524	66	3	0	0	29	0	38	-33
525	66	3.5	0	0	-29	0	-38	32
526	66	4	0	0	-29	0	-38	33
527	66	4.5	0	0	28	0	37	-33
528	67	1	0	0	29	0	31	34
530	67	2	0	0	30	0	32	35
532	67	3	0	0	31	0	33	-35
533	67	3.5	0	0	-31	0	-33	34
534	67	4	0	0	-31	0	31	35
536	68	1	0	0	27	0	-31	36
537	68	1.5	0	0	-27	0	30	-36
538	68	2	0	0	-27	0	31	-36
539	68	2.5	0	0	26	0	-31	-36
540	68	3	0	0	27	0	32	-36
542	68	4	0	0	28	0	-32	37
544	69	1	0	0	26	0	33	-37
545	69	1.5	0	0	-26	0	-33	36
546	69	2	0	0	27	0	29	36
548	69	3	0	0	28	0	30	-36
550	69	4	0	0	-28	32	-30	35
552	70	1	0	0	25	-32	29	36
554	70	2	0	29	-25	31	-29	-36
556	70	3	0	-29	0	30	0	0
558	70	4	0	28	0	-30	32	0
560	71	1	0	27	0	29	-32	0
562	71	2	0	-27	29	-29	31	0
564	71	3	0	26	-29	0	-31	0
566	71	4	0	-26	28	0	30	0
568	72	1	0	25	27	0	-30	0
570	72	2	25	-25	-27	0	29	0
572	72	3	-25	0	-27	0	30	0
573	72	3.5	-25	0	-27	0	29	0
574	72	4	24	0	26	0	29	0
576	73	1	23	0	25	0	-29	0
578	73	2	-23	0	-25	32	28	0
580	73	3	22	0	26	-32	29	0
582	73	4	-22	0	-26	31	-29	36
584	74	1	0	0	0	30	26	-36
586	74	2	0	0	26	-30	-26	35
588	74	3	0	0	27	29	0	34
590	74	4	0	25	-27	-29	25	-34
591	74	4.5	0	-25	-27	-29	26	-34
592	75	1	0	-25	25	-29	27	-34
593	75	1.5	0	-25	-25	-29	28	-34
594	75	2	0	24	26	-29	29	33
596	75	3	0	23	27	25	-29	32
597	75	3.5	0	-23	25	-25	-29	-32
598	75	4	0	-23	32	-25	28	-32
599	75	4.5	0	-23	-32	-25	-28	33
600	76	1	0	22	-32	0	29	34
602	76	2	29	-22	31	0	-29	33
604	76	3	-29	0	30	0	26	-33
605	76	3.5	-29	0	-30	0	-26	32
606	76	4	28	0	-30	0	-26	33
608	77	1	27	0	29	0	0	31
610	77	2	-27	25	-29	0	0	32
611	77	2.5	-27	-25	28	0	0	-32
611.5	77	2.75	-27	-25	29	0	0	-32
612	77	3	26	-25	30	0	0	33
613	77	3.5	-26	-25	29	0	0	-33
614	77	4	-26	24	29	0	0	-33
616	78	1	0	23	-29	0	0	0
618	78	2	0	-23	28	25	32	0
620	78	3	0	22	29	26	-32	0
622	78	4	0	-22	-29	27	31	36
624	79	1	0	0	0	28	30	-36
626	79	2	0	0	32	-28	-30	35
627	79	2.5	0	0	-32	27	-30	-35
628	79	3	0	0	-32	25	29	34
630	79	4	29	0	31	-25	-29	-34
632	80	1	-29	0	30	26	0	33
634	80	2	28	0	-30	-26	30	-33
636	80	3	27	0	29	0	31	0
638	80	4	-27	0	25	0	29	36
640	81	1	26	0	28	0	30	-36
642	81	2	-26	0	-28	0	31	35
644	81	3	25	0	29	0	32	34
646	81	4	-25	0	-29	25	-32	-34
647	81	4.5	24	0	-29	-25	-32	-34
648	82	1	22	0	0	26	31	33
650	82	2	25	25	29	27	32	32
652	82	3	21	-25	30	28	30	-32
653	82	3.5	-21	-25	-30	-28	-30	31
653.5	82	3.75	-21	-25	-30	-28	-30	32
654	82	4	0	24	31	-28	28	33
655	82	4.5	0	-24	-31	27	-28	-33
656	83	1	0	23	32	25	-28	-33
657	83	1.5	0	-23	-32	-25	29	32
658	83	2	21	-23	28	-25	30	32
660	83	3	24	22	29	26	31	-32
662	83	4	25	-22	-29	-26	29	31
663	83	4.5	26	-22	-29	-26	-29	-31
664	84	1	27	0	0	25	-29	32
665	84	1.5	-27	0	0	-25	28	-32
666	84	2	-27	0	25	-25	27	-32
667	84	2.5	-27	0	-25	-25	26	-32
668	84	3	-27	0	27	-25	25	-32
669	84	3.5	-27	0	-27	-25	26	-32
670	84	4	25	25	-27	-25	27	-32
671	84	4.5	-25	-25	-27	-25	28	-32
672	85	1	25	27	0	0	29	-32
674	85	2	-25	-27	0	25	-29	-32
676	85	3	-25	0	0	27	-29	-32
678	85	4	-25	25	0	-27	-29	-32
680	86	1	0	27	0	0	-29	0
682	86	2	0	-27	0	25	-29	0
683	86	2.5	0	26	0	-25	-29	0
684	86	3	0	25	0	27	-29	32
686	86	4	0	24	0	27	-29	-32
688	87	1	0	23	0	28	25	-32
690	87	2	0	-23	0	28	-25	-32
692	87	3	0	22	0	29	26	31
696	88	1	0	0	0	0	25	34
698	88	2	0	0	29	0	-25	-34
700	88	3	0	0	31	0	0	35
702	88	4	0	0	-31	0	24	-35
704	89	1	0	0	0	0	27	36
706	89	2	0	0	29	0	-27	-36
708	89	3	0	0	31	0	-27	-36
710	89	4	0	0	32	0	25	37
712	90	1	0	0	-32	0	27	-37
713	90	1.5	0	0	31	0	-27	36
714	90	2	0	0	30	0	27	36
715	90	2.5	0	0	29	0	-27	-36
716	90	3	0	0	30	0	26	-36
718	90	4	0	0	-30	0	-26	35
720	91	1	0	0	29	0	0	36
722	91	2	25	0	-29	0	0	-36
724	91	3	27	0	-29	0	0	-36
726	91	4	-27	0	-29	0	25	-36
728	92	1	0	0	0	0	27	-36
730	92	2	25	0	0	0	-27	-36
732	92	3	27	0	29	0	0	-36
734	92	4	-27	0	-29	0	25	-36
735	92	4.5	26	0	-29	0	-25	-36
736	93	1	25	0	-29	0	27	0
738	93	2	24	0	-29	0	27	0
740	93	3	23	0	28	0	28	0
742	93	4	-23	25	-28	0	28	0
744	94	1	22	27	31	0	29	0
746	94	2	-22	26	-31	0	-29	36
747	94	2.5	-22	-26	32	0	-29	-36
748	94	3	-22	26	33	0	29	38
750	94	4	-22	26	-33	29	31	-38
752	95	1	-22	26	-33	31	29	0
754	95	2	-22	-26	-33	-31	31	36
756	95	3	-22	0	-33	0	-31	38
757	95	3.5	-22	0	-33	0	32	-38
758	95	4	-22	26	-33	29	33	-38
759	95	4.5	-22	-26	-33	-29	-33	37
760	96	1	0	22	-33	31	0	36
762	96	2	0	26	-33	30	30	35
764	96	3	0	22	0	29	31	36
766	96	4	26	26	33	28	30	37
768	97	1	22	-26	-33	29	31	-37
769	97	1.5	-22	25	-33	-29	-31	36
770	97	2	22	26	33	-29	-31	36
771	97	2.5	-22	27	-33	-29	32	-36
772	97	3	26	28	33	30	33	-36
774	97	4	26	26	-33	-30	30	35
776	98	1	22	-26	-33	29	31	36
777	98	1.5	-22	25	-33	-29	-31	-36
778	98	2	-22	24	-33	-29	-31	-36
779	98	2.5	-22	23	-33	-29	32	-36
780	98	3	0	22	31	0	33	-36
782	98	4	22	-22	-31	29	-33	-36
784	99	1	23	0	0	28	0	0
786	99	2	-23	0	0	27	0	0
788	99	3	24	22	0	26	0	0
790	99	4	-24	-22	29	-26	0	0
792	100	1	25	23	28	25	0	0
794	100	2	-25	-23	27	-25	0	0
796	100	3	22	24	26	0	0	0
798	100	4	-22	-24	-26	29	0	0
800	101	1	23	25	25	28	0	0
802	101	2	-23	-25	-25	27	0	0
804	101	3	24	22	0	26	0	0
806	101	4	-24	-22	29	-26	0	0
808	102	1	25	23	28	25	0	32
810	102	2	-25	-23	27	-25	32	-32
812	102	3	0	24	26	0	31	33
814	102	4	0	-24	-26	0	30	-33
816	103	1	0	25	0	0	29	34
818	103	2	0	-25	32	25	-29	-34
820	103	3	0	0	31	26	28	35
822	103	4	0	0	30	-26	-28	-35
824	104	1	0	0	29	27	31	0
828	104	3	0	0	28	28	30	32
830	104	4	0	0	-28	-28	32	-32
832	105	1	0	0	0	0	31	33
834	105	2	0	0	0	0	30	-33
836	105	3	0	0	0	25	29	34
838	105	4	0	0	32	-25	-29	-34
840	106	1	0	0	31	26	28	35
842	106	2	0	0	30	-26	-28	-35
844	106	3	0	0	29	27	0	0
846	106	4	25	0	-29	-27	0	0
848	107	1	24	0	-29	26	0	0
850	107	2	23	0	28	25	25	0
852	107	3	22	0	31	-25	26	0
854	107	4	-22	0	-31	24	27	0
856	108	1	21	0	30	25	28	0
858	108	2	-21	25	-30	-25	-28	0
859	108	2.5	-21	-25	-30	-25	27	0
860	108	3	0	24	29	0	26	0
862	108	4	25	23	28	0	25	0
864	109	1	26	22	31	0	-25	0
866	109	2	27	-22	-31	0	24	0
868	109	3	28	21	30	0	25	32
870	109	4	-28	-21	-30	0	32	-32
871	109	4.5	27	-21	-30	0	-32	-32
872	110	1	26	0	28	0	-32	33
874	110	2	-26	0	-28	0	31	-33
876	110	3	25	0	29	0	32	34
878	110	4	27	0	-29	29	31	-34
880	111	1	24	0	0	28	-31	33
881	111	1.5	-24	0	0	-28	30	-33
882	111	2	25	25	0	27	29	32
883	111	2.5	-25	-25	0	-27	28	-32
884	111	3	22	26	0	26	29	-32
886	111	4	-22	-26	0	-26	-29	31
888	112	1	25	27	29	25	-29	32
890	112	2	-25	25	-29	-25	27	-32
892	112	3	0	27	-29	-25	0	-32
894	112	4	0	-27	-29	-25	25	-32
895	112	4.5	0	26	-29	-25	-25	-32
896	113	1	0	25	29	0	27	-32
898	113	2	0	-25	-29	0	27	-32
899	113	2.5	0	24	-29	0	-27	-32
900	113	3	0	23	28	0	28	-32
902	113	4	25	-23	-28	0	28	-32
904	114	1	26	22	31	0	29	0
908	114	3	27	-22	-31	0	-29	0
910	114	4	26	-22	31	0	-29	0
912	115	1	27	0	32	0	-29	0
915	115	2.5	26	0	31	0	-29	0
916	115	3	25	0	30	0	27	32
917	115	3.5	-25	0	29	0	-27	-32
918	115	4	-25	0	29	29	-27	-32
919	115	4.5	24	0	-29	-29	-27	-32
920	116	1	23	0	-29	30	25	32
922	116	2	-23	0	28	-30	-25	-32
924	116	3	22	0	29	31	26	31
926	116	4	-22	0	-29	29	31	-31
928	117	1	0	0	0	30	32	34
930	117	2	0	0	0	-30	-32	34
932	117	3	0	0	0	-30	-32	35
934	117	4	0	0	0	29	31	-35
935	117	4.5	0	0	0	-29	-31	34
936	118	1	0	0	0	28	30	33
937	118	1.5	0	0	0	-28	-30	32
938	118	2	0	0	32	27	29	32
940	118	3	0	0	33	26	-29	-32
942	118	4	0	0	-33	-26	28	31
944	119	1	0	0	34	25	29	32
946	119	2	0	0	32	-25	-29	34
948	119	3	0	0	34	-25	-29	-34
950	119	4	0	0	-34	-25	-29	32
951	119	4.5	0	0	33	-25	-29	33
952	120	1	0	0	32	-25	0	34
953	120	1.5	0	0	-32	-25	0	35
954	120	2	0	25	-32	-25	0	36
955	120	2.5	0	-25	31	-25	0	-36
956	120	3	0	26	30	0	0	-36
958	120	4	0	-26	-30	0	0	35
960	121	1	0	27	29	0	0	36
962	121	2	0	25	-29	0	0	-36
964	121	3	0	27	0	0	0	-36
966	121	4	0	-27	29	0	25	-36
967	121	4.5	0	26	-29	0	-25	-36
968	122	1	0	25	29	0	27	-36
970	122	2	0	-25	-29	0	27	-36
971	122	2.5	0	24	-29	0	-27	-36
972	122	3	0	23	28	0	28	0
974	122	4	25	-23	-28	0	28	0
976	123	1	26	22	31	0	29	0
980	123	3	27	-22	-31	0	-29	0
982	123	4	26	-22	31	0	-29	0
984	124	1	27	0	32	0	-29	0
987	124	2.5	26	0	31	0	-29	0
988	124	3	25	0	30	0	27	0
989	124	3.5	-25	0	29	0	-27	0
990	124	4	-25	0	29	29	-27	32
991	124	4.5	24	0	-29	-29	-27	-32
992	125	1	23	0	-29	30	25	32
994	125	2	-23	0	28	-30	-25	-32
996	125	3	22	0	29	31	26	31
998	125	4	-22	0	-29	-31	31	-31
1000	126	1	0	25	0	29	32	34
1002	126	2	0	-25	0	-29	-32	34
1004	126	3	25	21	0	30	-32	35
1006	126	4	-25	-21	0	-30	31	-35
1007	126	4.5	-25	-21	0	29	-31	34
1008	127	1	21	0	0	28	30	33
1009	127	1.5	-21	0	0	-28	-30	32
1010	127	2	-21	0	25	-28	-30	32
1011	127	2.5	-21	0	-25	27	-30	-32
1012	127	3	0	22	26	26	29	-32
1014	127	4	0	-22	-26	-26	-29	31
1015	127	4.5	0	-22	27	-26	-29	-31
1016	128	1	21	23	28	25	0	32
1018	128	2	-21	-23	-28	-25	25	-32
1019	128	2.5	-21	-23	29	-25	-25	-32
1020	128	3	-21	-23	30	-25	28	-32
1022	128	4	-21	-23	28	-25	-28	-32
1024	129	1	18	22	29	-25	-28	-32
1026	129	2	-18	-22	-29	-25	27	-32
1027	129	2.5	-18	-22	-29	-25	26	-32
1028	129	3	-18	-22	-29	-25	27	-32
1031	129	4.5	-18	-22	-29	-25	28	-32
1032	130	1	-18	-22	27	-25	29	-32
1040	131	1	0	0	0	0	0	0
1040	131	1	0	0	27	0	0	0
1044	131	3	24	0	28	0	0	0
1048	132	1	25	0	27	0	0	0
1052	132	3	24	0	26	0	0	0
1055	132	4.5	-24	0	27	0	0	0
1056	133	1	23	0	28	0	0	0
1058	133	2	22	0	29	0	0	0
1060	133	3	23	0	-29	0	0	0
1062	133	4	-23	0	28	0	0	0
1064	134	1	22	0	29	0	0	0
1072	135	1	-22	0	31	0	0	0
1076	135	3	-22	0	28	0	0	0
1078	135	4	-22	0	29	0	0	0
1080	136	1	27	0	-29	0	0	0
1082	136	2	-27	0	28	0	0	0
1083	136	2.5	-27	0	27	0	0	0
1084	136	3	24	0	26	0	0	0
1086	136	4	25	0	25	0	0	0
1087	136	4.5	-25	0	26	0	0	0
1088	137	1	-25	0	27	0	0	0
1089	137	1.5	-25	0	28	0	0	0
1090	137	2	24	0	29	0	0	0
1091	137	2.5	23	0	30	0	0	0
1092	137	3	22	0	31	0	0	0
1094	137	4	21	0	30	0	0	0
1096	138	1	24	0	-30	0	0	0
1097	138	1.5	-24	0	29	0	0	0
1098	138	2	25	0	29	0	0	0
1100	138	3	23	0	-29	0	0	0
1102	138	4	-23	0	28	0	0	0
1104	139	1	22	0	29	0	0	0
1110	139	4	25	0	-29	0	0	0
1112	140	1	25	0	-29	0	0	0
1116	140	3	24	0	-29	0	0	0
1118	140	4	25	0	-29	0	0	0
1121	141	1.5	24	0	0	0	0	0
1122	141	2	23	0	32	0	0	0
1123	141	2.5	22	0	-32	0	0	0
1124	141	3	23	0	32	0	0	0
1128	142	1	22	0	31	0	0	0
1129	142	1.5	23	0	-31	0	0	0
1130	142	2	24	0	-31	0	0	0
1131	142	2.5	25	0	30	0	0	0
1132	142	3	26	0	31	0	0	0
1134	142	4	27	0	32	0	0	0
1136	143	1	28	0	-32	0	0	0
1137	143	1.5	-28	0	31	0	0	0
1138	143	2	-28	0	30	0	0	0
1139	143	2.5	27	0	29	0	0	0
1140	143	3	26	0	30	0	0	0
1141	143	3.5	25	0	-30	0	0	0
1142	143	4	26	0	-30	0	0	0
1144	144	1	24	0	29	0	0	0
1146	144	2	25	0	-29	0	0	0
1149	144	3.5	24	0	0	0	0	0
1150	144	4	23	0	0	0	0	0
1151	144	4.5	22	0	0	0	0	0
1152	145	1	23	0	32	0	0	0
1156	145	3	22	0	31	0	0	0
1160	146	1	0	0	30	0	0	0
1162	146	2	0	0	29	0	0	0
1164	146	3	25	0	-29	0	0	0
1166	146	4	-25	0	28	0	0	0
1167	146	4.5	-25	0	27	0	0	0
1168	147	1	24	0	26	0	0	0
1171	147	2.5	-24	0	27	0	0	0
1172	147	3	23	0	28	0	0	0
1174	147	4	22	0	29	0	0	0
1176	148	1	23	0	-29	0	0	0
1177	148	1.5	-23	0	28	0	0	0
1178	148	2	24	0	28	0	0	0
1180	148	3	22	0	-28	0	0	0
1182	148	4	-22	0	27	0	0	0
1184	149	1	21	0	28	0	0	0
1192	150	1	-21	0	25	0	0	0
1196	150	3	0	0	26	0	0	0
1200	151	1	25	0	27	0	0	0
1204	151	3	26	0	26	0	0	0
1206	151	4	-26	0	24	0	0	0
1208	152	1	27	0	25	0	0	0
1212	152	3	26	0	24	0	0	0
1214	152	4	24	0	31	0	0	0
1216	153	1	25	0	30	0	0	0
1218	153	2	-25	0	29	0	0	0
1219	153	2.5	24	0	-29	0	0	0
1220	153	3	22	0	-29	0	0	0
1221	153	3.5	23	0	28	0	0	0
1222	153	4	24	0	26	0	0	0
1223	153	4.5	25	0	27	0	0	0
1224	154	1	26	0	28	0	0	0
1225	154	1.5	27	0	29	0	0	0
1226	154	2	28	0	30	0	0	0
1227	154	2.5	-28	0	31	0	0	0
1228	154	3	-28	0	32	0	0	0
1229	154	3.5	27	0	-32	0	0	0
1230	154	4	26	0	33	0	0	0
1231	154	4.5	25	0	-33	0	0	0
1232	155	1	24	0	-33	0	0	0
1233	155	1.5	-24	0	32	0	0	0
1234	155	2	26	0	31	0	0	0
1236	155	3	25	0	-31	0	0	0
1238	155	4	-25	0	30	0	0	0
1240	156	1	24	0	31	0	0	0
1248	157	1	-24	0	28	0	0	0
1252	157	3	0	0	29	0	0	0
1256	158	1	24	0	31	0	0	0
1260	158	3	25	0	30	0	0	0
1262	158	4	-25	0	29	0	0	0
1264	159	1	27	0	-29	0	0	0
1265	159	1.5	-27	0	28	0	0	0
1266	159	2	-27	0	27	0	0	0
1267	159	2.5	-27	0	26	0	0	0
1268	159	3	-27	0	25	0	0	0
1270	159	4	26	0	28	0	0	0
1272	160	1	27	0	29	0	0	0
1274	160	2	28	0	30	0	0	0
1276	160	3	29	0	31	0	0	0
1278	160	4	27	0	-31	0	0	0
1280	161	1	27	0	32	0	0	0
1282	161	2	28	0	33	0	0	0
1284	161	3	29	0	-33	0	0	0
1285	161	3.5	-29	0	32	0	0	0
1286	161	4	-29	0	31	0	0	0
1287	161	4.5	28	0	30	0	0	0
1288	162	1	27	0	29	0	0	0
1289	162	1.5	26	0	28	0	0	0
1290	162	2	25	0	27	0	0	0
1291	162	2.5	26	0	26	0	0	0
1292	162	3	27	0	25	0	0	0
1293	162	3.5	28	0	26	0	0	0
1294	162	4	29	0	27	0	0	0
1295	162	4.5	-29	0	28	0	0	0
1296	163	1	22	0	29	0	0	0
1297	163	1.5	-22	0	30	0	0	0
1298	163	2	29	0	31	0	0	0
1299	163	2.5	-29	0	32	0	0	0
1300	163	3	-29	0	33	0	0	0
1301	163	3.5	28	0	-33	0	0	0
1302	163	4	27	0	34	0	0	0
1303	163	4.5	26	0	-34	0	0	0
1304	164	1	25	0	-34	0	0	0
1305	164	1.5	24	0	33	0	0	0
1306	164	2	27	0	32	0	0	0
1308	164	3	26	0	-32	0	0	0
1310	164	4	-26	0	31	0	0	0
1312	165	1	25	0	32	0	0	0
1320	166	1	0	0	0	0	0	0
1320	166	1	0	0	0	0	32	0
1324	166	3	0	25	0	0	-32	0
1328	167	1	0	-25	0	0	29	36
1332	167	3	0	22	0	0	31	-36
1336	168	1	0	24	0	0	-31	33
1338	168	2	0	-24	0	0	30	-33
1339	168	2.5	0	-24	0	0	29	-33
1340	168	3	0	-24	0	0	28	35
1342	168	4	0	23	0	0	-28	-35
1343	168	4.5	0	22	0	0	29	-35
1344	169	1	0	21	0	32	30	-35
1346	169	2	0	28	0	-32	-30	-35
1348	169	3	25	27	0	-32	29	36
1350	169	4	-25	25	0	-32	-29	-36
1352	170	1	-25	27	29	29	0	-36
1356	170	3	22	26	-29	31	0	-36
1360	171	1	24	0	26	-31	0	0
1364	171	3	-24	0	28	-31	0	0
1366	171	4	23	0	-28	-31	0	0
1367	171	4.5	22	0	-28	-31	0	0
1368	172	1	21	28	-28	32	0	0
1370	172	2	-21	-28	27	-32	0	0
1371	172	2.5	-21	-28	26	31	0	0
1372	172	3	-21	-28	25	30	32	0
1376	173	1	0	25	32	29	-32	0
1380	173	3	25	27	-32	0	29	0
1382	173	4	-25	-27	-32	29	-29	0
1384	174	1	-25	-27	29	-29	32	36
1386	174	2	-25	-27	-29	25	-32	-36
1388	174	3	22	26	31	29	33	-36
1391	174	4.5	-22	-26	-31	-29	32	-36
1392	175	1	24	-26	-31	28	31	33
1394	175	2	-24	24	28	-28	-31	-33
1395	175	2.5	23	-24	29	-28	-31	-33
1395.5	175	2.75	22	-24	-29	-28	-31	-33
1396	175	3	21	25	30	-28	30	35
1397	175	3.5	-21	-25	31	-28	-30	-35
1398	175	4	-21	-25	32	25	-30	-35
1400	176	1	0	24	28	26	31	-35
1402	176	2	0	-24	31	-26	-31	-35
1404	176	3	20	-24	-31	27	29	36
1406	176	4	-20	-24	29	-27	-29	-36
1407	176	4.5	-20	-24	-29	-27	30	-36
1408	177	1	-20	-24	-29	-27	31	-36
1409	177	1.5	-20	-24	30	-27	-31	-36
1410	177	2	-20	-24	31	-27	24	-36
1411	177	2.5	-20	-24	-31	-27	25	-36
1412	177	3	24	-24	24	26	26	35
1413	177	3.5	-24	-24	25	-26	27	-35
1414	177	4	-24	-24	26	24	28	-35
1415	177	4.5	-24	-24	27	-24	29	-35
1416	178	1	21	0	28	25	30	-35
1418	178	2	-21	0	-28	-25	31	35
1420	178	3	-21	0	-28	-25	-31	35
1422	178	4	-21	0	-28	-25	30	-35
1424	179	1	24	0	-28	24	31	33
1428	179	3	-24	28	26	0	-31	-33
1432	180	1	0	27	25	0	29	0
1434	180	2	0	-27	-25	29	-29	0
1436	180	3	28	26	0	30	0	0
1438	180	4	-28	-26	0	31	0	0
1440	181	1	27	25	0	32	0	0
1442	181	2	-27	-25	29	-32	0	0
1444	181	3	26	0	30	0	0	35
1446	181	4	-26	0	31	0	0	-35
1448	182	1	25	0	32	0	0	34
1450	182	2	-25	25	-32	0	32	-34
1452	182	3	0	26	0	28	30	33
1454	182	4	0	24	0	-28	31	-33
1456	183	1	0	25	0	27	29	32
1458	183	2	25	-25	32	-27	-29	-32
1460	183	3	26	0	30	26	0	35
1462	183	4	24	0	31	-26	0	-35
1464	184	1	25	0	29	25	0	34
1466	184	2	-25	25	-29	-25	32	-34
1468	184	3	0	26	0	28	30	33
1470	184	4	0	24	0	-28	31	-33
1472	185	1	0	25	0	27	29	32
1474	185	2	0	-25	32	-27	-29	-32
1476	185	3	0	22	33	26	0	0
1478	185	4	22	-22	31	-26	29	0
1480	186	1	23	0	32	25	27	0
1482	186	2	21	0	-32	-25	28	32
1484	186	3	24	0	0	0	26	33
1486	186	4	-24	22	29	0	-26	31
1488	187	1	23	23	27	0	0	32
1490	187	2	-23	21	28	25	0	-32
1492	187	3	22	24	26	26	0	31
1494	187	4	-22	-24	-26	24	29	33
1496	188	1	0	23	0	25	30	-33
1497	188	1.5	0	-23	0	-25	-30	32
1498	188	2	0	-23	0	-25	28	32
1500	188	3	0	22	0	26	29	-32
1502	188	4	0	-22	0	-26	-29	31
1504	189	1	0	0	0	25	27	32
1506	189	2	0	0	25	-25	-27	-32
1508	189	3	0	0	29	0	25	-32
1510	189	4	25	0	-29	0	32	-32
1511	189	4.5	-25	0	28	0	-32	-32
1512	190	1	29	0	27	0	-32	0
1514	190	2	-29	22	26	0	31	0
1515	190	2.5	28	-22	-26	0	-31	0
1516	190	3	27	29	25	0	32	0
1518	190	4	-27	-29	-25	25	-32	0
1519	190	4.5	26	28	-25	-25	-32	0
1520	191	1	25	27	0	29	0	0
1522	191	2	24	26	0	-29	0	0
1523	191	2.5	-24	-26	0	28	0	0
1523.5	191	2.75	-24	-26	0	29	0	0
1524	191	3	27	25	0	30	0	0
1525	191	3.5	-27	-25	0	29	0	0
1526	191	4	26	24	0	29	0	0
1528	192	1	-26	23	0	-29	0	0
1529	192	1.5	25	-23	0	-29	0	0
1530	192	2	25	-23	25	28	0	0
1532	192	3	-25	22	26	29	0	0
1534	192	4	24	-22	-26	-29	0	29
1536	193	1	25	0	27	-29	0	36
1538	193	2	-25	0	-27	-29	25	-36
1539	193	2.5	-25	0	-27	-29	-25	35
1540	193	3	-25	0	-27	0	29	34
1542	193	4	-25	0	25	0	-29	-34
1543	193	4.5	-25	0	-25	0	28	33
1543.5	193	4.75	-25	0	-25	0	29	-33
1544	194	1	0	0	-25	0	30	32
1545	194	1.5	0	0	26	0	29	-32
1546	194	2	0	0	27	0	29	31
1548	194	3	0	0	25	0	-29	30
1550	194	4	0	0	26	0	28	-30
1552	195	1	25	0	27	0	29	29
1554	195	2	-25	27	-27	29	-29	-29
1555	195	2.5	-25	-27	28	-29	-29	-29
1556	195	3	24	26	29	-29	0	0
1557	195	3.5	-24	-26	-29	28	0	0
1558	195	4	23	25	30	28	0	0
1560	196	1	22	-25	31	-28	0	0
1562	196	2	-22	24	-31	27	0	0
1563	196	2.5	-22	-24	29	-27	0	0
1564	196	3	21	25	30	28	32	0
1568	197	1	0	-25	29	0	-32	0
1570	197	2	0	-25	27	0	-32	36
1572	197	3	0	0	-27	0	31	-36
1573	197	3.5	0	0	-27	0	-31	35
1574	197	4	0	0	28	0	30	35
1576	198	1	0	0	25	0	29	-35
1578	198	2	0	0	-25	25	-29	34
1580	198	3	0	0	0	26	28	35
1582	198	4	0	24	0	-26	31	-35
1584	199	1	0	25	0	27	29	0
1586	199	2	0	23	32	-27	30	32
1588	199	3	0	24	-32	26	28	33
1589	199	3.5	0	-24	31	-26	-28	-33
1590	199	4	24	-24	31	24	-28	-33
1591	199	4.5	-24	-24	-31	-24	-28	34
1592	200	1	25	21	30	28	0	35
1594	200	2	23	-21	32	-28	25	-35
1596	200	3	24	0	-32	24	26	33
1597	200	3.5	-24	0	31	-24	-26	-33
1598	200	4	-24	0	31	26	-26	-33
1599	200	4.5	-24	0	-31	-26	27	-33
1600	201	1	21	0	-31	25	28	0
1602	201	2	-21	25	30	-25	-28	0
1604	201	3	0	26	31	24	0	0
1606	201	4	0	24	-31	-24	28	33
1608	202	1	0	25	29	0	27	34
1610	202	2	25	-25	-29	0	25	-34
1612	202	3	26	22	0	0	29	33
1614	202	4	24	-22	29	26	-29	-33
1616	203	1	25	0	27	27	-29	32
1618	203	2	-25	0	25	-27	32	36
1620	203	3	22	0	29	26	-32	-36
1621	203	3.5	-22	0	-29	-26	-32	35
1622	203	4	-22	22	-29	-26	31	34
1623	203	4.5	-22	-22	-29	-26	-31	33
1624	204	1	0	25	-29	25	32	34
1626	204	2	0	-25	32	-25	-32	-34
1627	204	2.5	0	24	-32	-25	-32	33
1628	204	3	0	25	-32	29	0	34
1630	204	4	22	26	31	-29	0	33
1632	205	1	25	27	32	-29	0	0
1635	205	2.5	24	26	-32	-29	0	0
1636	205	3	25	25	0	-29	0	0
1638	205	4	26	24	0	-29	0	0
1640	206	1	27	25	0	0	0	0
1642	206	2	-27	22	0	29	0	0
1644	206	3	-27	23	0	-29	0	0
1646	206	4	26	-23	0	28	25	0
1647	206	4.5	25	-23	0	-28	-25	0
1648	207	1	26	22	0	31	29	33
1651	207	2.5	-26	-22	0	30	28	-33
1652	207	3	0	0	0	29	29	-33
1654	207	4	0	0	26	28	30	-33
1656	208	1	0	0	29	29	31	-33
1658	208	2	0	0	-29	26	-31	-33
1659	208	2.5	0	0	28	-26	30	-33
1660	208	3	0	0	29	0	29	-33
1662	208	4	0	0	30	0	28	-33
1664	209	1	0	0	31	0	29	0
1666	209	2	0	0	-31	0	26	33
1668	209	3	0	0	-31	0	27	-33
1670	209	4	29	0	30	0	-27	32
1671	209	4.5	-29	0	29	0	-27	-32
1672	210	1	-29	0	30	0	26	33
1674	210	2	28	0	-30	0	-26	-33
1676	210	3	29	0	29	31	0	-33
1678	210	4	22	29	-29	-31	0	-33
1680	211	1	23	-29	25	32	0	0
1682	211	2	-23	28	-25	-32	0	0
1684	211	3	22	29	0	31	0	0
1686	211	4	29	22	0	-31	0	0
1687	211	4.5	-29	-22	0	30	0	0
1687.5	211	4.75	-29	-22	0	29	0	0
1688	212	1	-29	23	0	32	0	0
1690	212	2	28	-23	0	-32	0	0
1692	212	3	29	22	0	31	0	0
1694	212	4	27	25	0	30	0	0
1695	212	4.5	-27	-25	0	29	0	0
1696	213	1	-27	-25	0	30	0	0
1697	213	1.5	26	24	0	29	0	0
1698	213	2	25	23	0	29	0	0
1699	213	2.5	24	22	0	-29	0	0
1700	213	3	25	23	0	-29	0	0
1702	213	4	-25	-23	0	28	32	0
1704	214	1	26	22	0	29	-32	0
1706	214	2	-26	-22	0	-29	31	0
1708	214	3	25	0	0	-29	32	34
1710	214	4	-25	0	32	-29	25	-34
1712	215	1	0	0	-32	0	26	35
1714	215	2	0	0	31	0	-26	-35
1716	215	3	0	0	32	0	25	34
1718	215	4	0	0	25	0	32	-34
1719	215	4.5	0	0	-25	0	-32	33
1719.5	215	4.75	0	0	-25	0	-32	32
1720	216	1	0	0	26	0	-32	35
1722	216	2	0	0	-26	0	31	-35
1724	216	3	0	0	25	0	32	34
1726	216	4	0	0	28	0	30	33
1727	216	4.5	0	0	-28	0	-30	32
1728	217	1	0	0	-28	0	-30	33
1729	217	1.5	0	0	27	0	29	32
1730	217	2	0	0	26	0	28	32
1731	217	2.5	0	0	25	0	27	-32
1732	217	3	0	0	26	0	28	-32
1734	217	4	22	0	-26	0	29	31
1736	218	1	25	0	25	29	-29	32
1737	218	1.5	-25	0	-25	-29	28	-32
1738	218	2	-25	0	32	-29	27	-32
1739	218	2.5	24	0	-32	-29	26	-32
1740	218	3	25	0	-32	-29	27	0
1742	218	4	26	22	31	-29	26	0
1744	219	1	27	25	32	-29	25	0
1746	219	2	-27	-25	-32	-29	27	0
1747	219	2.5	26	24	-32	-29	-27	0
1748	219	3	25	25	0	-29	-27	0
1750	219	4	24	26	0	-29	26	0
1752	220	1	25	27	0	0	0	0
1754	220	2	22	-27	0	29	0	0
1756	220	3	23	-27	0	-29	0	0
1758	220	4	-23	26	25	28	0	0
1759	220	4.5	-23	25	-25	-28	0	0
1760	221	1	22	26	29	31	0	33
1763	221	2.5	-22	-26	28	30	0	-33
1764	221	3	0	0	29	29	0	-33
1766	221	4	0	0	30	28	26	-33
1768	222	1	0	0	31	29	29	-33
1770	222	2	0	0	-31	26	-29	-33
1771	222	2.5	0	0	30	-26	28	-33
1772	222	3	0	0	29	0	29	-33
1774	222	4	0	0	28	0	30	-33
1776	223	1	0	0	29	0	31	0
1778	223	2	0	0	26	0	-31	33
1780	223	3	0	0	27	0	-31	-33
1782	223	4	0	29	-27	0	30	32
1783	223	4.5	0	-29	-27	0	29	-32
1784	224	1	0	-29	26	0	30	33
1786	224	2	0	28	-26	0	-30	-33
1788	224	3	0	29	0	31	29	-33
1790	224	4	29	22	0	-31	-29	-33
1792	225	1	-29	23	0	32	25	0
1794	225	2	28	-23	0	-32	-25	0
1796	225	3	29	22	0	31	0	0
1798	225	4	22	29	0	-31	0	0
1799	225	4.5	-22	-29	0	30	0	0
1799.5	225	4.75	-22	-29	0	29	0	0
1800	226	1	23	-29	0	32	0	0
1802	226	2	-23	28	0	-32	0	0
1804	226	3	22	29	0	31	0	0
1806	226	4	25	27	0	30	0	0
1807	226	4.5	-25	-27	0	29	0	0
1808	227	1	-25	-27	0	30	0	0
1809	227	1.5	24	26	0	29	0	0
1810	227	2	23	25	0	29	0	0
1811	227	2.5	22	24	0	-29	0	0
1812	227	3	23	25	0	-29	0	0
1814	227	4	-23	-25	32	28	0	0
1816	228	1	22	26	-32	29	0	0
1818	228	2	-22	-26	31	-29	0	0
1820	228	3	0	25	32	-29	0	34
1822	228	4	0	-25	25	-29	32	-34
1824	229	1	0	0	26	0	-32	35
1826	229	2	0	0	-26	0	31	-35
1828	229	3	0	0	25	0	32	34
1830	229	4	0	0	32	0	25	-34
1831	229	4.5	0	0	-32	0	-25	33
1831.5	229	4.75	0	0	-32	0	-25	32
1832	230	1	0	0	-32	0	26	35
1834	230	2	0	0	31	0	-26	-35
1836	230	3	0	0	32	0	25	34
1838	230	4	0	0	30	0	28	33
1839	230	4.5	0	0	-30	0	-28	32
1840	231	1	0	0	-30	0	-28	33
1841	231	1.5	0	0	29	0	27	32
1842	231	2	0	0	28	0	26	32
1843	231	2.5	0	0	27	0	25	-32
1844	231	3	0	0	26	0	26	-32
1846	231	4	0	0	-26	0	-26	31
1848	232	1	0	0	27	0	25	32
1852	232	3	25	0	-27	0	0	-32
1854	232	4	-25	25	34	0	0	-32
1856	233	1	-25	-25	-34	29	0	36
1858	233	2	24	26	33	-29	29	-36
1860	233	3	25	27	32	-29	27	-36
1862	233	4	-25	-27	-32	-29	25	-36
1863	233	4.5	-25	-27	31	-29	-25	-36
1864	234	1	21	25	30	28	32	37
1866	234	2	-21	-25	28	-28	-32	-37
1867	234	2.5	-21	-25	-28	-28	31	36
1868	234	3	-21	-25	32	-28	30	35
1872	235	1	0	-25	-32	29	29	34
1874	235	2	25	-25	-32	-29	25	-34
1875	235	2.5	-25	-25	-32	-29	-25	35
1876	235	3	-25	0	0	-29	27	36
1878	235	4	24	25	32	-29	-27	-36
1879	235	4.5	23	-25	-32	-29	28	37
1880	236	1	22	26	-32	-29	29	38
1882	236	2	-22	-26	31	-29	-29	-38
1883	236	2.5	-22	27	-31	-29	-29	-38
1884	236	3	21	28	32	25	30	37
1886	236	4	-21	-28	32	-25	-30	-37
1887	236	4.5	-21	-28	-32	26	-30	-37
1888	237	1	20	24	29	27	31	-37
1891	237	2.5	-20	-24	30	-27	30	-37
1892	237	3	-20	-24	31	-27	29	36
1894	237	4	-20	-24	-31	-27	27	-36
1896	238	1	24	0	28	26	28	-36
1898	238	2	-24	0	31	24	-28	-36
1900	238	3	21	0	-31	25	0	35
1902	238	4	-21	0	30	-25	28	-35
1904	239	1	0	0	31	24	-28	-35
1906	239	2	0	28	-31	-24	26	-35
1910	239	4	0	26	-31	-24	25	-35
1911	239	4.5	0	-26	-31	-24	24	-35
1912	240	1	0	-26	-31	28	24	-35
1914	240	2	28	25	-31	-28	-24	-35
1915	240	2.5	-28	24	-31	-28	-24	-35
1916	240	3	-28	24	0	0	31	-35
1918	240	4	26	-24	28	0	-31	-35
1920	241	1	-26	0	-28	28	-31	0
1922	241	2	25	0	26	-28	-31	35
1923	241	2.5	24	0	-26	-28	-31	-35
1924	241	3	24	0	-26	28	-31	-35
1926	241	4	-24	24	25	-28	-31	33
1927	241	4.5	-24	-24	24	-28	-31	-33
1928	242	1	22	-24	24	29	-31	-33
1930	242	2	24	22	-24	-29	-31	32
1931	242	2.5	-24	-22	-24	-29	-31	31
1932	242	3	-24	-22	0	-29	0	31
1934	242	4	22	21	0	-29	31	-31
1935	242	4.5	-22	20	0	-29	-31	-31
1936	243	1	-22	20	0	-29	-31	0
1938	243	2	21	-20	31	-29	29	0
1939	243	2.5	20	-20	-31	-29	-29	0
1940	243	3	20	24	-31	-29	-29	0
1942	243	4	-20	-24	29	-29	28	38
1943	243	4.5	-20	-24	-29	-29	27	-38
1944	244	1	-20	-24	-29	0	27	-38
1946	244	2	-20	-24	28	0	-27	36
1947	244	2.5	-20	-24	27	0	-27	-36
1948	244	3	-20	-24	27	0	31	-36
1950	244	4	-20	-24	-27	29	-31	35
1951	244	4.5	-20	-24	-27	-29	-31	34
1952	245	1	0	-24	0	-29	-31	33
1954	245	2	24	-24	24	28	-31	-33
1955	245	2.5	-24	-24	25	-28	-31	-33
1956	245	3	-24	0	26	29	0	0
1957	245	3.5	-24	0	27	-29	0	0
1958	245	4	23	25	28	30	0	0
1960	246	1	22	-25	-28	31	0	0
1962	246	2	-22	24	27	-31	0	0
1964	246	3	21	25	28	30	0	0
1966	246	4	-21	26	-28	-30	0	0
1968	247	1	27	27	25	29	0	0
1970	247	2	-27	-27	-25	25	29	32
1972	247	3	0	26	0	28	-29	-32
1974	247	4	0	-26	0	26	28	31
1976	248	1	0	25	0	27	29	32
1978	248	2	25	-25	0	-27	30	-32
1979	248	2.5	-25	24	0	-27	-30	-32
1980	248	3	-25	22	0	26	31	33
1982	248	4	24	-22	29	-26	-31	-33
1984	249	1	25	0	-29	0	30	34
1986	249	2	26	0	28	0	-30	33
1988	249	3	27	0	29	0	29	-33
1990	249	4	-27	25	-29	0	29	32
1992	250	1	26	28	30	0	-29	33
1994	250	2	-26	26	-30	0	28	-33
1996	250	3	22	-26	31	0	29	-33
1998	250	4	-22	24	-31	0	-29	-33
1999	250	4.5	-22	-24	30	0	-29	-33
2000	251	1	27	25	29	0	29	0
2002	251	2	-27	-25	27	25	-29	0
2003	251	2.5	-27	-25	28	-25	-29	0
2004	251	3	26	22	29	-25	-29	0
2005	251	3.5	-26	-22	30	-25	-29	0
2006	251	4	-26	-22	31	24	29	0
2008	252	1	25	27	0	25	29	0
2010	252	2	-25	-27	27	-25	-29	32
2011	252	2.5	24	-27	28	-25	-29	-32
2012	252	3	22	26	29	26	29	-32
2013	252	3.5	-22	-26	30	-26	-29	-32
2014	252	4	-22	-26	31	-26	-29	31
2016	253	1	0	25	29	27	-29	32
2018	253	2	0	-25	32	-27	-29	-32
2019	253	2.5	0	24	-32	-27	-29	-32
2020	253	3	0	22	-32	26	-29	33
2022	253	4	22	-22	31	-26	-29	-33
2024	254	1	25	0	32	25	0	34
2026	254	2	-25	0	-32	-25	29	-34
2027	254	2.5	24	0	-32	-25	-29	-34
2028	254	3	23	0	0	-25	32	-34
2030	254	4	-23	0	25	-25	-32	32
2031	254	4.5	22	0	-25	-25	31	-32
2032	255	1	21	0	32	-25	30	32
2034	255	2	20	24	-32	-25	29	-32
2035	255	2.5	-20	-24	31	-25	-29	-32
2036	255	3	21	25	30	-25	28	-32
2038	255	4	-21	-25	-30	-25	25	-32
2039	255	4.5	-21	24	29	-25	-25	-32
2040	256	1	-21	23	28	-25	28	-32
2042	256	2	-21	21	30	-25	-28	-32
2044	256	3	-21	23	-30	-25	-28	-32
2045	256	3.5	-21	-23	29	-25	-28	-32
2046	256	4	-21	-23	28	-25	-28	-32
2048	257	1	18	22	-28	-25	29	-32
2050	257	2	-18	-22	27	-25	-29	-32
2051	257	2.5	-18	-22	26	-25	-29	-32
2052	257	3	-18	-22	27	-25	-29	-32
2055	257	4.5	-18	-22	28	-25	-29	-32
2056	258	1	-18	-22	29	-25	27	-32
*-	*-	*-	*-	*-	*-	*-	*-	*-
