**absq	**bar	**beat	**b7	**b7	**b7	**b7	**b7
0	1	1	21	28	28	0	35
12	1	1	24	26	-28	0	-35
18	2	1	24	-26	31	0	33
24	2	1	-24	28	-31	0	-33
30	2	1	21	-28	30	0	32
36	3	1	-21	28	0	0	-32
40	3	1	-21	-28	30	0	-32
42	3	1	-21	30	-30	0	35
43	3	1	-21	-30	31	0	-35
44	3	1	-21	-30	32	0	-35
46	3	1	-21	-30	33	0	35
48	3	1	-21	28	-33	0	35
49	3	1	-21	-28	32	0	-35
50	3	1	-21	-28	32	0	37
52	3	1	-21	-28	35	0	-37
54	4	1	25	29	-35	0	36
55	4	1	-25	-29	34	0	-36
56	4	1	-25	-29	34	0	36
58	4	1	-25	30	32	0	-36
59	4	1	-25	-30	-32	0	35
60	4	1	0	31	33	0	36
62	4	1	0	-31	-33	0	35
63	4	1	0	30	-33	0	-35
64	4	1	0	29	31	0	38
66	4	1	0	28	32	0	-38
67	4	1	0	-28	-32	0	37
68	4	1	0	32	-32	0	37
69	4	1	0	-32	33	0	-37
70	4	1	0	-32	34	0	-37
71	4	1	0	-32	35	0	36
72	5	1	0	31	33	0	36
74	5	1	0	32	32	0	37
76	5	1	0	28	30	0	-37
77	5	1	0	-28	-30	0	36
78	5	1	0	-28	32	0	35
80	5	1	0	29	-32	0	-35
82	5	1	0	-29	31	0	34
84	5	1	0	28	32	0	35
90	6	1	0	-28	0	0	35
94	6	1	0	-28	32	0	37
96	6	1	0	25	32	0	-37
98	6	1	0	-25	-32	0	36
101	6	1	0	-25	-32	0	35
102	6	1	0	29	31	0	34
104	6	1	0	-29	-31	0	33
106	6	1	0	-29	-31	0	36
108	7	1	0	25	32	0	34
110	7	1	0	-25	-32	0	36
112	7	1	0	-25	32	0	-36
113	7	1	0	-25	-32	0	37
114	7	1	0	0	33	0	38
116	7	1	0	25	34	0	39
118	7	1	0	26	35	0	37
120	7	1	0	27	34	0	36
122	7	1	0	28	32	0	39
124	7	1	0	-28	35	0	-39
125	7	1	0	-28	-35	0	38
126	8	1	0	28	-35	0	37
127	8	1	0	-28	34	0	36
128	8	1	0	-28	33	0	37
129	8	1	0	-28	32	0	-37
130	8	1	0	28	33	0	35
132	8	1	0	25	32	0	34
134	8	1	0	27	31	0	36
136	8	1	0	-27	32	0	-36
137	8	1	0	-27	-32	0	35
138	8	1	0	28	30	0	35
140	8	1	0	25	29	0	-35
142	8	1	0	-25	-29	0	34
144	9	1	21	0	28	0	35
148	9	1	-21	25	-28	0	-35
150	9	1	24	26	-28	0	0
154	9	1	-24	26	-28	0	0
156	9	1	-24	24	-28	0	35
158	9	1	-24	26	-28	0	-35
161	9	1	-24	27	-28	0	-35
162	10	1	21	28	30	32	35
166	10	1	-21	-28	-30	-32	37
170	10	1	-21	-28	-30	-32	37
172	10	1	-21	-28	-30	-32	37
174	10	1	21	28	-30	-32	37
176	10	1	-21	-28	-30	-32	37
179	10	1	-21	-28	-30	-32	36
180	11	1	25	29	32	34	36
186	11	1	-25	27	-32	-34	39
189	11	1	-25	-27	-32	-34	38
190	11	1	-25	28	-32	-34	37
192	11	1	25	29	-32	-34	36
195	11	1	-25	-29	-32	-34	34
198	12	1	22	29	31	36	33
202	12	1	-22	-29	-31	-36	33
204	12	1	-22	-29	-31	-36	33
206	12	1	-22	-29	-31	-36	33
210	12	1	22	29	-31	-36	33
212	12	1	-22	-29	-31	-36	33
216	13	1	26	30	30	35	33
222	13	1	-26	28	31	-35	0
228	13	1	-26	0	-31	-35	33
232	13	1	-26	28	-31	-35	-33
234	14	1	25	29	32	34	36
244	14	1	-25	-29	-32	-34	34
246	14	1	21	30	-32	37	35
248	14	1	-21	-30	-32	-37	32
252	15	1	21	28	32	-37	35
255	15	1	-21	-28	-32	-37	36
256	15	1	-21	-28	-32	-37	37
258	15	1	-21	28	-32	-37	-37
259	15	1	-21	-28	-32	-37	38
260	15	1	-21	-28	-32	-37	39
264	15	1	-21	-28	32	-37	39
266	15	1	-21	-28	-32	-37	38
268	15	1	-21	-28	-32	-37	37
270	16	1	25	29	32	36	36
271	16	1	-25	-29	-32	-36	35
272	16	1	-25	-29	-32	-36	34
274	16	1	-25	-29	32	-36	34
276	16	1	26	0	30	35	-34
277	16	1	-26	0	-30	-35	33
278	16	1	-26	0	33	-35	33
281	16	1	-26	0	32	-35	-33
282	16	1	-26	0	31	-35	-33
284	16	1	-26	0	30	-35	0
286	16	1	-26	0	-30	-35	37
288	17	1	22	33	29	36	38
294	17	1	22	31	-29	-36	36
298	17	1	25	29	-29	-36	34
300	17	1	-25	-29	0	-36	35
302	17	1	24	29	0	-36	38
305	17	1	-24	-29	0	-36	37
306	18	1	21	28	32	0	37
310	18	1	-21	28	-32	0	-37
312	18	1	21	25	32	0	-37
314	18	1	-21	28	-32	0	-37
316	18	1	-21	-28	33	0	0
317	18	1	-21	27	-33	0	0
318	18	1	0	26	35	0	37
320	18	1	0	25	34	0	-37
322	18	1	0	26	33	0	-37
324	19	1	21	28	32	0	37
326	19	1	-21	-28	33	0	-37
327	19	1	-21	-28	-33	0	36
328	19	1	24	-28	-33	0	35
330	19	1	25	0	32	0	34
332	19	1	22	29	31	0	33
334	19	1	-22	-29	-31	0	36
336	19	1	26	30	30	0	-36
338	19	1	-26	-30	-30	0	35
340	19	1	-26	28	-30	0	-35
342	20	1	25	29	32	36	34
344	20	1	-25	27	-32	-36	-34
346	20	1	-25	29	-32	-36	-34
348	20	1	-25	29	29	36	-34
350	20	1	-25	32	-29	-36	-34
352	20	1	-25	-32	32	37	34
353	20	1	-25	31	-32	-37	-34
354	20	1	0	30	-32	39	35
355	20	1	0	-30	33	-39	-35
356	20	1	0	29	34	-39	36
357	20	1	0	-29	-34	38	-36
358	20	1	0	28	35	37	33
360	21	1	0	-28	32	36	36
361	21	1	0	27	-32	-36	-36
362	21	1	0	28	30	37	35
364	21	1	0	29	31	-37	33
365	21	1	0	-29	-31	36	-33
366	21	1	0	27	32	36	34
368	21	1	0	28	30	35	33
370	21	1	0	25	-30	-35	-33
371	21	1	0	-25	29	34	32
372	21	1	0	27	29	32	32
374	21	1	0	26	-29	33	-32
376	21	1	0	-26	28	-33	31
377	21	1	0	-26	-28	32	-31
378	22	1	25	25	29	34	32
384	22	1	-25	29	32	0	0
388	22	1	-25	29	-32	0	0
390	22	1	-25	27	32	0	36
394	22	1	-25	28	-32	0	35
396	23	1	-25	29	32	36	34
400	23	1	-25	-29	-32	35	35
402	23	1	-25	0	-32	34	36
404	23	1	-25	0	-32	-34	37
406	23	1	-25	0	-32	35	-37
407	23	1	-25	0	-32	-35	36
408	23	1	25	27	29	36	36
412	23	1	-25	28	30	35	0
414	24	1	25	29	32	34	36
416	24	1	-25	-29	-32	36	-36
417	24	1	-25	-29	-32	-36	37
418	24	1	22	29	31	-36	38
419	24	1	-22	-29	-31	35	-38
420	24	1	25	25	32	34	39
422	24	1	22	29	33	33	-39
423	24	1	-22	-29	-33	-33	38
424	24	1	-22	-29	29	-33	38
426	24	1	0	30	0	32	39
428	24	1	0	28	32	-32	37
430	24	1	0	-28	33	-32	-37
431	24	1	0	-28	-33	-32	36
432	25	1	0	29	31	0	36
434	25	1	0	26	30	0	-36
436	25	1	0	-26	-30	0	35
438	25	1	25	27	29	36	36
442	25	1	-25	26	29	35	0
444	25	1	-25	27	29	34	36
446	25	1	-25	25	-29	-34	-36
447	25	1	-25	-25	30	-34	-36
448	25	1	26	0	31	35	35
450	26	1	25	29	32	36	34
452	26	1	22	-29	33	-36	33
454	26	1	24	-29	31	35	-33
455	26	1	-24	-29	-31	-35	32
456	26	1	25	29	29	34	32
458	26	1	22	-29	0	33	33
460	26	1	25	27	0	-33	34
461	26	1	-25	-27	0	32	-34
462	26	1	27	29	0	32	32
464	26	1	26	-29	0	-32	33
465	26	1	-26	28	0	-32	-33
466	26	1	-26	28	0	31	-33
467	26	1	-26	-28	0	-31	32
468	27	1	25	29	32	32	34
472	27	1	-25	29	31	-32	-34
474	27	1	26	28	30	0	35
476	27	1	-26	26	-30	0	-35
478	27	1	-26	28	31	0	-35
480	27	1	25	29	32	0	34
482	27	1	-25	29	-32	0	-34
484	27	1	22	-29	31	0	-34
485	27	1	-22	28	-31	0	-34
486	28	1	25	27	30	0	0
488	28	1	24	26	29	0	0
492	28	1	23	25	28	0	0
494	28	1	22	-25	-28	0	0
495	28	1	-22	24	27	0	0
496	28	1	-22	24	27	0	36
498	28	1	21	25	28	0	37
500	28	1	-21	-25	-28	0	35
502	28	1	-21	28	-28	0	37
506	29	1	25	29	0	0	36
509	29	1	-25	-29	0	0	35
510	29	1	25	29	32	0	34
512	29	1	23	28	-32	0	37
513	29	1	21	-28	-32	0	-37
514	29	1	22	26	31	0	36
515	29	1	-22	27	-31	0	-36
516	29	1	21	28	30	0	37
518	29	1	-21	30	-30	0	39
520	29	1	22	29	31	0	-39
521	29	1	-22	-29	-31	0	38
522	30	1	23	0	32	0	37
523	30	1	24	0	-32	0	-37
524	30	1	25	29	-32	0	34
525	30	1	-25	-29	-32	0	35
526	30	1	22	27	31	0	36
528	30	1	21	28	32	0	37
530	30	1	20	29	-32	0	36
532	30	1	21	30	30	0	-36
533	30	1	-21	-30	-30	0	35
534	30	1	-21	-30	28	0	35
535	30	1	-21	31	-28	0	-35
536	30	1	25	32	29	0	-35
538	30	1	-25	-32	-29	0	34
540	31	1	21	32	28	32	35
558	32	1	0	0	0	0	0
558	32	1	0	28	28	0	35
562	32	2	0	28	30	0	35
564	32	2.5	0	27	-30	0	-35
566	32	3	0	26	31	0	35
570	33	1	0	25	32	0	34
574	33	2	0	-25	34	0	36
578	33	3	0	25	-34	0	-36
580	33	3.5	0	-25	33	0	-36
582	34	1	0	26	33	0	35
586	34	2	0	29	-33	0	38
590	34	3	0	-29	33	0	-38
592	34	3.5	0	-29	-33	0	37
593	34	3.75	0	-29	34	0	-37
594	35	1	0	28	35	0	37
596	35	1.5	0	-28	35	0	-37
598	35	2	0	25	-35	0	36
599	35	2.25	0	-25	34	0	-36
600	35	2.5	0	-25	34	0	-36
602	35	3	0	0	33	0	37
604	35	3.5	0	28	32	0	-37
606	36	1	0	-28	33	0	-37
608	36	1.5	0	29	-33	0	38
610	36	2	0	-29	29	0	-38
611	36	2.25	0	-29	-29	0	37
612	36	2.5	0	27	-29	0	36
614	36	3	0	26	30	0	-36
616	36	3.5	0	-26	-30	0	35
618	37	1	0	27	29	0	36
621	37	1.75	0	25	-29	0	-36
622	37	2	0	25	32	0	-36
626	37	3	0	-25	-32	0	34
630	38	1	0	25	34	0	36
634	38	2	0	29	33	0	38
638	38	3	0	30	32	0	37
640	38	3.5	0	28	-32	0	37
642	39	1	0	-28	35	0	-37
643	39	1.25	0	27	-35	0	36
644	39	1.5	0	26	-35	0	35
646	39	2	0	25	34	0	36
648	39	2.5	0	28	32	0	37
650	39	3	0	-28	33	0	35
652	39	3.5	0	29	-33	0	34
653	39	3.75	0	-29	32	0	-34
654	40	1	0	30	32	0	-34
655	40	1.25	0	-30	-32	0	33
656	40	1.5	0	-30	-32	0	32
657	40	1.75	0	31	31	0	-32
658	40	2	0	32	30	0	-32
660	40	2.5	0	30	32	0	35
662	40	3	0	29	-32	0	-35
664	40	3.5	0	-29	31	0	34
666	41	1	21	28	32	0	35
670	41	2	-21	25	30	0	0
672	41	2.5	-21	28	31	0	0
674	41	3	0	-28	32	0	37
676	41	3.5	0	27	-32	0	-37
678	42	1	21	25	32	0	37
682	42	2	23	-25	-32	0	-37
684	42	2.5	25	-25	-32	0	-37
686	42	3	24	22	33	0	36
688	42	3.5	23	-22	-33	0	-36
689	42	3.75	-23	-22	-33	0	35
690	43	1	24	0	-33	0	35
692	43	1.5	-24	0	-33	0	33
694	43	2	25	0	32	0	34
698	43	3	25	25	-32	0	-34
700	43	3.5	0	-25	-32	0	36
702	44	1	25	27	32	0	-36
703	44	1.25	-25	-27	-32	0	35
704	44	1.5	-25	29	-32	0	34
706	44	2	26	28	30	0	33
708	44	2.5	25	27	-30	0	33
709	44	2.75	24	-27	-30	0	-33
710	44	3	23	28	-30	0	-33
711	44	3.25	-23	-28	-30	0	32
712	44	3.5	-23	-28	-30	0	32
714	45	1	22	29	0	0	31
717	45	1.75	-22	-29	0	0	32
718	45	2	24	29	0	0	33
720	45	2.5	25	-29	0	0	-33
722	45	3	26	0	28	0	-33
724	45	3.5	-26	0	-28	0	35
726	46	1	25	27	30	0	34
728	46	1.5	24	-27	32	0	32
729	46	1.75	23	28	-32	0	-32
730	46	2	22	29	31	0	33
732	46	2.5	25	27	30	0	34
734	46	3	26	28	31	0	33
737	46	3.75	-26	-28	-31	0	32
738	47	1	25	29	32	0	34
742	47	2	-25	-29	32	0	0
746	47	3	-25	27	0	0	32
748	47	3.5	-25	-27	29	0	-32
750	48	1	0	25	32	0	34
752	48	1.5	0	-25	-32	0	36
753	48	1.75	0	-25	31	0	-36
754	48	2	0	26	30	0	35
756	48	2.5	0	-26	29	0	34
758	48	3	0	-26	30	0	35
762	49	1	0	27	29	0	36
766	49	2	0	25	32	0	36
770	49	3	0	-25	-32	32	0
774	50	1	0	0	0	34	36
776	50	1.5	0	0	0	36	-36
778	50	2	0	0	33	35	37
780	50	2.5	0	0	-33	34	-37
782	50	3	0	0	-33	35	-37
784	50	3.5	0	0	32	-35	36
785	50	3.75	0	0	-32	-35	35
786	51	1	25	29	32	36	34
794	51	3	-25	29	32	0	34
796	51	3.5	-25	-29	31	36	-34
798	52	1	-25	27	29	36	32
802	52	2	21	28	28	37	32
806	52	3	-21	-28	30	39	-32
808	52	3.5	-21	-28	31	-39	33
809	52	3.75	-21	-28	-31	38	-33
810	53	1	0	0	32	37	34
812	53	1.5	0	0	-32	36	-34
814	53	2	21	28	-32	37	35
822	54	1	20	0	-32	36	36
826	54	2	21	28	-32	35	37
832	54	3.5	-21	-28	-32	-35	36
834	55	1	25	29	0	34	36
842	55	3	-25	27	32	0	39
846	56	1	28	30	32	0	39
848	56	1.5	-28	-30	33	0	-39
849	56	1.75	-28	-30	-33	0	38
850	56	2	-28	-30	35	0	37
852	56	2.5	-28	-30	-35	0	36
853	56	2.75	-28	-30	34	0	-36
854	56	3	28	26	33	0	37
856	56	3.5	-28	-26	32	0	-37
857	56	3.75	27	-26	-32	0	-37
858	57	1	26	0	33	0	35
860	57	1.5	22	0	-33	0	38
862	57	2	23	0	30	0	-38
863	57	2.25	-23	0	-30	0	37
864	57	2.5	21	0	32	0	37
866	57	3	22	0	31	0	-37
868	57	3.5	-22	0	-31	0	36
870	58	1	0	0	30	34	37
874	58	2	23	0	0	34	-37
876	58	2.5	-23	0	30	34	-37
878	58	3	-23	0	30	34	0
880	58	3.5	-23	0	30	34	0
882	59	1	21	0	30	35	37
884	59	1.5	-21	0	28	-35	-37
885	59	1.75	-21	0	-28	34	-37
886	59	2	0	0	29	33	38
888	59	2.5	0	0	30	32	37
890	59	3	0	0	31	33	-37
891	59	3.25	0	0	-31	-33	36
892	59	3.5	0	0	-31	-33	36
894	60	1	23	0	30	34	37
897	60	1.75	-23	0	-30	-34	36
898	60	2	24	0	33	0	35
899	60	2.25	-24	0	-33	0	34
900	60	2.5	-24	0	-33	0	35
901	60	2.75	-24	0	32	0	-35
902	60	3	25	0	32	0	34
904	60	3.5	-25	0	-32	0	37
905	60	3.75	24	0	-32	0	-37
905.5	60	3.875	23	0	-32	0	-37
906	61	1	22	0	33	0	38
908	61	1.5	21	0	-33	0	37
909	61	1.75	-21	0	32	0	-37
910	61	2	22	0	31	0	-37
911	61	2.25	-22	0	-31	0	36
912	61	2.5	-22	0	29	0	36
914	61	3	26	0	30	0	-36
916	61	3.5	-26	0	-30	0	35
918	62	1	27	0	29	36	36
920.667	62	1.66667	-27	0	-29	36	-36
922	62	2	25	0	32	36	0
924.667	62	2.66667	-25	0	32	37	0
926	62	3	25	0	32	39	34
928.667	62	3.66667	-25	0	33	38	33
930	63	1	0	0	35	37	33
934	63	1	0	0	34	36	36
936	63	1	0	0	33	37	-36
938	63	1	0	0	-33	37	35
940	63	1	0	0	33	-37	-35
942	63	1	0	0	29	36	36
946	63	1	0	0	29	0	0
948	64	1	0	0	32	36	34
952	64	1	0	0	0	35	35
954	64	1	0	0	32	34	36
958	64	1	0	0	30	35	35
960	64	1	0	0	29	36	34
962	64	1	0	0	31	-36	33
964	64	1	0	0	-31	35	-33
966	65	1	0	0	32	34	32
968	65	1	0	0	30	-34	-32
970	65	1	0	0	32	32	30
972	65	1	0	0	-32	33	29
974	65	1	0	0	31	33	-29
978	65	1	0	0	32	32	36
982	65	1	0	0	31	-32	36
984	66	1	0	0	32	0	37
986	66	1	0	0	-32	0	36
988	66	1	0	0	30	0	-36
989	66	1	0	0	-30	0	35
990	66	1	0	0	28	0	35
992	66	1	0	0	29	0	-35
994	66	1	0	0	-29	0	34
996	66	1	0	28	28	0	35
1000	66	1	0	29	0	0	0
1002	67	1	0	30	28	32	35
1006	67	1	0	31	-28	33	-35
1008	67	1	0	29	25	34	36
1012	67	1	0	29	-25	34	-36
1014	67	1	0	28	32	35	37
1018	67	1	0	26	31	35	35
1020	68	1	0	25	32	34	36
1024	68	1	0	29	31	34	34
1026	68	1	0	-29	29	35	33
1028	68	1	0	28	30	33	35
1030	68	1	0	29	-30	-33	34
1031	68	1	0	-29	29	32	-34
1032	68	1	0	27	29	32	32
1034	68	1	0	26	-29	-32	33
1036	68	1	0	-26	28	31	-33
1037	68	1	0	-26	-28	-31	32
1038	69	1	0	25	29	32	34
1044	69	1	0	25	32	0	34
1048	69	1	0	-25	33	0	35
1050	69	1	0	-25	34	0	36
1054	69	1	0	-25	34	0	36
1056	70	1	0	0	35	0	37
1058	70	1	0	0	-35	0	37
1060	70	1	0	0	34	0	-37
1062	70	1	0	25	34	0	36
1066	70	1	0	-25	34	0	37
1068	70	1	0	26	35	0	-37
1070	70	1	0	-26	33	0	35
1072	70	1	0	27	-33	0	36
1073	70	1	0	-27	32	0	-36
1074	71	1	0	25	32	0	34
1076	71	1	0	29	-32	0	33
1078	71	1	0	-29	31	0	-33
1080	71	1	0	25	32	0	32
1086	71	1	25	0	32	34	0
1088	71	1	-25	0	-32	-34	36
1090	71	1	24	0	-32	33	-36
1092	72	1	23	0	0	32	37
1096	72	1	24	0	0	-32	36
1098	72	1	25	0	0	34	36
1102	72	1	23	0	0	35	39
1104	72	1	22	0	0	36	-39
1106	72	1	-22	0	0	-36	38
1108	72	1	22	0	0	36	36
1110	73	1	26	0	0	37	-36
1112	73	1	26	0	0	-37	35
1114	73	1	-26	0	0	37	-35
1115	73	1	-26	0	0	-37	34
1116	73	1	22	0	0	36	36
1120	73	1	0	0	0	36	-36
1122	73	1	25	29	0	34	36
1126	73	1	26	-29	0	35	-36
1128	74	1	27	29	0	36	0
1132	74	1	27	27	0	36	0
1134	74	1	28	26	0	37	0
1138	74	1	28	28	0	37	0
1140	74	1	27	29	0	36	0
1142	74	1	26	30	0	-36	0
1144	74	1	-26	31	0	35	0
1146	75	1	25	32	0	34	0
1148	75	1	24	29	0	33	0
1150	75	1	25	-29	0	-33	0
1151	75	1	-25	-29	0	32	0
1152	75	1	-25	27	0	32	0
1154	75	1	26	28	0	-32	0
1156	75	1	-26	-28	0	31	0
1158	75	1	25	29	0	32	36
1160	75	1	-25	27	0	-32	-36
1163	75	1	-25	26	0	-32	-36
1164	76	1	21	28	30	0	37
1168	76	1	-21	-28	29	0	35
1170	76	1	-21	-28	28	0	37
1174	76	1	-21	-28	0	0	38
1176	76	1	-21	28	30	0	39
1180	76	1	-21	29	31	0	38
1182	77	1	0	30	32	0	37
1184	77	1	0	-30	-32	0	36
1186	77	1	0	28	32	0	37
1188	77	1	0	-28	33	0	37
1190	77	1	0	31	-33	0	36
1192	77	1	0	32	33	0	-36
1193	77	1	0	-32	-33	0	35
1194	77	1	0	30	32	0	35
1196	77	1	0	29	-32	0	-35
1198	77	1	0	-29	31	0	34
1200	78	1	0	28	32	0	35
1204	78	1	0	0	32	0	0
1206	78	1	0	28	30	0	32
1210	78	1	0	26	31	0	33
1212	78	1	0	25	32	0	34
1214	78	1	0	-25	33	0	-34
1215	78	1	0	-25	-33	0	35
1216	78	1	0	24	-33	0	36
1218	79	1	0	25	32	0	34
1220	79	1	0	26	-32	0	35
1222	79	1	0	-26	31	0	-35
1223	79	1	0	-26	-31	0	36
1224	79	1	0	25	32	0	37
1226	79	1	0	-25	-32	0	36
1227	79	1	0	26	-32	0	-36
1228	79	1	0	27	31	0	-36
1229	79	1	0	-27	-31	0	35
1230	79	1	0	28	30	0	35
1232	79	1	0	25	29	0	-35
1234	79	1	0	-25	-29	0	34
1236	80	1	21	0	28	0	35
1240	80	2	21	28	30	0	35
1243	80	2.75	-21	-28	30	0	34
1244	80	3	21	-28	30	0	32
1246	80	3.5	-21	28	30	0	33
1248	81	1	24	-28	31	0	-33
1249	81	1.25	-24	29	-31	0	34
1250	81	1.5	23	30	32	0	35
1252	81	2	22	31	33	0	36
1254	81	2.5	-22	29	31	0	38
1256	81	3	21	30	32	0	37
1258	81	3.5	-21	-30	-32	0	39
1259	81	3.75	-21	29	-32	0	-39
1260	82	1	21	28	30	32	-39
1261	82	1.25	-21	-28	-30	-32	38
1262	82	1.5	-21	-28	32	-32	37
1264	82	2	0	29	31	-32	36
1266	82	2.5	21	32	30	-32	35
1268	82	3	25	-32	29	-32	-35
1270	82	3.5	-25	-32	-29	-32	34
1272	83	1	21	30	28	-32	35
1284	84	1	0	0	0	0	0
1284	84	1	0	0	28	0	0
1292	84	3	0	0	32	0	32
1300	84	5	0	0	32	0	36
1308	85	1	0	0	32	0	36
1312	85	2	0	0	-32	0	36
1314	85	2.5	0	0	31	0	-36
1316	85	3	0	0	32	0	37
1320	85	4	0	0	34	0	36
1324	85	5	0	0	-34	0	35
1326	85	5.5	0	0	33	0	-35
1328	85	6	0	0	33	0	35
1332	86	1	0	0	31	0	36
1336	86	2	0	0	33	0	35
1340	86	3	21	28	32	32	37
1344	86	4	-21	-28	35	-32	-37
1348	86	5	25	29	-35	-32	36
1350	86	5.5	-25	-29	34	-32	-36
1352	86	6	-25	-29	34	-32	36
1356	87	1	-25	29	-34	36	-36
1360	87	2	-25	-29	34	-36	39
1364	87	3	25	-29	32	-36	-39
1368	87	4	-25	-29	32	-36	38
1370	87	4.5	-25	-29	-32	-36	37
1372	87	5	-25	-29	-32	36	36
1374	87	5.5	-25	-29	31	-36	-36
1375	87	5.75	-25	-29	30	-36	-36
1376	87	6	-25	-29	29	-36	-36
1380	88	1	0	0	28	0	0
1384	88	2	0	0	32	0	32
1388	88	3	0	0	-32	0	36
1390	88	3.5	0	0	31	0	-36
1392	88	4	0	0	32	0	36
1396	88	5	0	0	32	0	37
1400	88	6	0	0	34	0	36
1404	89	1	0	0	-34	0	35
1406	89	1.5	0	0	33	0	-35
1408	89	2	0	0	33	0	-35
1412	89	3	0	0	-33	0	34
1416	89	4	0	0	32	0	-34
1420	89	5	0	0	33	0	33
1424	89	6	0	0	-33	0	35
1428	90	1	0	0	31	0	-35
1430	90	1.5	0	0	-31	0	36
1432	90	2	0	0	32	0	37
1436	90	3	0	0	-32	0	37
1438	90	3.5	0	0	31	0	-37
1440	90	4	0	0	31	0	-37
1442	90	4.5	0	0	-31	0	36
1444	90	5	0	0	-31	0	36
1448	90	6	0	0	31	0	38
1452	91	1	0	0	32	0	37
1456	91	2	0	0	31	0	36
1460	91	3	0	0	28	0	37
1462	91	3.5	0	0	-28	0	37
1465	91	4.25	0	0	-28	0	36
1466	91	4.5	0	0	30	0	35
1468	91	5	0	0	29	0	34
1474	91	6.5	0	0	-29	0	33
1476	92	1	0	0	28	0	35
1480	92	2	0	0	30	0	35
1484	92	3	25	29	29	36	34
1486	92	3.5	-25	-29	-29	-36	36
1488	92	4	-25	-29	32	-36	-36
1489	92	4.25	-25	-29	-32	-36	35
1490	92	4.5	-25	-29	-32	-36	34
1491	92	4.75	-25	-29	-32	-36	33
1492	92	5	-25	-29	-32	-36	32
1496	92	6	-25	-29	-32	34	34
1500	93	1	26	28	31	35	33
1504	93	2	-26	-28	30	37	35
1508	93	3	25	29	32	-37	34
1510	93	3.5	-25	-29	-32	36	-34
1511	93	3.75	-25	-29	-32	35	-34
1512	93	4	-25	-29	-32	34	32
1514	93	4.5	-25	30	-32	-34	-32
1516	93	5	24	31	33	33	0
1518	93	5.5	-24	-31	-33	-33	35
1520	93	6	24	-31	-33	35	-35
1522	93	6.5	-24	-31	-33	-35	36
1524	94	1	24	0	33	-35	38
1528	94	2	-24	31	-33	36	-38
1530	94	2.5	-24	-31	34	-36	37
1532	94	3	21	32	35	35	37
1536	94	4	-21	30	35	37	35
1540	94	5	25	32	-35	-37	36
1542	94	5.5	-25	-32	34	36	-36
1544	94	6	-25	-32	34	36	39
1546	94	6.5	-25	31	-34	-36	-39
1547	94	6.75	-25	30	-34	-36	-39
1548	95	1	25	29	32	-36	-39
1550	95	1.5	-25	-29	-32	-36	38
1552	95	2	-25	-29	34	-36	36
1556	95	3	0	0	35	0	37
1560	95	4	0	0	33	0	-37
1564	95	5	0	0	32	0	37
1566	95	5.5	0	0	33	0	-37
1568	95	6	0	0	32	0	-37
1570	95	6.5	0	0	30	0	-37
1572	96	1	0	0	-30	0	37
1574	96	1.5	0	0	32	0	-37
1576	96	2	0	0	-32	0	36
1578	96	2.5	0	0	30	0	37
1580	96	3	0	0	32	0	36
1582	96	3.5	0	0	-32	0	34
1586	96	4.5	0	0	31	0	36
1588	96	5	0	0	32	0	-36
1589	96	5.25	0	0	-32	0	35
1590	96	5.5	0	0	30	0	35
1592	96	6	0	0	29	0	-35
1594	96	6.5	0	0	-29	0	34
1596	97	1	21	30	28	32	35
1604	97	3	25	29	27	-32	36
1608	97	4	-25	-29	-27	-32	36
1610	97	4.5	-25	-29	28	-32	-36
1612	97	5	-25	-29	29	36	-36
1614	97	5.5	-25	-29	-29	-36	35
1616	97	6	-25	-29	32	-36	34
1618	97	6.5	-25	-29	-32	-36	33
1620	98	1	25	29	-32	-36	34
1622	98	1.5	-25	-29	31	-36	-34
1624	98	2	-25	-29	32	-36	-34
1628	98	3	0	0	33	0	35
1632	98	4	0	0	35	0	33
1636	98	5	0	0	-35	0	36
1638	98	5.5	0	0	34	0	-36
1640	98	6	0	0	33	0	35
1644	99	1	0	0	29	0	38
1646	99	1.5	0	0	33	0	-38
1648	99	2	0	0	-33	0	37
1650	99	2.5	0	0	31	0	38
1652	99	3	0	0	33	0	37
1654	99	3.5	0	0	-33	0	35
1658	99	4.5	0	0	32	0	37
1660	99	5	0	0	33	0	-37
1661	99	5.25	0	0	-33	0	36
1662	99	5.5	0	0	31	0	36
1664	99	6	0	0	30	0	-36
1666	99	6.5	0	0	-30	0	35
1668	100	1	25	29	29	36	36
1672	100	2	-25	-29	32	-36	34
1676	100	3	21	28	-32	37	35
1678	100	3.5	-21	-28	31	-37	-35
1680	100	4	25	27	32	36	36
1684	100	5	26	28	30	-36	33
1686	100	5.5	-26	-28	-30	35	-33
1688	100	6	-26	-28	33	35	-33
1690	100	6.5	-26	29	-33	-35	-33
1692	101	1	23	30	-33	34	0
1696	101	2	-23	-30	32	-34	0
1700	101	3	24	28	33	33	35
1708	101	5	22	29	0	-33	38
1712	101	6	-22	-29	33	-33	-38
1714	101	6.5	-22	-29	-33	-33	37
1716	102	1	0	0	32	0	37
1720	102	2	0	0	-32	0	36
1722	102	2.5	0	0	30	0	37
1724	102	3	0	0	31	0	36
1726	102	3.5	0	0	-31	0	34
1727	102	3.75	0	0	32	0	-34
1728	102	4	0	0	33	0	-34
1729	102	4.25	0	0	-33	0	35
1730	102	4.5	0	0	34	0	36
1732	102	5	0	0	33	0	37
1734	102	5.5	0	0	31	0	-37
1735	102	5.75	0	0	-31	0	36
1736	102	6	0	0	-31	0	36
1738	102	6.5	0	0	33	0	35
1740	103	1	0	0	-33	0	36
1741	103	1.25	0	0	32	0	-36
1742	103	1.5	0	0	32	0	34
1744	103	2	0	0	-32	0	33
1746	103	2.5	0	0	31	0	-33
1748	103	3	0	0	32	0	32
1752	103	4	0	0	-32	0	34
1756	103	5	24	28	33	35	35
1760	103	6	-24	-28	-33	-35	33
1764	104	1	-24	31	33	-35	-33
1768	104	2	22	-31	-33	36	31
1772	104	3	24	-31	33	-36	-31
1774	104	3.5	-24	-31	-33	35	30
1776	104	4	24	-31	-33	35	28
1780	104	5	24	28	31	35	0
1788	105	1	21	-28	30	35	32
1792	105	2	-21	-28	-30	37	-32
1794	105	2.5	-21	-28	-30	-37	33
1796	105	3	0	0	32	-37	34
1798	105	3.5	0	0	-32	36	35
1799	105	3.75	0	0	-32	35	-35
1800	105	4	0	0	-32	34	36
1802	105	4.5	0	0	31	-34	-36
1804	105	5	0	0	30	35	37
1808	105	6	0	0	29	36	38
1810	105	6.5	0	0	-29	-36	36
1812	106	1	0	0	32	34	-36
1814	106	1.5	0	0	-32	32	39
1816	106	2	0	0	29	33	-39
1818	106	2.5	0	0	-29	-33	38
1820	106	3	25	29	27	32	39
1824	106	4	-25	-29	29	-32	-39
1826	106	4.5	-25	-29	-29	-32	38
1828	106	5	21	30	-29	0	37
1830	106	5.5	-21	-30	28	0	-37
1832	106	6	23	-30	28	0	35
1836	107	1	22	31	-28	0	36
1840	107	2	-22	-31	27	0	-36
1842	107	2.5	-22	-31	-27	0	35
1843	107	2.75	-22	-31	-27	0	36
1844	107	3	21	30	28	35	37
1846	107	3.5	-21	-30	-28	35	-37
1848	107	4	-21	-30	-28	35	-37
1850	107	4.5	-21	31	-28	35	36
1851	107	4.75	-21	-31	-28	-35	35
1852	107	5	0	32	0	34	36
1856	107	6	21	30	0	35	37
1858	107	6.5	-21	28	0	-35	-37
1860	108	1	25	29	0	34	36
1862	108	1.5	-25	32	0	-34	-36
1864	108	2	26	-32	0	35	35
1866	108	2.5	-26	31	0	-35	-35
1868	108	3	25	32	0	36	34
1870	108	3.5	-25	31	0	-36	-34
1872	108	4	-25	29	0	-36	-34
1876	108	5	21	28	0	37	0
1878	108	5.5	-21	28	0	37	0
1880	108	6	-21	28	0	37	0
1882	108	6.5	-21	28	0	35	0
1884	109	1	0	27	0	36	0
1888	109	2	21	28	0	37	0
1892	109	3	25	27	0	36	0
1896	109	4	21	28	0	35	0
1900	109	5	25	29	32	34	0
1908	110	1	0	30	32	35	0
1910	110	1.5	0	30	-32	35	0
1912	110	2	0	29	33	36	0
1914	110	2.5	0	28	-33	37	0
1916	110	3	0	29	-33	38	0
1918	110	3.5	0	-29	31	-38	0
1920	110	4	0	30	32	35	0
1924	110	5	0	29	33	38	0
1926	110	5.5	0	-29	34	-38	0
1928	110	6	0	28	35	37	0
1930	110	6.5	0	-28	33	35	0
1932	111	1	25	27	32	36	0
1936	111	2	-25	-27	32	34	0
1938	111	2.5	-25	-27	-32	36	0
1940	111	3	0	0	31	-36	0
1941	111	3.25	0	0	-31	35	0
1942	111	3.5	0	0	30	35	0
1944	111	4	25	0	29	-35	0
1946	111	4.5	-25	0	-29	34	0
1948	111	5	26	28	28	35	0
1950	111	5.5	-26	28	-28	-35	0
1952	111	6	25	29	0	-35	0
1954	111	6.5	-25	30	32	-35	0
1956	112	1	24	31	33	-35	35
1960	112	2	-24	28	-33	-35	-35
1962	112	2.5	23	-28	32	-35	-35
1964	112	3	24	31	33	0	-35
1966	112	3.5	21	30	35	0	-35
1968	112	4	25	29	-35	0	36
1970	112	4.5	-25	-29	34	0	-36
1972	112	5	21	28	35	32	37
1978	112	6.5	-21	-28	-35	-32	36
1979	112	6.75	-21	-28	-35	-32	35
1980	113	1	25	0	0	32	34
1984	113	2	-25	29	0	0	36
1986	113	2.5	-25	-29	0	32	-36
1988	113	3	-25	-29	0	34	-36
1990	113	3.5	-25	30	0	34	35
1991	113	3.75	-25	-30	0	-34	34
1992	113	4	24	31	0	35	33
1994	113	4.5	-24	-31	0	35	-33
1996	113	5	25	29	0	32	34
2000	113	6	21	30	0	0	35
2002	113	6.5	-21	-30	0	32	-35
2004	114	1	25	-30	32	34	36
2006	114	1.5	-25	29	-32	-34	-36
2007	114	1.75	-25	-29	-32	33	-36
2008	114	2	-25	29	-32	34	-36
2010	114	2.5	-25	-29	31	35	-36
2011	114	2.75	-25	-29	30	-35	-36
2012	114	3	22	29	31	33	0
2016	114	4	-22	-29	-31	-33	36
2020	114	5	-22	29	31	0	36
2024	114	6	25	0	32	0	36
2026	114	6.5	-25	29	-32	0	-36
2028	115	1	26	31	28	33	35
2030	115	1.5	-26	31	31	33	-35
2032	115	2	25	32	29	34	36
2034	115	2.5	-25	32	30	34	-36
2036	115	3	24	29	31	33	-36
2040	115	4	25	-29	29	32	34
2042	115	4.5	-25	30	-29	-32	-34
2044	115	5	22	31	29	33	36
2046	115	5.5	-22	30	-29	-33	-36
2048	115	6	-22	31	-29	33	-36
2050	115	6.5	-22	32	-29	-33	35
2051	115	6.75	-22	-32	-29	-33	34
2052	116	1	26	30	0	33	35
2056	116	2	-26	-30	30	-33	-35
2060	116	3	22	29	31	-33	0
2062	116	3.5	-22	29	-31	-33	0
2063	116	3.75	-22	-29	32	-33	0
2064	116	4	-22	31	33	-33	36
2066	116	4.5	-22	32	34	-33	-36
2068	116	5	0	33	35	0	35
2070	116	5.5	0	-33	33	0	37
2072	116	6	0	31	-33	0	-37
2073	116	6.25	0	-31	32	0	36
2074	116	6.5	0	33	33	0	35
2076	117	1	0	32	34	0	34
2078	117	1.5	0	31	33	0	36
2080	117	2	0	30	-33	0	-36
2082	117	2.5	0	-30	32	0	35
2084	117	3	0	29	33	0	36
2088	117	4	0	-29	31	0	-36
2092	117	5	0	25	29	32	36
2094	117	5.5	0	-25	-29	32	-36
2096	117	6	0	-25	-29	32	-36
2098	117	6.5	0	-25	32	32	-36
2100	118	1	0	-25	-32	34	0
2104	118	2	0	29	31	36	0
2106	118	2.5	0	-29	34	-36	0
2107	118	2.75	0	30	-34	-36	0
2108	118	3	0	31	33	35	0
2110	118	3.5	0	32	32	34	0
2112	118	4	0	29	-32	33	36
2114	118	4.5	0	-29	31	-33	-36
2116	118	5	25	25	32	32	34
2120	118	6	-25	0	-32	-32	36
2124	119	1	21	28	30	0	37
2126	119	1.5	-21	28	-30	0	-37
2127	119	1.75	-21	-28	-30	0	38
2128	119	2	-21	28	-30	0	39
2130	119	2.5	-21	28	-30	0	-39
2132	119	3	-21	30	28	0	39
2135	119	3.75	-21	-30	-28	0	38
2136	119	4	-21	32	-28	0	37
2138	119	4.5	-21	-32	-28	0	36
2139	119	4.75	-21	-32	-28	0	35
2140	119	5	0	-32	0	0	34
2142	119	5.5	0	31	0	0	36
2144	119	6	21	30	32	0	35
2146	119	6.5	-21	28	-32	0	37
2148	120	1	-21	30	32	0	-37
2149	120	1.25	-21	-30	-32	0	36
2150	120	1.5	-21	-30	-32	0	35
2152	120	2	25	29	-32	0	-35
2154	120	2.5	-25	-29	31	0	34
2156	120	3	21	28	30	0	35
2160	120	4	0	0	0	0	0
2164	120	5	21	28	32	35	37
2172	121	1	23	25	32	35	39
2176	121	2	22	27	29	36	38
2180	121	3	21	28	30	32	37
2196	122	1	28	30	32	32	35
2200	122	2	28	30	32	35	35
2204	122	3	25	29	34	34	36
2220	123	1	25	0	32	32	36
2224	123	2	25	0	32	34	36
2228	123	3	26	0	30	35	35
2232	123	4	22	0	31	36	33
2236	123	5	26	0	30	37	35
2240	123	6	26	0	31	35	35
2244	124	1	25	25	32	36	34
2248	124	2	-25	27	-32	-36	32
2252	124	3	0	28	30	0	32
2254	124	3.5	0	-28	-30	0	33
2256	124	4	25	29	32	0	34
2260	124	5	21	30	-32	0	35
2264	124	6	21	28	35	0	37
2268	125	1	25	29	34	32	-37
2270	125	1.5	-25	-29	-34	-32	36
2272	125	2	-25	-29	32	34	36
2276	125	3	0	0	33	35	35
2278	125	3.5	0	0	31	36	33
2280	125	4	0	0	33	35	35
2282	125	4.5	0	0	32	34	36
2283	125	4.75	0	0	31	-34	-36
2284	125	5	0	0	30	35	37
2288	125	6	0	0	31	36	36
2290	125	6.5	0	0	29	-36	-36
2292	126	1	0	0	-29	38	-36
2294	126	1.5	0	0	32	37	34
2296	126	2	0	0	-32	36	-34
2298	126	2.5	0	0	33	35	33
2300	126	3	25	25	34	36	32
2304	126	4	-25	27	32	-36	-32
2306	126	4.5	24	-27	34	-36	-32
2308	126	5	25	28	-34	0	0
2309	126	5.25	-25	-28	33	0	0
2310	126	5.5	22	29	33	0	0
2312	126	6	24	28	-33	0	0
2313	126	6.25	-24	-28	32	0	0
2314	126	6.5	25	27	32	0	0
2316	127	1	26	28	-32	0	33
2318	127	1.5	-26	-28	31	0	-33
2320	127	2	25	29	32	0	34
2322	127	2.5	-25	-29	34	0	36
2324	127	3	22	31	33	0	-36
2325	127	3.25	-22	-31	-33	0	35
2326	127	3.5	25	30	32	0	34
2328	127	4	-25	29	-32	0	-34
2329	127	4.25	-25	-29	31	0	-34
2330	127	4.5	26	28	30	0	33
2332	127	5	22	29	31	36	33
2336	127	6	-22	-29	33	-36	-33
2338	127	6.5	-22	-29	-33	-36	34
2340	128	1	0	28	-33	37	35
2342	128	1.5	0	28	32	-37	-35
2344	128	2	0	29	31	36	34
2346	128	2.5	0	30	32	35	32
2348	128	3	0	31	29	36	33
2350	128	3.5	0	-31	-29	36	-33
2351	128	3.75	0	-31	-29	-36	34
2352	128	4	0	28	32	37	35
2354	128	4.5	0	27	-32	36	36
2356	128	5	0	30	28	-36	33
2357	128	5.25	0	-30	-28	35	-33
2358	128	5.5	0	-30	32	35	35
2360	128	6	0	29	-32	-35	36
2362	128	6.5	0	-29	31	34	-36
2364	129	1	21	28	32	35	37
2367	129	1.75	-21	-28	-32	-35	38
2368	129	2	-21	-28	30	-35	39
2372	129	3	23	0	28	0	-39
2374	129	3.5	-23	0	28	0	38
2375	129	3.75	-23	0	-28	0	37
2376	129	4	22	0	29	0	38
2378	129	4.5	21	0	30	0	39
2380	129	5	22	29	31	0	36
2382	129	5.5	-22	-29	-31	0	38
2384	129	6	21	30	28	0	37
2386	129	6.5	25	32	27	0	36
2388	130	1	21	-32	30	0	-36
2389	130	1.25	-21	-32	-30	0	35
2390	130	1.5	-21	32	-30	0	35
2392	130	2	25	-32	29	0	-35
2394	130	2.5	-25	31	-29	0	34
2396	130	3	0	30	28	0	35
2400	130	4	21	28	30	0	35
2404	130	5	25	29	29	0	34
2408	130	6	-25	29	32	0	36
2410	130	6.5	26	-29	-32	0	-36
2412	131	1	27	-29	-32	0	36
2414	131	1.5	-27	28	-32	0	-36
2415	131	1.75	-27	27	-32	0	-36
2416	131	2	28	26	33	0	37
2420	131	3	26	28	-33	35	-37
2422	131	3.5	-26	-28	-33	-35	36
2424	131	4	28	30	32	-35	35
2428	131	5	25	29	-32	36	-35
2432	131	6	-25	-29	-32	-36	34
2436	132	1	21	28	30	37	35
2444	132	3	25	29	32	36	34
2460	133	1	21	28	32	37	35
*-	*-	*-	*-	*-	*-	*-	*-
