**absq	**bar	**beat	**b7	**b7	**b7	**b7	**b7	**b7
0	1	1	18	22	0	0	0	0
4	1	3	-18	23	0	0	0	0
6	1	4	-18	25	0	0	0	0
8	2	1	19	-25	0	0	0	0
10	2	2	-19	24	0	0	0	0
12	2	3	21	25	0	0	0	0
15	2	4.5	-21	24	0	0	0	0
16	3	1	21	23	25	0	0	0
18	3	2	-21	22	-25	0	0	0
19	3	2.5	-21	21	-25	0	0	0
20	3	3	20	22	-25	0	0	0
22	3	4	21	23	-25	0	0	0
24	4	1	-21	23	26	0	0	0
26	4	2	22	24	-26	0	0	0
28	4	3	23	25	28	0	0	0
30	4	4	24	26	-28	0	0	0
32	5	1	23	25	28	0	0	32
34	5	2	21	23	-28	0	0	-32
37	5	3.5	22	24	-28	0	0	-32
38	5	4	23	25	27	0	0	-32
40	6	1	19	24	28	28	0	33
42	6	2	-19	23	29	-28	0	-33
44	6	3	-19	26	30	-28	0	35
46	6	4	-19	-26	31	-28	0	-35
48	7	1	0	25	32	29	32	-35
50	7	2	0	-25	-32	-29	-32	34
51	7	2.5	0	-25	-32	-29	-32	33
52	7	3	0	0	-32	-29	-32	34
56	8	1	24	0	28	31	33	35
60	8	3	-24	28	-28	-31	-33	33
62	8	4	24	-28	26	-31	-33	-33
64	9	1	24	-28	26	31	35	-33
66	9	2	-24	26	-26	-31	-35	32
67	9	2.5	-24	-26	-26	-31	-35	31
68	9	3	24	26	24	-31	-35	33
71	9	4.5	-24	25	-24	-31	-35	-33
71.5	9	4.75	-24	24	-24	-31	-35	-33
72	10	1	21	23	25	0	35	32
75	10	2.5	22	-23	-25	0	-35	-32
76	10	3	23	21	25	32	-35	30
80	11	1	22	24	26	-32	0	0
82	11	2	-22	-24	-26	31	0	0
84	11	3	-22	-24	-26	31	36	33
86	11	4	-22	25	-26	-31	-36	-33
88	12	1	19	26	0	30	-36	-33
90	12	2	-19	-26	0	-30	35	-33
92	12	3	0	-26	30	-30	35	33
96	13	1	18	0	29	0	34	34
98	13	2	-18	25	-29	0	-34	-34
100	13	3	-18	25	27	29	-34	32
104	14	1	21	23	28	30	0	-32
107	14	2.5	-21	-23	29	-30	0	-32
108	14	3	19	21	30	-30	33	35
110	14	4	-19	-21	-30	28	-33	-35
112	15	1	18	25	0	29	34	-35
114	15	2	-18	-25	32	-29	-34	34
115	15	2.5	-18	-25	-32	-29	-34	33
116	15	3	-18	-25	32	-29	-34	34
118	15	4	-18	-25	-32	-29	32	-34
119	15	4.5	-18	-25	-32	-29	-32	33
119.5	15	4.75	-18	-25	-32	-29	-32	34
120	16	1	0	0	30	28	33	35
122	16	2	0	0	-30	-28	-33	28
124	16	3	0	26	28	-28	-33	30
126	16	4	0	-26	-28	-28	-33	31
127	16	4.5	0	-26	29	-28	-33	-31
128	17	1	0	27	30	0	32	32
130	17	2	0	-27	29	0	-32	-32
132	17	3	0	27	32	0	-32	0
134	17	4	0	-27	-32	0	-32	29
136	18	1	21	28	32	0	0	30
139	18	2.5	-21	-28	-32	0	0	31
140	18	3	23	-28	25	0	0	32
143	18	4.5	24	-28	-25	0	0	-32
144	19	1	25	0	27	0	0	32
146	19	2	-25	0	-27	0	0	29
147	19	2.5	-25	0	28	0	0	-29
148	19	3	24	0	29	0	0	31
150	19	4	22	0	-29	0	0	-31
151	19	4.5	-22	0	-29	0	0	32
152	20	1	24	0	28	28	0	33
154	20	2	-24	0	26	-28	0	-33
156	20	3	23	21	28	30	0	32
158	20	4	26	-21	-28	31	0	33
160	21	1	25	23	27	32	32	34
162	21	2	25	-23	-27	-32	-32	-34
163	21	2.5	-25	24	-27	-32	-32	-34
164	21	3	25	25	0	-32	34	32
166	21	4	24	-25	25	-32	35	-32
167	21	4.5	23	-25	-25	-32	-35	-32
168	22	1	22	0	26	31	36	0
170	22	2	-22	24	-26	29	-36	0
172	22	3	-22	-24	-26	31	-36	33
174	22	4	-22	22	27	-31	-36	-33
176	23	1	0	26	28	30	35	-33
178	23	2	0	-26	-28	-30	33	33
180	23	3	19	23	26	-30	35	33
182	23	4	-19	-23	26	-30	-35	-33
184	24	1	23	0	27	0	34	32
186	24	2	-23	25	-27	0	-34	-32
188	24	3	-23	25	25	30	-34	0
190	24	4	23	23	-25	-30	-34	32
192	25	1	24	26	0	28	0	31
194	25	2	-24	-26	0	-28	0	31
196	25	3	23	25	0	30	34	32
200	26	1	-23	-25	0	32	32	30
202	26	2	23	-25	0	-32	-32	-30
204	26	3	23	0	25	-32	34	-30
206	26	4	-23	0	-25	-32	-34	30
208	27	1	22	0	26	31	36	31
210	27	2	-22	24	-26	29	-36	-31
212	27	3	-22	-24	-26	31	-36	29
214	27	4	-22	23	27	-31	-36	-29
215	27	4.5	-22	22	-27	-31	-36	-29
216	28	1	0	26	28	30	35	0
218	28	2	0	-26	-28	-30	33	30
220	28	3	0	-26	26	0	35	30
222	28	4	0	-26	26	0	-35	30
224	29	1	18	25	27	29	34	32
227	29	2.5	-18	-25	-27	-29	-34	33
228	29	3	18	0	25	29	0	34
230	29	4	18	25	-25	29	0	34
232	30	1	19	23	0	28	33	35
234	30	2	-19	23	0	-28	-33	-35
236	30	3	17	24	0	-28	33	33
238	30	4	-17	-24	0	27	33	-33
239	30	4.5	-17	-24	0	26	-33	-33
240	31	1	18	22	29	27	32	0
244	31	3	0	21	30	28	-32	32
246	31	4	0	-21	30	-28	31	-32
247	31	4.5	0	-21	-30	-28	30	-32
248	32	1	17	21	28	0	31	33
250	32	2	-17	22	-28	0	-31	-33
252	32	3	21	23	28	28	32	32
255	32	4.5	-21	-23	-28	-28	-32	33
256	33	1	18	-23	27	29	0	34
258	33	2	-18	22	-27	-29	0	-34
259	33	2.5	19	21	-27	-29	0	-34
260	33	3	20	22	-27	-29	32	0
264	34	1	19	23	0	28	33	35
268	34	3	17	24	28	26	-33	-35
271	34	4.5	-17	-24	29	-26	-33	-35
272	35	1	18	0	30	27	32	34
273	35	1.5	-18	0	29	-27	-32	-34
274	35	2	-18	22	32	-27	-32	-34
276	35	3	0	25	-32	-27	30	32
277	35	3.5	0	-25	31	-27	-30	-32
278	35	4	0	-25	30	-27	-30	-32
279	35	4.5	0	25	-30	-27	-30	-32
280	36	1	22	24	-30	26	31	33
282	36	2	-22	23	29	-26	-31	-33
283	36	2.5	-22	-23	28	-26	-31	-33
284	36	3	22	22	29	-26	-31	-33
286	36	4	-22	-22	-29	-26	-31	34
288	37	1	19	26	30	-26	30	35
292	37	3	19	26	-30	-26	-30	33
294	37	4	-19	-26	-30	-26	-30	35
296	38	1	19	23	-30	28	-30	-35
297	38	1.5	-19	-23	-30	-28	-30	34
298	38	2	-19	-23	-30	-28	-30	33
299	38	2.5	-19	-23	-30	-28	-30	32
300	38	3	-19	-23	-30	-28	-30	33
304	39	1	16	-23	-30	27	-30	32
*-	*-	*-	*-	*-	*-	*-	*-	*-
