**absq	**bar	**beat	**b7	**b7	**b7	**b7
0	0	1	0	0	25	0
8	1	1	0	0	26	0
12	1	3	0	0	25	0
16	2	1	0	0	-25	29
18	2	2	0	0	26	-29
20	2	3	0	0	27	-29
22	2	4	0	0	25	-29
24	3	1	0	0	28	30
28	3	3	0	0	25	29
30	3	4	0	0	27	-29
32	4	1	0	22	-27	-29
34	4	2	0	-22	26	30
35	4	2.5	0	-22	25	-30
36	4	3	0	-22	26	31
38	4	4	0	-22	27	29
40	5	1	0	23	28	32
44	5	3	18	22	-28	-32
46	5	4	-18	-22	27	-32
47	5	4.5	-18	-22	26	-32
48	6	1	-18	-22	27	29
50	6	2	-18	23	25	-29
52	6	3	19	24	28	0
54	6	4	-19	22	-28	0
56	7	1	18	25	27	0
60	7	3	-18	22	-27	29
62	7	4	19	-22	26	-29
63	7	4.5	-19	-22	25	-29
64	8	1	20	-22	24	-29
66	8	2	18	-22	25	-29
68	8	3	21	0	25	30
72	9	1	18	25	0	29
76	9	3	-18	-25	22	-29
78	9	4	-18	-25	-22	30
80	10	1	0	26	-22	31
82	10	2	0	-26	-22	29
84	10	3	0	25	23	32
88	11	1	18	-25	22	-32
90	11	2	-18	26	-22	-32
92	11	3	-18	27	-22	29
94	11	4	-18	25	23	-29
96	12	1	19	28	24	0
98	12	2	-19	-28	22	0
100	12	3	18	-28	25	0
102	12	4	-18	27	-25	29
104	13	1	0	26	22	31
106	13	2	0	27	-22	-31
108	13	3	0	-27	23	32
110	13	4	0	26	-23	-32
111	13	4.5	0	25	-23	-32
112	14	1	22	24	22	33
114	14	2	-22	22	-22	-33
116	14	3	-22	24	0	-33
118	14	4	-22	-24	26	33
120	15	1	23	25	28	32
124	15	3	22	26	29	31
128	16	1	-22	27	29	-31
130	16	2	23	-27	-29	32
132	16	3	24	26	28	33
134	16	4	22	24	29	34
136	17	1	25	27	-29	-34
137	17	1.5	-25	-27	-29	33
138	17	2	-25	-27	30	32
140	17	3	22	26	29	-32
142	17	4	-22	-26	-29	31
144	18	1	0	25	27	32
148	18	3	25	0	-27	-32
152	19	1	-25	29	-27	0
154	19	2	22	-29	-27	0
156	19	3	24	-29	0	0
158	19	4	-24	28	0	0
160	20	1	25	27	0	0
162	20	2	-25	27	0	0
164	20	3	22	26	0	0
166	20	4	-22	24	0	0
168	21	1	21	25	0	0
170	21	2	-21	26	0	0
172	21	3	20	-26	0	0
173	21	3.5	-20	25	0	0
174	21	4	21	25	0	0
176	22	1	19	-25	28	0
178	22	2	-19	24	-28	0
180	22	3	18	25	-28	32
182	22	4	-18	-25	25	-32
184	23	1	0	-25	27	-32
186	23	2	0	-25	-27	31
188	23	3	0	0	28	30
190	23	4	0	0	-28	30
192	24	1	0	0	25	29
194	24	2	25	0	-25	34
196	24	3	-25	0	29	-34
198	24	4	22	0	-29	33
200	25	1	24	0	28	-33
201	25	1.5	-24	0	-28	32
202	25	2	25	29	27	32
204	25	3	22	-29	26	-32
206	25	4	-22	26	-26	31
208	26	1	0	27	25	32
210	26	2	25	27	-25	-32
211	26	2.5	-25	-27	24	-32
212	26	3	-25	26	22	0
213	26	3.5	-25	-26	23	0
214	26	4	22	-26	24	0
215	26	4.5	-22	-26	25	0
216	27	1	24	22	26	0
218	27	2	25	27	29	32
220	27	3	22	-27	-29	-32
222	27	4	-22	26	29	31
223	27	4.5	21	-26	-29	-31
224	28	1	20	-26	-29	32
225	28	1.5	-20	25	-29	-32
226	28	2	21	25	28	-32
227	28	2.5	-21	-25	27	-32
228	28	3	19	-25	28	33
230	28	4	-19	24	-28	-33
232	29	1	18	25	27	29
234	29	2	25	27	29	-29
236	29	3	24	26	-29	0
238	29	4	23	25	28	32
240	30	1	22	26	29	31
242	30	2	21	28	25	30
244	30	3	25	-28	0	29
246	30	4	-25	27	29	-29
247	30	4.5	-25	-27	-29	30
248	31	1	24	26	-29	31
250	31	2	23	25	28	32
252	31	3	22	26	29	-32
254	31	4	-22	-26	-29	31
256	32	1	23	25	27	32
258	32	2	-23	-25	25	-32
259	32	2.5	22	-25	-25	-32
259.5	32	2.75	21	-25	-25	-32
260	32	3	20	-25	29	-32
262	32	4	21	-25	-29	-32
266	33	2	20	-25	29	0
268	33	3	21	-25	30	0
270	33	4	-21	-25	28	0
272	34	1	0	0	31	29
276	34	3	0	0	-31	33
278	34	4	0	0	30	-33
279	34	4.5	0	0	29	-33
280	35	1	0	0	28	-33
282	35	2	0	0	29	33
284	35	3	0	0	25	34
285	35	3.5	0	0	26	-34
286	35	4	0	0	27	32
287	35	4.5	0	0	28	-32
288	36	1	0	0	29	34
290	36	2	0	0	27	-34
292	36	3	0	0	30	-34
294	36	4	0	0	-30	33
295	36	4.5	0	0	-30	32
296	37	1	0	0	29	31
298	37	2	0	22	28	32
300	37	3	0	25	-28	29
302	37	4	0	-25	27	-29
303	37	4.5	0	-25	26	-29
304	38	1	18	-25	27	-29
306	38	2	-18	25	-27	-29
308	38	3	22	26	24	-29
310	38	4	-22	24	-24	-29
312	39	1	-22	27	0	-29
314	39	2	22	-27	0	-29
316	39	3	23	-27	0	0
318	39	4	21	26	0	0
319	39	4.5	-21	25	0	0
320	40	1	24	26	22	0
322	40	2	-24	26	-22	0
324	40	3	-24	22	26	0
326	40	4	23	25	-26	0
327	40	4.5	22	-25	-26	0
328	41	1	21	-25	-26	0
330	41	2	22	24	26	0
332	41	3	18	25	27	29
334	41	4	25	-25	25	-29
336	42	1	-25	0	28	33
338	42	2	24	0	-28	-33
339	42	2.5	23	0	-28	-33
340	42	3	24	0	28	-33
342	42	4	-24	0	29	33
344	43	1	25	0	-29	34
345	43	1.5	-25	0	28	-34
346	43	2	-25	0	27	32
347	43	2.5	-25	0	26	-32
348	43	3	0	0	25	34
350	43	4	18	0	-25	-34
351	43	4.5	-18	0	-25	33
351.5	43	4.75	-18	0	-25	32
352	44	1	22	0	24	33
354	44	2	-22	22	-24	33
356	44	3	-22	26	-24	29
358	44	4	23	-26	-24	-29
360	45	1	24	-26	-24	-29
362	45	2	22	26	-24	-29
364	45	3	25	27	0	-29
366	45	4	-25	25	25	-29
368	46	1	-25	27	29	0
370	46	2	24	-27	-29	0
371	46	2.5	23	26	-29	0
371.5	46	2.75	-23	25	-29	0
372	46	3	24	26	-29	0
374	46	4	25	27	29	0
376	47	1	21	25	30	0
378	47	2	-21	26	28	0
380	47	3	0	27	31	29
384	48	1	0	24	-31	33
386	48	2	0	-24	30	-33
387	48	2.5	0	-24	29	-33
388	48	3	0	-24	28	-33
390	48	4	0	-24	29	33
392	49	1	0	0	25	34
393	49	1.5	0	0	26	-34
394	49	2	25	0	27	32
395	49	2.5	-25	0	28	-32
396	49	3	-25	0	29	34
398	49	4	25	29	-29	-34
399	49	4.5	-25	-29	-29	33
399.5	49	4.75	-25	-29	-29	32
400	50	1	24	-29	0	33
402	50	2	22	29	0	33
404	50	3	25	27	0	29
406	50	4	-25	25	0	-29
408	51	1	23	28	0	0
410	51	2	24	-28	0	0
412	51	3	24	26	0	0
413	51	3.5	23	-26	0	0
414	51	4	22	27	0	0
415	51	4.5	21	-27	0	0
416	52	1	20	-27	0	0
417	52	1.5	-20	26	0	0
418	52	2	21	25	0	0
419	52	2.5	-21	24	0	0
420	52	3	-21	23	0	0
421	52	3.5	-21	22	0	0
422	52	4	19	26	0	0
424	53	1	20	-26	0	32
425	53	1.5	-20	25	0	-32
426	53	2	21	25	0	-32
428	53	3	19	-25	0	33
430	53	4	-19	24	0	-33
432	54	1	18	25	29	34
436	54	3	0	0	30	32
438	54	4	0	0	-30	35
440	55	1	0	0	31	-35
442	55	2	0	0	-31	34
444	55	3	0	0	-31	33
446	55	4	0	0	29	-33
448	56	1	0	0	30	32
450	56	2	25	0	29	-32
451	56	2.5	-25	0	-29	31
451.5	56	2.75	-25	0	-29	30
452	56	3	-25	0	27	29
453	56	3.5	-25	0	28	-29
454	56	4	25	0	29	-29
455	56	4.5	-25	0	27	30
456	57	1	24	0	28	31
457	57	1.5	-24	0	-28	32
458	57	2	22	0	29	33
460	57	3	25	0	-29	-33
461	57	3.5	-25	0	28	32
462	57	4	-25	29	27	32
464	58	1	22	-29	26	-32
466	58	2	-22	29	-26	31
468	58	3	0	27	25	32
470	58	4	25	25	27	-32
472	59	1	-25	28	-27	0
474	59	2	24	-28	26	0
476	59	3	23	25	27	0
478	59	4	-23	-25	28	32
480	60	1	22	26	29	32
482	60	2	-22	-26	-29	31
484	60	3	0	27	-29	32
486	60	4	25	-27	-29	34
490	61	2	24	-27	-29	33
492	61	3	23	28	25	32
496	62	1	22	29	0	31
498	62	2	22	27	29	-31
500	62	3	25	-27	-29	0
502	62	4	23	26	28	32
503	62	4.5	-23	25	-28	-32
504	63	1	22	26	29	31
506	63	2	21	28	25	30
508	63	3	25	-28	0	29
510	63	4	-25	27	29	-29
511	63	4.5	-25	-27	-29	30
512	64	1	24	26	-29	31
514	64	2	23	25	28	32
516	64	3	22	26	29	-32
518	64	4	-22	-26	-29	31
520	65	1	0	25	27	32
524	65	3	25	27	0	0
526	65	4	-25	-27	29	32
528	66	1	25	27	-29	32
530	66	2	-25	-27	29	-32
532	66	3	21	28	30	32
538	67	2	22	26	29	31
540	67	3	22	26	29	31
544	68	1	20	0	0	34
546	68	2	-20	0	29	-34
548	68	3	24	0	-29	-34
550	68	4	-24	0	28	33
552	69	1	0	0	30	32
554	69	2	0	0	29	31
556	69	3	0	0	-29	30
558	69	4	0	0	28	-30
560	70	1	25	27	29	29
566	70	4	24	26	0	-29
568	71	1	23	25	0	0
570	71	2	22	24	0	0
572	71	3	25	23	0	0
576	72	1	-25	22	26	0
578	72	2	24	-22	-26	0
579	72	2.5	23	-22	-26	0
580	72	3	24	-22	-26	29
582	72	4	-24	-22	26	-29
584	73	1	25	0	27	-29
586	73	2	-25	0	25	30
588	73	3	0	0	29	31
590	73	4	0	0	-29	29
592	74	1	0	0	0	33
594	74	2	0	0	29	-33
598	74	4	0	0	30	-33
600	75	1	0	0	31	0
602	75	2	0	0	-31	33
604	75	3	0	0	29	-33
606	75	4	0	0	-29	33
608	76	1	0	0	32	34
610	76	2	0	0	-32	32
612	76	3	0	0	31	33
614	76	4	0	0	30	-33
616	77	1	0	0	28	35
619	77	2.5	0	0	29	-35
620	77	3	0	0	30	-35
621	77	3.5	0	0	31	-35
622	77	4	0	0	32	34
624	78	1	0	0	-32	33
626	78	2	0	0	31	-33
628	78	3	0	0	30	32
630	78	4	0	0	29	-32
631	78	4.5	0	0	28	-32
632	79	1	0	0	27	0
634	79	2	0	0	28	32
636	79	3	0	0	-28	33
638	79	4	0	0	27	-33
639	79	4.5	0	0	26	-33
640	80	1	0	0	25	34
642	80	2	0	0	29	-34
643	80	2.5	0	0	-29	33
643.5	80	2.75	0	0	-29	34
644	80	3	0	0	30	35
646	80	4	0	25	29	34
650	81	2	0	26	28	33
651	81	2.5	0	-26	-28	32
652	81	3	0	27	29	31
654	81	4	22	26	-29	-31
656	82	1	-22	29	0	-31
658	82	2	23	-29	0	-31
660	82	3	24	0	0	0
662	82	4	22	29	0	0
664	83	1	25	-29	0	0
666	83	2	-25	28	0	0
668	83	3	0	27	0	0
670	83	4	25	25	0	0
672	84	1	-25	29	0	0
674	84	2	24	-29	0	0
676	84	3	23	30	0	0
678	84	4	21	-30	0	0
680	85	1	25	29	0	0
683	85	2.5	-25	30	0	0
684	85	3	26	31	0	0
686	85	4	-26	30	0	0
688	86	1	24	-30	0	0
689	86	1.5	-24	29	0	0
690	86	2	25	29	0	0
692	86	3	23	-29	0	0
694	86	4	-23	28	0	0
696	87	1	0	27	0	0
698	87	2	22	26	0	0
701	87	3.5	23	25	0	0
702	87	4	24	24	0	0
703	87	4.5	25	23	0	0
704	88	1	26	22	0	0
706	88	2	27	29	0	0
708	88	3	26	28	0	33
710	88	4	25	27	0	-33
712	89	1	-25	26	29	-33
714	89	2	24	-26	-29	33
716	89	3	25	25	-29	34
718	89	4	-25	-25	29	-34
720	90	1	0	28	30	32
724	90	3	24	0	28	35
728	91	1	-24	28	31	-35
730	91	2	25	-28	-31	34
732	91	3	26	-28	-31	33
734	91	4	-26	28	30	32
736	92	1	22	26	29	31
738	92	2	-22	-26	28	-31
740	92	3	-22	29	27	-31
742	92	4	23	-29	-27	-31
744	93	1	24	-29	26	-31
746	93	2	-24	28	-26	-31
748	93	3	20	27	29	0
750	93	4	-20	26	-29	31
752	94	1	21	25	28	-31
754	94	2	-21	26	-28	30
756	94	3	22	-26	26	31
757	94	3.5	-22	22	-26	-31
758	94	4	-22	29	27	-31
760	95	1	20	-29	-27	32
761	95	1.5	-20	-29	26	-32
762	95	2	21	28	25	-32
763	95	2.5	-21	27	-25	-32
764	95	3	19	28	-25	33
766	95	4	-19	-28	24	-33
768	96	1	18	27	25	29
770	96	2	25	27	29	-29
772	96	3	24	26	-29	0
774	96	4	23	25	28	32
776	97	1	22	26	29	31
778	97	2	21	28	25	30
780	97	3	25	-28	0	29
782	97	4	-25	27	29	-29
783	97	4.5	-25	-27	-29	30
784	98	1	24	26	-29	31
786	98	2	23	25	28	32
788	98	3	22	26	29	-32
790	98	4	-22	-26	-29	31
792	99	1	18	25	27	32
794	99	2	-18	-25	29	-32
798	99	4	-18	-25	29	34
800	100	1	0	0	29	-34
802	100	2	0	0	-29	33
804	100	3	0	0	27	32
806	100	4	0	0	-27	31
808	101	1	0	0	28	30
810	101	2	0	0	25	-30
812	101	3	0	0	-25	29
813	101	3.5	0	0	26	-29
814	101	4	0	0	27	-29
815	101	4.5	0	0	28	30
816	102	1	0	0	29	31
817	102	1.5	0	0	30	32
818	102	2	0	0	31	33
820	102	3	0	26	30	-33
822	102	4	0	-26	29	32
823	102	4.5	0	-26	-29	31
824	103	1	0	26	-29	30
826	103	2	0	26	28	-30
828	103	3	22	27	29	29
830	103	4	-22	26	-29	-29
832	104	1	22	29	26	0
834	104	2	22	-29	-26	0
836	104	3	23	28	0	0
838	104	4	22	27	0	0
840	105	1	25	-27	0	0
842	105	2	-25	26	0	0
843	105	2.5	-25	25	0	0
844	105	3	24	26	0	29
846	105	4	25	27	0	-29
848	106	1	-25	-27	25	29
849	106	1.5	-25	26	-25	-29
850	106	2	24	29	-25	29
852	106	3	23	-29	-25	30
854	106	4	-23	28	25	32
856	107	1	22	29	26	-32
858	107	2	-22	-29	-26	31
859	107	2.5	-22	-29	27	-31
860	107	3	0	26	28	30
862	107	4	0	-26	29	-30
863	107	4.5	0	-26	-29	29
864	108	1	0	26	-29	30
866	108	2	0	26	28	-30
868	108	3	0	27	29	29
870	108	4	22	26	-29	-29
872	109	1	22	26	-29	0
874	109	2	22	25	-29	0
875	109	2.5	-22	24	-29	0
876	109	3	23	25	0	0
878	109	4	22	26	0	29
880	110	1	22	27	0	29
882	110	2	21	-27	0	29
883	110	2.5	20	-27	0	-29
884	110	3	21	26	0	30
886	110	4	22	-26	0	29
888	111	1	23	0	0	29
890	111	2	-23	0	25	28
891	111	2.5	-23	0	-25	27
892	111	3	-23	0	25	28
894	111	4	-23	0	25	28
896	112	1	22	0	26	29
898	112	2	18	0	25	-29
900	112	3	22	26	-25	0
902	112	4	-22	-26	24	29
903	112	4.5	-22	-26	23	-29
904	113	1	-22	26	24	29
906	113	2	22	26	-24	29
908	113	3	25	27	25	29
910	113	4	24	26	29	-29
911	113	4.5	-24	-26	-29	30
912	114	1	22	26	-29	31
913	114	1.5	-22	-26	-29	32
914	114	2	-22	25	29	33
915	114	2.5	-22	24	-29	-33
916	114	3	23	25	27	-33
917	114	3.5	-23	-25	-27	32
918	114	4	-23	25	28	32
920	115	1	22	26	29	-32
922	115	2	-22	-26	-29	31
924	115	3	18	25	27	32
928	116	1	0	27	0	-32
930	116	2	25	-27	29	-32
934	116	4	23	25	28	-32
936	117	1	24	26	29	0
938	117	2	25	27	30	0
940	117	3	26	28	31	0
943	117	4.5	25	27	30	0
944	118	1	24	26	29	0
946	118	2	23	25	28	32
948	118	3	22	26	29	-32
950	118	4	-22	26	31	31
952	119	1	0	28	-31	32
954	119	2	0	-28	30	-32
955	119	2.5	0	-28	-30	33
956	119	3	0	27	29	34
958	119	4	0	25	32	-34
960	120	1	0	29	-32	-34
962	120	2	0	-29	31	33
963	120	2.5	0	28	-31	-33
964	120	3	0	27	29	32
966	120	4	0	28	30	-32
968	121	1	22	26	29	31
969	121	1.5	-22	-26	28	-31
970	121	2	-22	29	27	-31
971	121	2.5	-22	-29	26	-31
972	121	3	25	-29	27	32
974	121	4	-25	28	-27	-32
976	122	1	-25	27	0	-32
978	122	2	24	26	28	-32
980	122	3	23	25	-28	-32
982	122	4	22	24	27	-32
984	123	1	21	23	26	0
985	123	1.5	-21	22	-26	0
986	123	2	20	25	25	0
988	123	3	19	-25	28	0
990	123	4	-19	24	-28	33
991	123	4.5	-19	-24	29	-33
992	124	1	18	25	27	34
994	124	2	25	23	28	32
996	124	3	25	22	29	33
998	124	4	24	26	29	-33
1000	125	1	25	27	29	0
1002	125	2	23	25	28	32
1004	125	3	22	26	29	32
1006	125	4	-22	-26	26	31
1008	126	1	18	0	27	32
1010	126	2	18	25	25	-32
1012	126	3	22	25	26	29
1014	126	4	22	24	-26	-29
1016	127	1	18	25	27	29
1017	127	1.5	19	-25	-27	-29
1018	127	2	20	22	-27	-29
1019	127	2.5	21	-22	-27	30
1020	127	3	22	29	26	31
1021	127	3.5	23	-29	-26	32
1022	127	4	24	-29	29	33
1023	127	4.5	-24	28	-29	-33
1024	128	1	25	27	-29	-33
1025	128	1.5	-25	-27	-29	32
1026	128	2	23	26	28	32
1027	128	2.5	-23	25	-28	-32
1028	128	3	22	26	29	-32
1030	128	4	-22	-26	-29	31
1032	129	1	18	25	-29	32
1048	130	1	0	0	0	0
1048	130	1	0	0	0	29
1052	130	3	0	0	0	33
1058	131	2	0	0	0	33
1060	131	3	0	0	25	34
1062	131	4	0	0	-25	32
1064	132	1	0	0	29	34
1068	132	3	0	0	-29	33
1070	132	4	0	0	29	-33
1072	133	1	0	0	30	32
1074	133	2	0	0	28	-32
1076	133	3	0	0	30	0
1078	133	4	0	0	-30	32
1080	134	1	0	0	29	33
1082	134	2	0	0	-29	31
1084	134	3	0	0	28	33
1086	134	4	0	0	-28	32
1090	135	2	0	0	28	31
1091	135	2.5	0	0	-28	30
1092	135	3	0	22	29	31
1094	135	4	0	-22	31	33
1096	136	1	0	26	30	-33
1098	136	2	0	-26	29	32
1099	136	2.5	0	-26	-29	31
1100	136	3	0	-26	-29	30
1102	136	4	0	26	28	-30
1104	137	1	18	27	29	29
1106	137	2	-18	25	-29	32
1108	137	3	22	27	-29	31
1110	137	4	-22	-27	-29	32
1112	138	1	-22	26	-29	-32
1114	138	2	22	-26	-29	31
1116	138	3	23	25	0	32
1118	138	4	21	-25	28	-32
1120	139	1	23	0	27	-32
1122	139	2	-23	25	28	-32
1124	139	3	22	26	-28	0
1126	139	4	-22	24	27	0
1128	140	1	21	26	28	0
1130	140	2	-21	25	-28	0
1133	140	3.5	0	26	0	0
1134	140	4	25	27	0	0
1135	140	4.5	-25	28	0	0
1136	141	1	-25	29	0	0
1137	141	1.5	-25	27	0	0
1138	141	2	23	28	0	0
1140	141	3	24	-28	0	33
1141	141	3.5	-24	27	0	-33
1142	141	4	25	26	0	-33
1143	141	4.5	-25	25	0	-33
1144	142	1	-25	26	0	-33
1146	142	2	24	-26	0	33
1148	142	3	25	25	29	34
1152	143	1	0	0	-29	33
1154	143	2	0	0	29	31
1156	143	3	0	0	30	32
1158	143	4	0	0	29	31
1160	144	1	0	22	31	-31
1161	144	1.5	0	-22	-31	32
1162	144	2	0	-22	-31	33
1163	144	2.5	0	-22	30	31
1163.5	144	2.75	0	-22	29	-31
1164	144	3	0	23	28	32
1166	144	4	0	24	26	33
1168	145	1	0	25	27	-33
1170	145	2	0	-25	-27	32
1172	145	3	0	22	26	33
1174	145	4	22	29	-26	31
1176	146	1	23	28	0	32
1178	146	2	24	26	0	33
1180	146	3	25	27	29	-33
1182	146	4	-25	-27	-29	32
1184	147	1	22	26	-29	31
1186	147	2	-22	-26	29	-31
1187	147	2.5	-22	-26	-29	30
1187.5	147	2.75	-22	-26	-29	29
1188	147	3	26	0	30	28
1190	147	4	-26	26	-30	-28
1192	148	1	22	-26	29	0
1194	148	2	-22	26	31	29
1196	148	3	0	27	-31	29
1197	148	3.5	0	-27	30	-29
1198	148	4	0	-27	29	-29
1200	149	1	0	26	-29	30
1202	149	2	0	-26	28	-30
1204	149	3	22	-26	29	29
1205	149	3.5	-22	-26	-29	30
1206	149	4	-22	27	-29	31
1207	149	4.5	-22	-27	-29	32
1208	150	1	-22	26	0	33
1210	150	2	22	24	29	34
1212	150	3	23	25	-29	-34
1214	150	4	-23	-25	28	33
1215	150	4.5	-23	-25	-28	32
1216	151	1	22	26	29	31
1218	151	2	-22	29	-29	-31
1220	151	3	26	-29	30	0
1222	151	4	-26	28	-30	33
1224	152	1	22	29	31	33
1227	152	2.5	-22	-29	30	-33
1228	152	3	0	25	29	34
1229	152	3.5	0	-25	28	-34
1230	152	4	0	-25	29	-34
1232	153	1	22	0	-29	33
1234	153	2	-22	0	28	-33
1235	153	2.5	-22	0	27	-33
1236	153	3	-22	29	26	31
1238	153	4	22	-29	-26	-31
1240	154	1	23	28	0	32
1242	154	2	-23	27	25	-32
1244	154	3	22	-27	29	31
1246	154	4	25	26	-29	34
1247	154	4.5	-25	25	27	-34
1248	155	1	24	26	28	33
1250	155	2	22	27	29	31
1252	155	3	23	25	-29	32
1254	155	4	-23	-25	28	-32
1256	156	1	22	0	29	31
1258	156	2	-22	29	27	-31
1259	156	2.5	23	-29	-27	32
1260	156	3	24	28	26	33
1262	156	4	20	27	29	34
1264	157	1	23	25	27	-34
1265	157	1.5	-23	-25	-27	33
1266	157	2	-23	-25	28	32
1268	157	3	22	26	29	-32
1270	157	4	-22	-26	-29	31
1272	158	1	18	0	-29	32
1274	158	2	-18	27	-29	-32
1278	158	4	-18	25	27	-32
1280	159	1	0	27	-27	-32
1282	159	2	25	-27	25	-32
1283	159	2.5	-25	28	-25	-32
1284	159	3	-25	29	27	-32
1286	159	4	23	28	28	-32
1288	160	1	24	-28	29	0
1290	160	2	25	27	-29	0
1292	160	3	21	28	30	32
1295	160	4.5	-21	27	-30	-32
1295.5	160	4.75	-21	26	-30	-32
1296	161	1	-21	25	28	-32
1298	161	2	-21	26	-28	28
1300	161	3	0	-26	-28	32
1301	161	3.5	0	25	-28	-32
1302	161	4	0	25	27	-32
1304	162	1	0	-25	26	33
1306	162	2	0	24	-26	-33
1308	162	3	0	25	25	34
1309	162	3.5	0	-25	26	-34
1310	162	4	25	-25	27	-34
1311	162	4.5	-25	-25	28	-34
1312	163	1	-25	0	29	32
1314	163	2	21	0	30	-32
1316	163	3	25	0	-30	-32
1318	163	4	-25	0	29	31
1320	164	1	26	0	-29	30
1322	164	2	-26	0	28	-30
1324	164	3	27	0	29	29
1326	164	4	-27	0	-29	36
1328	165	1	25	29	27	-36
1329	165	1.5	-25	-29	-27	35
1330	165	2	-25	-29	-27	34
1331	165	2.5	-25	-29	-27	33
1332	165	3	-25	-29	0	34
1334	165	4	24	26	0	33
1336	166	1	23	28	25	-33
1338	166	2	-23	-28	-25	32
1340	166	3	22	29	26	-32
1342	166	4	-22	-29	-26	31
1344	167	1	0	30	28	32
1346	167	2	0	-30	-28	32
1347	167	2.5	0	-30	29	-32
1348	167	3	0	28	30	-32
1349	167	3.5	0	-28	31	-32
1350	167	4	0	-28	32	28
1352	168	1	0	-28	30	32
1354	168	2	0	27	32	-32
1356	168	3	0	26	-32	33
1358	168	4	0	-26	31	-33
1360	169	1	25	25	29	34
1362	169	2	-25	29	32	-34
1364	169	3	-25	-29	-32	32
1365	169	3.5	-25	28	31	-32
1366	169	4	21	28	30	-32
1367	169	4.5	-21	-28	29	-32
1368	170	1	25	-28	30	-32
1369	170	1.5	-25	27	-30	-32
1370	170	2	-25	27	29	31
1371	170	2.5	-25	26	-29	-31
1371.5	170	2.75	-25	27	-29	-31
1372	170	3	26	28	-29	30
1374	170	4	-26	-28	28	-30
1376	171	1	27	25	29	29
1378	171	2	-27	-25	-29	36
1379	171	2.5	-27	26	-29	-36
1380	171	3	25	27	-29	-36
1381	171	3.5	-25	-27	-29	35
1382	171	4	-25	25	-29	34
1383	171	4.5	-25	26	-29	-34
1384	172	1	-25	27	-29	-34
1385	172	1.5	-25	28	-29	-34
1386	172	2	24	29	-29	33
1388	172	3	23	-29	25	32
1390	172	4	-23	28	-25	-32
1392	173	1	22	29	0	31
1394	173	2	-22	-29	26	-31
1396	173	3	-22	-29	26	-31
1398	173	4	-22	-29	26	-31
1400	174	1	-22	-29	27	0
1402	174	2	-22	-29	26	33
1404	174	3	-22	0	29	33
1406	174	4	-22	0	-29	33
1408	175	1	0	0	-29	34
1410	175	2	0	0	28	33
1412	175	3	0	0	27	36
1414	175	4	0	0	25	-36
1416	176	1	0	0	32	-36
1418	176	2	0	0	-32	35
1420	176	3	0	0	-32	34
1422	176	4	0	0	31	33
1424	177	1	0	0	30	32
1426	177	2	0	27	29	31
1428	177	3	0	25	-29	30
1430	177	4	0	26	28	-30
1432	178	1	0	27	29	29
1434	178	2	26	28	26	33
1436	178	3	24	-28	0	-33
1437	178	3.5	-24	26	0	-33
1438	178	4	25	29	0	32
1439	178	4.5	-25	-29	0	31
1440	179	1	26	-29	0	30
1442	179	2	-26	28	26	-30
1444	179	3	22	29	26	31
1446	179	4	-22	-29	26	-31
1448	180	1	22	26	29	-31
1450	180	2	22	-26	-29	-31
1452	180	3	25	0	-29	29
1454	180	4	-25	0	28	-29
1456	181	1	-25	27	27	29
1458	181	2	24	-27	26	29
1460	181	3	23	27	-26	32
1462	181	4	23	28	25	-32
1464	182	1	22	29	26	-32
1466	182	2	-22	-29	26	31
1468	182	3	0	-29	26	30
1470	182	4	0	28	26	30
1472	183	1	0	27	29	29
1473	183	1.5	0	-27	-29	30
1474	183	2	0	27	-29	31
1475	183	2.5	0	-27	-29	29
1476	183	3	0	26	-29	30
1478	183	4	26	-26	28	-30
1480	184	1	24	0	26	29
1482	184	2	25	0	27	-29
1484	184	3	21	25	28	0
1486	184	4	23	-25	-28	32
1488	185	1	24	26	0	31
1490	185	2	25	27	0	29
1492	185	3	21	25	0	30
1494	185	4	21	28	25	-30
1496	186	1	24	28	26	0
1498	186	2	22	27	24	31
1500	186	3	21	28	25	30
1502	186	4	-21	26	28	28
1504	187	1	0	25	-28	29
1506	187	2	25	29	27	-29
1508	187	3	23	-29	28	30
1509	187	3.5	-23	28	-28	-30
1510	187	4	21	28	-28	32
1512	188	1	25	-28	29	32
1514	188	2	-25	27	25	32
1516	188	3	21	28	-25	32
1517	188	3.5	-21	-28	26	-32
1518	188	4	25	29	27	-32
1519	188	4.5	-25	-29	28	33
1520	189	1	-25	27	29	34
1522	189	2	24	28	26	33
1524	189	3	23	-28	27	-33
1525	189	3.5	-23	27	-27	32
1526	189	4	-23	26	28	32
1527	189	4.5	-23	25	-28	-32
1528	190	1	22	26	29	-32
1530	190	2	-22	-26	-29	31
1532	190	3	18	0	27	32
1534	190	4	-18	29	-27	-32
1536	191	1	25	-29	-27	-32
1538	191	2	-25	28	-27	-32
1540	191	3	-25	27	0	0
1542	191	4	24	26	0	0
1544	192	1	23	25	0	0
1546	192	2	22	24	0	0
1548	192	3	21	25	0	0
1550	192	4	20	-25	0	0
1552	193	1	21	26	0	0
1554	193	2	22	27	0	0
1556	193	3	-22	26	0	0
1558	193	4	24	29	0	0
1560	194	1	23	-29	0	0
1562	194	2	-23	28	0	0
1564	194	3	22	29	0	0
1566	194	4	25	-29	0	0
1568	195	1	24	-29	0	0
1570	195	2	25	-29	0	0
1573	195	3.5	26	0	0	0
1574	195	4	27	29	0	0
1575	195	4.5	25	-29	0	0
1576	196	1	26	28	0	0
1578	196	2	27	29	0	0
1580	196	3	25	-29	0	0
1581	196	3.5	-25	30	0	0
1582	196	4	26	31	0	0
1583	196	4.5	-26	29	0	0
1584	197	1	-26	30	0	0
1585	197	1.5	25	-30	0	0
1586	197	2	24	29	0	0
1587	197	2.5	23	-29	0	0
1588	197	3	22	-29	0	0
1589	197	3.5	-22	28	0	0
1590	197	4	25	27	0	0
1592	198	1	-25	26	0	33
1594	198	2	24	-26	0	-33
1596	198	3	25	27	29	-33
1598	198	4	-25	-27	-29	32
1600	199	1	0	26	-29	31
1602	199	2	0	-26	28	30
1604	199	3	0	0	27	29
1606	199	4	0	0	26	28
1608	200	1	0	0	25	29
1610	200	2	0	0	24	-29
1612	200	3	0	0	25	30
1614	200	4	0	0	26	31
1616	201	1	0	0	27	-31
1617	201	1.5	0	0	26	-31
1618	201	2	0	0	29	30
1619	201	2.5	0	0	-29	29
1620	201	3	0	26	-29	30
1622	201	4	0	-26	28	-30
1624	202	1	22	-26	29	29
1626	202	2	-22	25	-29	-29
1628	202	3	-22	24	0	-29
1630	202	4	21	23	25	-29
1632	203	1	20	22	-25	0
1634	203	2	19	21	24	0
1636	203	3	18	25	23	0
1638	203	4	25	-25	-23	0
1640	204	1	-25	26	22	33
1642	204	2	24	-26	-22	-33
1644	204	3	25	27	29	-33
1646	204	4	-25	-27	-29	32
1648	205	1	22	26	-29	31
1650	205	2	-22	-26	28	30
1651	205	2.5	-22	25	-28	-30
1652	205	3	-22	24	27	29
1654	205	4	21	25	28	30
1656	206	1	20	-25	25	-30
1657	206	1.5	-20	24	-25	29
1658	206	2	-20	23	-25	29
1659	206	2.5	-20	22	-25	-29
1660	206	3	19	23	26	-29
1662	206	4	-19	-23	-26	28
1663	206	4.5	-19	-23	25	-28
1664	207	1	0	22	24	29
1666	207	2	0	-22	25	-29
1668	207	3	26	-22	-25	-29
1670	207	4	-26	-22	24	-29
1672	208	1	27	0	25	-29
1676	208	3	-27	25	0	-29
1678	208	4	26	-25	0	-29
1680	209	1	25	27	29	0
1684	209	3	24	-27	31	0
1686	209	4	-24	26	-31	0
1688	210	1	27	25	-31	0
1690	210	2	-27	-25	30	0
1692	210	3	-27	24	29	0
1694	210	4	26	-24	28	0
1696	211	1	25	29	27	0
1698	211	2	24	-29	26	0
1700	211	3	23	-29	25	0
1702	211	4	-23	28	-25	0
1704	212	1	0	27	29	0
1706	212	2	22	-27	-29	0
1707	212	2.5	-22	26	-29	0
1707.5	212	2.75	-22	25	-29	0
1708	212	3	-22	26	0	0
1710	212	4	24	-26	0	0
1712	213	1	23	25	0	0
1714	213	2	21	-25	0	0
1716	213	3	23	0	0	0
1718	213	4	-23	25	0	0
1720	214	1	25	-25	0	0
1722	214	2	-25	27	0	0
1723	214	2.5	24	-27	0	0
1724	214	3	22	26	0	0
1726	214	4	24	24	0	0
1728	215	1	-24	26	0	0
1730	215	2	23	-26	0	0
1731	215	2.5	22	-26	0	0
1732	215	3	23	28	0	0
1734	215	4	21	-28	0	0
1735	215	4.5	22	27	0	0
1736	216	1	23	25	0	0
1737	216	1.5	24	-25	0	0
1738	216	2	25	-25	0	0
1740	216	3	-25	26	0	0
1742	216	4	24	-26	0	0
1744	217	1	25	25	29	0
1746	217	2	-25	27	-29	0
1748	217	3	22	-27	31	0
1750	217	4	-22	26	-31	0
1751	217	4.5	-22	25	-31	0
1752	218	1	-22	24	-31	33
1754	218	2	-22	-24	31	-33
1756	218	3	0	0	30	35
1758	218	4	0	0	31	-35
1762	219	2	0	0	30	35
1764	219	3	0	0	29	34
1768	220	1	0	0	28	35
1774	220	4	0	0	29	34
1776	221	1	0	0	-29	33
1778	221	2	22	0	31	-33
1780	221	3	-22	26	29	31
1782	221	4	24	-26	28	-31
1784	222	1	23	28	30	0
1786	222	2	21	-28	-30	32
1788	222	3	25	27	29	-32
1790	222	4	-25	25	-29	34
1791	222	4.5	-25	-25	30	-34
1792	223	1	24	29	31	33
1794	223	2	-24	-29	-31	31
1796	223	3	-24	28	28	33
1798	223	4	24	-28	31	-33
1799	223	4.5	-24	27	-31	-33
1800	224	1	21	26	-31	35
1802	224	2	-21	25	30	-35
1803	224	2.5	-21	-25	29	34
1804	224	3	-21	28	30	33
1806	224	4	-21	-28	-30	32
1808	225	1	24	-28	31	33
1810	225	2	-24	27	-31	-33
1811	225	2.5	-24	26	30	-33
1812	225	3	25	27	29	32
1815	225	4.5	-25	26	-29	31
1816	226	1	21	25	28	30
1817	226	1.5	-21	-25	-28	31
1818	226	2	-21	28	30	32
1819	226	2.5	-21	-28	-30	30
1820	226	3	22	27	29	31
1822	226	4	23	25	28	32
1824	227	1	22	26	29	-32
1826	227	2	-22	-26	-29	31
1828	227	3	0	25	-29	32
1830	227	4	25	-25	27	-32
1832	228	1	-25	29	27	0
1834	228	2	24	-29	-27	0
1836	228	3	23	28	0	0
1838	228	4	22	27	29	0
1840	229	1	24	26	-29	0
1842	229	2	-24	26	28	33
1844	229	3	25	29	27	-33
1846	229	4	-25	-29	25	32
1848	230	1	22	29	27	31
1850	230	2	-22	-29	-27	29
1852	230	3	-22	0	26	31
1854	230	4	-22	29	-26	-31
1856	231	1	23	-29	25	32
1858	231	2	-23	28	-25	-32
1860	231	3	0	27	-25	29
1862	231	4	25	25	-25	-29
1864	232	1	-25	27	0	-29
1866	232	2	24	26	29	-29
1868	232	3	23	25	-29	0
1870	232	4	23	-25	28	32
1872	233	1	22	29	27	-32
1874	233	2	-22	-29	26	31
1876	233	3	25	0	27	30
1878	233	4	-25	0	27	29
1880	234	1	22	29	26	31
1884	234	3	25	-29	0	32
1886	234	4	-25	28	0	-32
1888	235	1	-25	27	0	29
1890	235	2	24	26	0	-29
1892	235	3	23	25	0	0
1894	235	4	22	27	29	0
1896	236	1	23	-27	-29	0
1898	236	2	-23	26	28	32
1899	236	2.5	-23	25	-28	-32
1900	236	3	22	29	27	-32
1902	236	4	-22	-29	-27	31
1903	236	4.5	-22	27	26	-31
1903.5	236	4.75	-22	-27	25	-31
1904	237	1	0	28	26	30
1906	237	2	0	29	27	29
1908	237	3	0	-29	26	30
1910	237	4	0	28	-26	-30
1912	238	1	25	29	27	29
1914	238	2	-25	-29	25	34
1915	238	2.5	-25	-29	26	-34
1916	238	3	-25	-29	27	-34
1917	238	3.5	-25	-29	28	-34
1918	238	4	24	-29	29	33
1919	238	4.5	-24	-29	27	-33
1920	239	1	23	25	28	32
1922	239	2	22	27	29	31
1924	239	3	23	-27	-29	32
1926	239	4	-23	26	28	-32
1927	239	4.5	-23	25	-28	-32
1928	240	1	22	27	29	31
1932	240	3	-22	26	0	0
1934	240	4	-22	-26	29	31
1936	241	1	0	0	30	32
1938	241	2	0	0	29	33
1940	241	3	0	0	31	29
1941	241	3.5	0	0	-31	30
1942	241	4	0	0	-31	31
1943	241	4.5	0	0	30	32
1944	242	1	0	0	29	33
1945	242	1.5	0	0	28	-33
1946	242	2	0	0	29	34
1948	242	3	0	0	25	-34
1950	242	4	0	27	32	33
1951	242	4.5	0	-27	-32	32
1952	243	1	0	28	-32	33
1954	243	2	0	29	31	-33
1955	243	2.5	0	-29	-31	32
1955.5	243	2.75	0	-29	-31	33
1956	243	3	0	25	29	34
1957	243	3.5	0	-25	30	-34
1958	243	4	24	29	31	33
1959	243	4.5	-24	-29	29	-33
1960	244	1	25	-29	30	34
1962	244	2	26	28	-30	33
1964	244	3	22	29	31	-33
1965	244	3.5	-22	-29	-31	32
1966	244	4	24	-29	29	31
1967	244	4.5	-24	28	-29	30
1968	245	1	25	27	-29	29
1970	245	2	23	26	28	32
1971	245	2.5	-23	25	-28	-32
1972	245	3	22	26	29	-32
1974	245	4	-22	-26	-29	31
1976	246	1	25	25	0	32
1978	246	2	-25	27	29	-32
1980	246	3	0	28	30	33
1982	246	4	0	29	31	-33
1984	247	1	0	25	29	34
1985	247	1.5	0	26	-29	-34
1986	247	2	0	27	-29	-34
1987	247	2.5	0	28	30	-34
1988	247	3	0	29	31	33
1989	247	3.5	0	30	-31	-33
1990	247	4	0	31	29	-33
1991	247	4.5	0	29	-29	-33
1992	248	1	0	30	0	32
1994	248	2	24	29	26	31
1996	248	3	25	-29	27	30
1998	248	4	26	28	26	-30
2000	249	1	22	29	26	29
2002	249	2	-22	-29	31	33
2004	249	3	25	-29	32	34
2006	249	4	22	29	31	33
2008	250	1	24	28	-31	-33
2009	250	1.5	-24	-28	30	32
2010	250	2	25	27	29	32
2011	250	2.5	-25	-27	28	-32
2012	250	3	22	26	29	-32
2014	250	4	-22	-26	-29	31
2016	251	1	18	25	29	32
*-	*-	*-	*-	*-	*-	*-
