**absq	**bar	**beat	**b7	**b7
0	1	1	30	35
2	1	1.5	30	35
4	1	2	30	35
6	1	2.5	30	35
8	2	1	30	35
12	2	2	30	35
16	3	1	30	35
18	3	1.5	30	35
20	3	2	29	36
24	4	1	30	35
26	4	1.5	-30	34
28	4	2	29	-34
30	4	2.5	28	33
32	5	1	27	-33
34	5	1.5	-27	32
36	5	2	26	33
40	6	1	0	0
40	6	1	28	35
44	6	2	30	35
46	6	2.5	30	35
48	7	1	30	35
50	7	1.5	30	35
52	7	2	30	35
54	7	2.5	30	35
56	8	1	28	35
60	8	2	29	34
62	8	2.5	30	35
64	9	1	31	36
68	9	2	28	35
72	10	1	0	0
76	10	2	30	35
78	10	2.5	30	35
80	11	1	30	35
84	11	2	30	35
88	12	1	30	35
90	12	1.5	30	35
92	12	2	30	35
94	12	2.5	30	35
96	13	1	30	35
98	13	1.5	30	35
100	13	2	30	35
104	14	1	28	0
106	14	1.5	-28	35
108	14	2	30	35
110	14	2.5	30	35
112	15	1	30	35
116	15	2	29	36
120	16	1	30	35
122	16	1.5	-30	34
124	16	2	29	-34
126	16	2.5	28	33
128	17	1	27	-33
130	17	1.5	-27	32
132	17	2	26	33
136	18	1	0	0
136	18	1	30	35
140	18	2	30	35
144	19	1	30	35
148	19	2	30	35
150	19	2.5	30	35
152	20	1	30	35
154	20	1.5	30	35
156	20	2	30	35
158	20	2.5	30	35
160	21	1	30	35
164	21	2	30	35
168	22	1	30	35
170	22	1.5	30	35
172	22	2	30	35
176	23	1	30	35
178	23	1.5	31	36
181	23	2.25	30	35
182	23	2.5	29	34
183	23	2.75	28	33
184	24	1	29	34
188	24	2	28	35
192	25	1	0	0
196	25	2	30	35
198	25	2.5	30	35
200	26	1	30	35
204	26	2	30	35
208	27	1	30	35
210	27	1.5	30	35
212	27	2	30	35
214	27	2.5	30	35
216	28	1	30	35
218	28	1.5	30	35
220	28	2	30	35
224	29	1	30	35
228	29	2	29	34
232	30	1	28	33
234	30	1.5	29	34
236	30	2	30	35
238	30	2.5	31	36
240	31	1	29	-36
241	31	1.25	-29	35
242	31	1.5	-29	34
243	31	1.75	28	33
244	31	2	27	32
246	31	2.5	26	33
248	32	1	27	-33
250	32	1.5	-27	32
252	32	2	26	33
256	33	1	0	0
256	33	1	30	35
260	33	2	30	35
262	33	2.5	30	35
264	34	1	30	35
266	34	1.5	30	35
268	34	2	30	35
272	35	1	30	35
276	35	2	30	35
278	35	2.5	30	35
280	36	1	30	35
282	36	1.5	30	35
284	36	2	30	35
288	37	1	29	34
292	37	2	30	35
294	37	2.5	29	36
296	38	1	30	-36
298	38	1.5	-30	35
300	38	2	29	36
304	39	1	0	0
308	39	2	30	35
312	40	1	30	35
314	40	1.5	30	35
316	40	2	30	35
320	41	1	30	35
324	41	2	31	36
326	41	2.5	30	35
328	42	1	29	34
330	42	1.5	30	35
332	42	2	28	-35
334	42	2.5	-28	34
335	42	2.75	-28	33
336	43	1	27	32
338	43	1.5	26	33
340	43	2	27	-33
342	43	2.5	-27	32
344	44	1	26	33
352	45	1	0	0
352	45	1	30	35
354	45	1.5	30	35
356	45	2	30	35
358	45	2.5	30	35
360	46	1	30	35
364	46	2	30	35
366	46	2.5	30	35
368	47	1	30	35
370	47	1.5	30	35
372	47	2	30	35
376	48	1	30	35
378	48	1.5	30	35
380	48	2	29	34
384	49	1	30	35
386	49	1.5	31	36
389	49	2.25	30	35
390	49	2.5	29	34
391	49	2.75	28	33
392	50	1	29	34
396	50	2	28	35
400	51	1	0	0
404	51	2	30	35
406	51	2.5	30	35
408	52	1	30	35
410	52	1.5	30	35
412	52	2	30	35
416	53	1	30	35
418	53	1.5	30	35
420	53	2	30	35
422	53	2.5	30	35
424	54	1	30	35
428	54	2	29	36
432	55	1	30	35
434	55	1.5	-30	34
436	55	2	29	-34
438	55	2.5	28	33
440	56	1	27	-33
442	56	1.5	-27	32
444	56	2	26	33
448	57	1	0	0
448	57	1	30	35
452	57	2	30	35
456	58	1	30	35
460	58	2	29	34
462	58	2.5	30	35
464	59	1	31	36
466	59	1.5	30	35
468	59	2	29	-35
470	59	2.5	-29	34
472	60	1	28	35
476	60	2	0	0
480	61	1	30	35
484	61	2	30	35
486	61	2.5	30	35
488	62	1	30	35
490	62	1.5	30	35
492	62	2	30	35
496	63	1	31	36
498	63	1.5	30	35
500	63	2	29	34
502	63	2.5	30	35
506	64	1.5	29	34
507	64	1.75	28	33
508	64	2	27	32
510	64	2.5	26	33
512	65	1	27	-33
514	65	1.5	-27	32
516	65	2	26	33
520	66	1	0	0
520	66	1	30	35
522	66	1.5	30	35
524	66	2	30	35
528	67	1	30	35
532	67	2	30	35
534	67	2.5	30	35
536	68	1	30	35
538	68	1.5	30	35
540	68	2	30	35
544	69	1	30	35
546	69	1.5	30	35
548	69	2	30	35
550	69	2.5	30	35
552	70	1	30	35
556	70	2	30	35
558	70	2.5	31	36
561	71	1.25	30	35
562	71	1.5	29	34
563	71	1.75	28	33
564	71	2	29	34
568	72	1	28	35
572	72	2	0	0
576	73	1	30	35
580	73	2	30	35
582	73	2.5	30	35
586	74	1.5	30	35
588	74	2	30	35
590	74	2.5	31	36
592	75	1	29	-36
593	75	1.25	-29	35
594	75	1.5	-29	34
595	75	1.75	28	33
596	75	2	27	32
598	75	2.5	26	33
600	76	1	27	-33
602	76	1.5	-27	32
604	76	2	26	33
608	77	1	0	0
608	77	1	30	35
612	77	2	30	35
614	77	2.5	30	35
616	78	1	30	35
618	78	1.5	30	35
620	78	2	30	35
624	79	1	30	35
628	79	2	30	35
630	79	2.5	30	35
632	80	1	30	35
636	80	2	29	34
638	80	2.5	28	33
640	81	1	27	32
642	81	1.5	28	33
644	81	2	29	34
648	82	1	28	35
652	82	2	29	34
656	83	1	28	33
659	83	1.75	29	34
660	83	2	30	35
662	83	2.5	29	36
664	84	1	30	-36
666	84	1.5	-30	35
668	84	2	29	36
672	85	1	0	0
676	85	2	30	35
680	86	1	30	35
682	86	1.5	30	35
684	86	2	30	35
688	87	1	30	35
692	87	2	30	35
696	88	1	30	35
698	88	1.5	30	35
700	88	2	30	35
702	88	2.5	30	35
704	89	1	30	35
706	89	1.5	30	35
708	89	2	30	35
712	90	1	30	35
714	90	1.5	30	35
716	90	2	30	35
720	91	1	30	35
724	91	2	29	34
726	91	2.5	28	33
728	92	1	27	-33
730	92	1.5	-27	32
732	92	2	26	33
736	93	1	0	0
740	93	2	30	35
744	94	1	30	35
746	94	1.5	30	35
748	94	2	30	35
750	94	2.5	30	35
752	95	1	30	35
756	95	2	31	36
758	95	2.5	30	35
760	96	1	29	34
762	96	1.5	30	35
766	96	2.5	29	34
767	96	2.75	28	33
768	97	1	27	32
770	97	1.5	26	33
772	97	2	27	-33
774	97	2.5	-27	32
776	98	1	26	33
784	99	1	0	0
784	99	1	30	35
786	99	1.5	30	35
788	99	2	30	35
792	100	1	30	35
796	100	2	30	35
798	100	2.5	30	35
800	101	1	30	35
802	101	1.5	30	35
804	101	2	30	35
808	102	1	0	0
812	102	2	30	35
814	102	2.5	30	35
816	103	1	30	35
820	103	2	30	35
824	104	1	30	35
826	104	1.5	30	35
828	104	2	30	35
830	104	2.5	30	35
832	105	1	30	35
836	105	2	29	34
838	105	2.5	30	35
840	106	1	28	35
842	106	1.5	31	36
845	106	2.25	30	35
846	106	2.5	29	34
847	106	2.75	28	33
848	107	1	29	34
852	107	2	28	35
856	108	1	0	0
860	108	2	30	35
862	108	2.5	30	35
864	109	1	30	35
868	109	2	30	35
872	110	1	30	35
874	110	1.5	30	35
876	110	2	30	35
878	110	2.5	30	35
880	111	1	30	35
884	111	2	29	36
888	112	1	30	35
890	112	1.5	28	33
892	112	2	29	34
894	112	2.5	30	35
898	113	1.5	29	34
899	113	1.75	28	33
900	113	2	27	32
902	113	2.5	26	33
904	114	1	27	-33
906	114	1.5	-27	32
908	114	2	26	33
912	115	1	0	0
912	115	1	30	35
916	115	2	30	35
918	115	2.5	30	35
920	116	1	30	35
924	116	2	29	34
926	116	2.5	-29	36
928	117	1	31	-36
930	117	1.5	30	35
932	117	2	29	-35
934	117	2.5	-29	34
936	118	1	28	35
940	118	2	0	0
944	119	1	30	35
948	119	2	30	35
950	119	2.5	30	35
952	120	1	30	35
956	120	2	29	34
958	120	2.5	-29	36
960	121	1	29	-36
961	121	1.25	-29	35
962	121	1.5	-29	34
963	121	1.75	28	33
964	121	2	27	32
966	121	2.5	26	33
968	122	1	27	-33
970	122	1.5	-27	32
972	122	2	26	33
976	123	1	0	0
976	123	1	30	35
978	123	1.5	30	35
980	123	2	30	35
982	123	2.5	30	35
984	124	1	30	35
986	124	1.5	30	35
988	124	2	30	35
990	124	2.5	30	35
992	125	1	30	35
996	125	2	29	34
1000	126	1	30	35
1002	126	1.5	31	36
1005	126	2.25	30	35
1006	126	2.5	29	34
1007	126	2.75	28	33
1008	127	1	29	34
1012	127	2	28	35
1016	128	1	0	0
1020	128	2	30	35
1022	128	2.5	30	35
1024	129	1	30	35
1026	129	1.5	30	35
1028	129	2	30	35
1032	130	1	29	34
1036	130	2	30	35
1038	130	2.5	31	36
1040	131	1	29	-36
1041	131	1.25	-29	35
1042	131	1.5	-29	34
1043	131	1.75	28	33
1044	131	2	27	32
1046	131	2.5	26	33
1048	132	1	27	-33
1050	132	1.5	-27	32
1052	132	2	26	33
*-	*-	*-	*-	*-
