**absq	**bar	**beat	**b7	**b7
0	1	1	28	35
4	1	2	30	35
8	2	1	30	35
10	2	1.5	30	35
12	2	2	30	35
16	3	1	30	35
18	3	1.5	30	35
20	3	2	30	35
22	3	2.5	30	35
24	4	1	28	35
28	4	2	30	35
32	5	1	30	35
34	5	1.5	30	35
36	5	2	30	35
40	6	1	29	34
44	6	2	28	33
46	6	2.5	29	34
48	7	1	30	35
50	7	1.5	31	36
54	7	2.5	30	35
56	8	1	29	-35
58	8	1.5	-29	34
60	8	2	28	35
64	9	1	0	0
64	9	1	28	35
68	9	2	30	35
70	9	2.5	30	35
72	10	1	30	35
74	10	1.5	30	35
76	10	2	30	35
80	11	1	29	34
82	11	1.5	28	33
84	11	2	27	32
86	11	2.5	28	35
88	12	1	29	-35
90	12	1.5	-29	34
92	12	2	28	35
96	13	1	0	0
100	13	2	30	35
104	14	1	30	35
106	14	1.5	30	35
108	14	2	30	35
112	15	1	29	34
114	15	1.5	28	33
116	15	2	29	34
120	16	1	30	35
124	16	2	28	33
126	16	2.5	29	34
128	17	1	30	35
130	17	1.5	31	36
134	17	2.5	30	35
136	18	1	29	-35
138	18	1.5	-29	34
140	18	2	28	35
144	19	1	0	0
144	19	1	30	35
146	19	1.5	30	35
148	19	2	30	35
150	19	2.5	30	35
152	20	1	28	35
156	20	2	30	35
158	20	2.5	30	35
160	21	1	30	35
162	21	1.5	30	35
164	21	2	30	35
168	22	1	31	36
172	22	2	28	35
176	23	1	0	0
180	23	2	30	35
184	24	1	30	35
186	24	1.5	30	35
188	24	2	30	35
190	24	2.5	30	35
192	25	1	30	35
196	25	2	29	34
198	25	2.5	28	33
200	26	1	27	32
202	26	1.5	28	35
204	26	2	29	-35
206	26	2.5	-29	34
208	27	1	28	35
216	28	1	0	0
216	28	1	30	35
218	28	1.5	30	35
220	28	2	30	35
222	28	2.5	30	35
224	29	1	30	35
228	29	2	30	35
232	30	1	30	35
234	30	1.5	30	35
236	30	2	30	35
238	30	2.5	30	35
240	31	1	28	35
244	31	2	30	35
246	31	2.5	30	35
248	32	1	29	34
250	32	1.5	28	33
252	32	2	27	32
254	32	2.5	28	35
256	33	1	29	-35
258	33	1.5	-29	34
260	33	2	28	35
264	34	1	0	0
268	34	2	30	35
270	34	2.5	30	35
272	35	1	30	35
274	35	1.5	30	35
276	35	2	30	35
278	35	2.5	30	35
280	36	1	28	35
284	36	2	29	34
288	37	1	30	35
290	37	1.5	31	36
294	37	2.5	30	35
296	38	1	29	-35
298	38	1.5	-29	34
300	38	2	28	35
304	39	1	0	0
304	39	1	30	35
308	39	2	30	35
310	39	2.5	30	35
312	40	1	30	35
314	40	1.5	30	35
316	40	2	28	35
320	41	1	30	35
322	41	1.5	30	35
324	41	2	30	35
328	42	1	30	35
330	42	1.5	30	35
332	42	2	30	35
334	42	2.5	30	35
336	43	1	30	35
340	43	2	30	35
342	43	2.5	30	35
344	44	1	31	36
348	44	2	28	35
352	45	1	0	0
356	45	2	30	35
360	46	1	30	35
362	46	1.5	30	35
364	46	2	30	35
366	46	2.5	30	35
368	47	1	30	35
372	47	2	29	34
374	47	2.5	28	33
376	48	1	27	32
378	48	1.5	28	35
380	48	2	29	-35
382	48	2.5	-29	34
384	49	1	28	35
392	50	1	0	0
392	50	1	28	35
396	50	2	30	35
398	50	2.5	30	35
400	51	1	30	35
404	51	2	30	35
406	51	2.5	30	35
408	52	1	30	35
410	52	1.5	30	35
412	52	2	28	35
416	53	1	29	34
418	53	1.5	28	33
420	53	2	27	32
422	53	2.5	28	35
424	54	1	29	-35
426	54	1.5	-29	34
428	54	2	28	35
432	55	1	0	0
436	55	2	30	35
440	56	1	30	35
442	56	1.5	30	35
444	56	2	30	35
446	56	2.5	30	35
448	57	1	30	35
452	57	2	30	35
454	57	2.5	31	36
458	58	1.5	30	35
460	58	2	29	-35
462	58	2.5	-29	34
464	59	1	28	35
472	60	1	0	0
472	60	1	28	35
476	60	2	30	35
478	60	2.5	30	35
480	61	1	30	35
484	61	2	30	35
486	61	2.5	30	35
488	62	1	30	35
490	62	1.5	30	35
492	62	2	30	35
496	63	1	30	35
498	63	1.5	30	35
500	63	2	30	35
502	63	2.5	30	35
504	64	1	28	35
508	64	2	29	34
510	64	2.5	30	35
512	65	1	31	36
514	65	1.5	30	35
516	65	2	29	-35
518	65	2.5	-29	34
520	66	1	28	35
524	66	2	0	0
528	67	1	30	35
532	67	2	30	35
536	68	1	30	35
538	68	1.5	30	35
540	68	2	30	35
542	68	2.5	30	35
544	69	1	30	35
548	69	2	29	34
550	69	2.5	28	33
552	70	1	27	32
554	70	1.5	28	35
556	70	2	29	-35
558	70	2.5	-29	34
560	71	1	28	35
568	72	1	0	0
568	72	1	28	35
572	72	2	30	35
574	72	2.5	30	35
576	73	1	30	35
580	73	2	30	35
582	73	2.5	30	35
584	74	1	29	34
586	74	1.5	28	33
588	74	2	27	32
590	74	2.5	28	35
592	75	1	29	-35
594	75	1.5	-29	34
596	75	2	28	35
600	76	1	0	0
604	76	2	30	35
606	76	2.5	30	35
608	77	1	28	35
612	77	2	28	33
614	77	2.5	29	34
616	78	1	30	35
618	78	1.5	31	36
622	78	2.5	30	35
624	79	1	29	-35
626	79	1.5	-29	34
628	79	2	28	35
632	80	1	0	0
632	80	1	27	32
634	80	1.5	28	33
636	80	2	27	32
638	80	2.5	28	35
640	81	1	29	-35
642	81	1.5	-29	34
644	81	2	28	35
648	82	1	30	35
650	82	1.5	29	36
652	82	2	31	-36
654	82	2.5	30	35
656	83	1	29	-35
658	83	1.5	-29	34
660	83	2	28	35
664	84	1	0	0
668	84	2	30	35
672	85	1	30	35
676	85	2	30	35
678	85	2.5	30	35
680	86	1	30	35
682	86	1.5	30	35
684	86	2	30	35
686	86	2.5	30	35
688	87	1	30	35
692	87	2	30	35
694	87	2.5	30	35
696	88	1	30	35
698	88	1.5	30	35
700	88	2	30	35
704	89	1	28	33
706	89	1.5	29	34
708	89	2	30	35
710	89	2.5	31	36
714	90	1.5	30	35
716	90	2	29	-35
718	90	2.5	-29	34
720	91	1	28	35
728	92	1	0	0
728	92	1	30	35
730	92	1.5	30	35
732	92	2	30	35
734	92	2.5	30	35
736	93	1	30	35
740	93	2	30	35
742	93	2.5	30	35
744	94	1	30	35
746	94	1.5	30	35
748	94	2	28	35
752	95	1	30	35
754	95	1.5	29	36
756	95	2	31	-36
758	95	2.5	30	35
760	96	1	29	-35
762	96	1.5	-29	34
764	96	2	28	35
768	97	1	0	0
772	97	2	30	35
774	97	2.5	30	35
776	98	1	30	35
778	98	1.5	30	35
780	98	2	30	35
784	99	1	29	34
786	99	1.5	28	33
788	99	2	27	32
790	99	2.5	28	35
792	100	1	29	-35
794	100	1.5	-29	34
796	100	2	28	35
800	101	1	0	0
800	101	1	30	35
804	101	2	30	35
806	101	2.5	30	35
808	102	1	30	35
812	102	2	30	35
816	103	1	28	35
818	103	1.5	31	36
822	103	2.5	30	35
824	104	1	29	-35
826	104	1.5	-29	34
828	104	2	28	35
832	105	1	0	0
836	105	2	30	35
840	106	1	30	35
844	106	2	30	35
846	106	2.5	30	35
848	107	1	30	35
852	107	2	28	33
854	107	2.5	29	34
856	108	1	30	35
858	108	1.5	31	36
862	108	2.5	30	35
864	109	1	29	-35
866	109	1.5	-29	34
868	109	2	28	35
872	110	1	0	0
872	110	1	28	35
876	110	2	30	35
878	110	2.5	30	35
880	111	1	30	35
882	111	1.5	30	35
884	111	2	28	35
888	112	1	29	34
890	112	1.5	28	33
892	112	2	29	34
894	112	2.5	29	34
896	113	1	30	35
898	113	1.5	30	35
900	113	2	29	34
902	113	2.5	28	33
904	114	1	27	32
906	114	1.5	28	35
908	114	2	29	-35
910	114	2.5	-29	34
912	115	1	28	35
916	115	2	0	0
920	116	1	30	35
924	116	2	30	35
926	116	2.5	30	35
928	117	1	30	35
932	117	2	30	35
936	118	1	30	35
938	118	1.5	30	35
940	118	2	30	35
942	118	2.5	30	35
944	119	1	28	35
948	119	2	30	35
950	119	2.5	31	36
954	120	1.5	30	35
956	120	2	29	-35
958	120	2.5	-29	34
960	121	1	28	35
968	122	1	0	0
968	122	1	30	35
972	122	2	30	35
974	122	2.5	30	35
976	123	1	30	35
980	123	2	30	35
982	123	2.5	30	35
984	124	1	30	35
986	124	1.5	30	35
988	124	2	30	35
992	125	1	29	34
994	125	1.5	28	33
996	125	2	27	32
998	125	2.5	28	35
1000	126	1	29	-35
1002	126	1.5	-29	34
1004	126	2	28	35
1008	127	1	0	0
1012	127	2	30	35
1016	128	1	30	35
1018	128	1.5	30	35
1020	128	2	30	35
1022	128	2.5	30	35
1024	129	1	30	35
1026	129	1.5	30	35
1028	129	2	30	35
1032	130	1	29	34
1034	130	1.5	28	33
1036	130	2	27	-33
1038	130	2.5	-27	32
1040	131	1	28	33
1044	131	2	29	34
1048	132	1	30	35
1050	132	1.5	30	35
1052	132	2	30	35
1054	132	2.5	30	35
1056	133	1	30	35
1060	133	2	28	33
1062	133	2.5	29	34
1064	134	1	30	35
1066	134	1.5	31	36
1070	134	2.5	30	35
1072	135	1	29	-35
1074	135	1.5	-29	34
1076	135	2	28	35
1080	136	1	0	0
1080	136	1	28	35
1084	136	2	30	35
1086	136	2.5	30	35
1088	137	1	30	35
1090	137	1.5	30	35
1092	137	2	28	35
1096	138	1	30	35
1100	138	2	30	35
1102	138	2.5	30	35
1104	139	1	30	35
1108	139	2	30	35
1110	139	2.5	31	36
1114	140	1.5	30	35
1116	140	2	29	-35
1118	140	2.5	-29	34
1120	141	1	28	35
1124	141	2	0	0
1128	142	1	30	35
1130	142	1.5	30	35
1132	142	2	30	35
1134	142	2.5	30	35
1136	143	1	29	34
1138	143	1.5	29	34
1140	143	2	28	33
1142	143	2.5	29	34
1144	144	1	30	35
1146	144	1.5	31	36
1150	144	2.5	30	35
1152	145	1	29	-35
1154	145	1.5	-29	34
1156	145	2	28	35
1160	146	1	0	0
1160	146	1	30	35
1164	146	2	30	35
1166	146	2.5	30	35
1168	147	1	30	35
1170	147	1.5	30	35
1172	147	2	28	35
1176	148	1	29	34
1178	148	1.5	28	33
1180	148	2	27	32
1182	148	2.5	28	35
1184	149	1	29	-35
1186	149	1.5	-29	34
1188	149	2	28	35
1192	150	1	0	0
1196	150	2	30	35
1200	151	1	30	35
1202	151	1.5	30	35
1204	151	2	30	35
1208	152	1	30	35
1210	152	1.5	31	36
1214	152	2.5	30	35
1216	153	1	29	-35
1218	153	1.5	-29	34
1220	153	2	28	35
1224	154	1	0	0
1224	154	1	30	35
1228	154	2	30	35
1230	154	2.5	30	35
1232	155	1	30	35
1234	155	1.5	30	35
1236	155	2	28	35
1240	156	1	29	34
1242	156	1.5	28	33
1244	156	2	27	32
1247	156	2.75	28	33
1248	157	1	29	34
1250	157	1.5	28	35
1252	157	2	29	-35
1254	157	2.5	-29	34
1256	158	1	28	35
1260	158	2	0	0
1264	159	1	30	35
1266	159	1.5	30	35
1268	159	2	30	35
1270	159	2.5	30	35
1272	160	1	30	35
1276	160	2	30	35
1278	160	2.5	30	35
1280	161	1	28	35
1284	161	2	29	34
1288	162	1	28	33
1290	162	1.5	29	34
1292	162	2	30	35
1294	162	2.5	31	36
1298	163	1.5	30	35
1300	163	2	29	-35
1302	163	2.5	-29	34
1304	164	1	28	35
1312	165	1	0	0
1312	165	1	30	35
1316	165	2	30	35
1318	165	2.5	30	35
1320	166	1	30	35
1324	166	2	30	35
1326	166	2.5	29	36
1328	167	1	31	-36
1330	167	1.5	30	35
1332	167	2	29	-35
1334	167	2.5	-29	34
1336	168	1	28	35
1340	168	2	0	0
1344	169	1	30	35
1348	169	2	30	35
1350	169	2.5	30	35
1352	170	1	30	35
1354	170	1.5	30	35
1356	170	2	30	35
1358	170	2.5	30	35
1360	171	1	30	35
1364	171	2	28	33
1366	171	2.5	29	34
1368	172	1	27	32
1370	172	1.5	28	35
1372	172	2	29	-35
1374	172	2.5	-29	34
1376	173	1	28	35
1384	174	1	0	0
1384	174	1	30	35
1386	174	1.5	30	35
1388	174	2	30	35
1390	174	2.5	30	35
1392	175	1	28	35
1396	175	2	30	35
1400	176	1	30	35
1402	176	1.5	29	34
1404	176	2	30	35
1406	176	2.5	31	36
1410	177	1.5	30	35
1412	177	2	29	-35
1414	177	2.5	-29	34
1416	178	1	28	35
1420	178	2	0	0
1424	179	1	30	35
1426	179	1.5	30	35
1428	179	2	30	35
1430	179	2.5	30	35
1432	180	1	29	34
1434	180	1.5	29	34
1436	180	2	28	33
1438	180	2.5	29	34
1440	181	1	30	35
1442	181	1.5	31	36
1446	181	2.5	30	35
1448	182	1	29	-35
1450	182	1.5	-29	34
1452	182	2	28	35
1456	183	1	0	0
1456	183	1	30	35
1460	183	2	30	35
1462	183	2.5	30	35
1464	184	1	30	35
1466	184	1.5	30	35
1468	184	2	28	35
1472	185	1	30	35
1474	185	1.5	30	35
1476	185	2	30	35
1480	186	1	29	34
1484	186	2	28	33
1488	187	1	27	32
1491	187	1.75	28	33
1492	187	2	29	34
1494	187	2.5	28	35
1496	188	1	29	-35
1498	188	1.5	-29	34
1500	188	2	28	35
1504	189	1	0	0
1508	189	2	30	35
1510	189	2.5	30	35
1512	190	1	30	35
1516	190	2	30	35
1518	190	2.5	30	35
1520	191	1	30	35
1522	191	1.5	30	35
1524	191	2	28	35
1528	192	1	28	33
1530	192	1.5	29	34
1532	192	2	30	35
1534	192	2.5	31	36
1538	193	1.5	30	35
1540	193	2	29	-35
1542	193	2.5	-29	34
1544	194	1	28	35
1552	195	1	0	0
1552	195	1	30	35
1556	195	2	30	35
1558	195	2.5	30	35
1560	196	1	30	35
1564	196	2	30	35
1566	196	2.5	30	35
1568	197	1	30	35
1570	197	1.5	30	35
1574	197	2.5	31	36
1578	198	1.5	30	35
1580	198	2	29	-35
1582	198	2.5	-29	34
1584	199	1	28	35
1588	199	2	0	0
1592	200	1	28	35
1596	200	2	30	35
1598	200	2.5	30	35
1600	201	1	30	35
1602	201	1.5	30	35
1604	201	2	30	35
1608	202	1	29	34
1610	202	1.5	28	33
1612	202	2	29	34
1616	203	1	26	33
1620	203	2	29	34
1624	204	1	30	35
1626	204	1.5	30	35
1628	204	2	28	35
1632	205	1	29	34
1636	205	2	28	33
1638	205	2.5	29	34
1640	206	1	30	35
1642	206	1.5	31	36
1646	206	2.5	30	35
1648	207	1	29	-35
1650	207	1.5	-29	34
1652	207	2	28	35
1656	208	1	0	0
1656	208	1	30	35
1660	208	2	30	35
1662	208	2.5	30	35
1664	209	1	30	35
1666	209	1.5	30	35
1668	209	2	28	35
1672	210	1	30	35
1676	210	2	29	34
1680	211	1	28	33
1684	211	2	28	33
1687	211	2.75	29	34
1688	212	1	30	35
1690	212	1.5	29	36
1692	212	2	30	-36
1694	212	2.5	-30	35
1696	213	1	29	36
1700	213	2	0	0
1704	214	1	30	35
1708	214	2	30	35
1712	215	1	30	35
1716	215	2	28	33
1718	215	2.5	29	34
1720	216	1	30	35
1722	216	1.5	31	36
1726	216	2.5	30	35
1728	217	1	29	-35
1730	217	1.5	-29	34
1732	217	2	28	35
1736	218	1	0	0
1736	218	1	28	35
1740	218	2	30	35
1742	218	2.5	30	35
1744	219	1	30	35
1746	219	1.5	30	35
1748	219	2	30	35
1750	219	2.5	30	35
1752	220	1	28	35
1756	220	2	29	34
1758	220	2.5	28	33
1760	221	1	27	32
1762	221	1.5	28	35
1764	221	2	29	-35
1766	221	2.5	-29	34
1768	222	1	28	35
1772	222	2	0	0
1776	223	1	30	35
1778	223	1.5	30	35
1780	223	2	30	35
1782	223	2.5	30	35
1784	224	1	30	35
1788	224	2	29	34
1790	224	2.5	28	33
1792	225	1	27	-33
1794	225	1.5	-27	32
1796	225	2	26	33
1800	226	1	30	35
1804	226	2	30	35
1806	226	2.5	30	35
1808	227	1	29	34
1810	227	1.5	28	33
1812	227	2	29	34
1816	228	1	28	35
1820	228	2	30	0
1822	228	2.5	-30	35
1824	229	1	30	35
1826	229	1.5	30	35
1828	229	2	30	35
1832	230	1	29	34
1836	230	2	28	33
1838	230	2.5	29	34
1840	231	1	30	35
1842	231	1.5	31	36
1846	231	2.5	30	35
1848	232	1	29	-35
1850	232	1.5	-29	34
1852	232	2	28	35
1856	233	1	0	0
1856	233	1	30	35
1860	233	2	30	35
1862	233	2.5	30	35
1864	234	1	30	35
1868	234	2	29	34
1870	234	2.5	28	33
1872	235	1	27	32
1874	235	1.5	28	35
1876	235	2	29	-35
1878	235	2.5	-29	34
1880	236	1	28	35
1884	236	2	0	0
1888	237	1	30	35
1892	237	2	30	35
1894	237	2.5	30	35
1896	238	1	29	34
1900	238	2	28	33
1903	238	2.75	29	34
1904	239	1	30	35
1906	239	1.5	31	36
1910	239	2.5	30	35
1912	240	1	29	-35
1914	240	1.5	-29	34
1916	240	2	28	35
1920	241	1	0	0
1920	241	1	30	35
1922	241	1.5	30	35
1924	241	2	30	35
1926	241	2.5	30	35
1928	242	1	30	35
1930	242	1.5	30	35
1932	242	2	30	35
1934	242	2.5	30	35
1936	243	1	28	35
1940	243	2	29	34
1942	243	2.5	28	33
1944	244	1	27	32
1946	244	1.5	28	35
1948	244	2	29	-35
1950	244	2.5	-29	34
1952	245	1	28	35
1956	245	2	0	0
1960	246	1	30	35
1962	246	1.5	30	35
1964	246	2	30	35
1966	246	2.5	30	35
1968	247	1	28	35
1972	247	2	28	33
1974	247	2.5	29	34
1976	248	1	30	35
1978	248	1.5	31	36
1982	248	2.5	30	35
1984	249	1	29	-35
1986	249	1.5	-29	34
1988	249	2	28	35
*-	*-	*-	*-	*-
