**absq	**bar	**beat	**b7	**b7
0	1	1	30	35
2	1	1.5	30	35
4	1	2	30	35
8	2	1	30	35
12	2	2	29	34
14	2	2.5	28	33
16	3	1	29	34
20	3	2	28	35
24	4	1	30	35
26	4	1.5	30	35
28	4	2	29	34
30	4	2.5	28	33
32	5	1	29	34
34	5	1.5	30	35
38	5	2.5	29	34
39	5	2.75	28	33
40	6	1	27	32
42	6	1.5	26	33
44	6	2	27	-33
46	6	2.5	-27	32
48	7	1	26	33
56	8	1	0	0
56	8	1	30	35
60	8	2	30	35
62	8	2.5	30	35
64	9	1	30	35
68	9	2	30	35
70	9	2.5	30	35
72	10	1	30	35
74	10	1.5	31	36
78	10	2.5	30	35
80	11	1	29	-35
82	11	1.5	-29	34
84	11	2	28	35
88	12	1	0	0
92	12	2	30	35
94	12	2.5	30	35
96	13	1	30	35
98	13	1.5	30	35
100	13	2	28	35
104	14	1	29	34
106	14	1.5	28	33
108	14	2	29	34
110	14	2.5	30	35
114	15	1.5	29	34
118	15	2.5	28	33
120	16	1	27	-33
122	16	1.5	-27	32
124	16	2	26	33
128	17	1	0	0
128	17	1	30	35
132	17	2	30	35
134	17	2.5	30	35
136	18	1	30	35
140	18	2	29	34
142	18	2.5	30	35
144	19	1	31	36
148	19	2	28	35
152	20	1	0	0
156	20	2	30	35
160	21	1	30	35
162	21	1.5	30	35
164	21	2	30	35
168	22	1	29	34
170	22	1.5	28	33
172	22	2	29	34
174	22	2.5	30	35
178	23	1.5	29	34
179	23	1.75	28	33
180	23	2	27	32
182	23	2.5	26	33
184	24	1	27	-33
186	24	1.5	-27	32
188	24	2	26	33
192	25	1	0	0
192	25	1	30	35
196	25	2	30	35
198	25	2.5	30	35
200	26	1	28	35
204	26	2	30	35
206	26	2.5	30	35
208	27	1	30	35
210	27	1.5	30	35
212	27	2	30	35
216	28	1	31	36
218	28	1.5	30	35
220	28	2	29	-35
222	28	2.5	-29	34
224	29	1	28	35
228	29	2	0	0
232	30	1	30	35
236	30	2	30	35
238	30	2.5	30	35
240	31	1	30	35
244	31	2	29	34
246	31	2.5	28	33
248	32	1	29	34
250	32	1.5	30	35
254	32	2.5	28	33
256	33	1	27	-33
258	33	1.5	-27	32
260	33	2	26	33
264	34	1	0	0
264	34	1	30	35
268	34	2	30	35
272	35	1	30	35
274	35	1.5	30	35
276	35	2	30	35
278	35	2.5	30	35
280	36	1	28	35
284	36	2	30	35
286	36	2.5	30	35
288	37	1	30	35
290	37	1.5	29	34
292	37	2	30	35
294	37	2.5	31	36
298	38	1.5	30	35
300	38	2	29	-35
302	38	2.5	-29	34
304	39	1	28	35
308	39	2	0	0
312	40	1	30	35
316	40	2	30	35
318	40	2.5	30	35
320	41	1	30	35
322	41	1.5	30	35
324	41	2	30	35
328	42	1	29	34
330	42	1.5	28	33
332	42	2	29	34
334	42	2.5	30	35
338	43	1.5	29	34
339	43	1.75	28	33
340	43	2	27	32
342	43	2.5	26	33
344	44	1	27	-33
346	44	1.5	-27	32
348	44	2	26	33
352	45	1	0	0
352	45	1	30	35
356	45	2	30	35
358	45	2.5	30	35
360	46	1	30	35
364	46	2	30	35
366	46	2.5	29	34
368	47	1	30	35
370	47	1.5	31	36
374	47	2.5	30	35
376	48	1	29	-35
378	48	1.5	-29	34
380	48	2	28	35
384	49	1	0	0
388	49	2	30	35
392	50	1	30	35
394	50	1.5	30	35
396	50	2	30	35
398	50	2.5	30	35
400	51	1	30	35
404	51	2	29	34
406	51	2.5	28	33
408	52	1	29	34
410	52	1.5	30	35
414	52	2.5	29	34
415	52	2.75	-29	33
416	53	1	27	32
418	53	1.5	26	33
420	53	2	27	-33
422	53	2.5	-27	32
424	54	1	26	33
432	55	1	0	0
432	55	1	30	35
434	55	1.5	30	35
436	55	2	30	35
438	55	2.5	30	35
440	56	1	30	35
442	56	1.5	30	35
444	56	2	28	35
448	57	1	29	34
450	57	1.5	30	35
452	57	2	31	36
454	57	2.5	30	35
456	58	1	29	-35
458	58	1.5	-29	34
460	58	2	28	35
464	59	1	0	0
468	59	2	30	35
470	59	2.5	30	35
472	60	1	30	35
476	60	2	30	35
478	60	2.5	30	35
480	61	1	30	35
484	61	2	30	35
488	62	1	29	34
490	62	1.5	30	35
494	62	2.5	29	34
495	62	2.75	28	33
496	63	1	27	32
498	63	1.5	26	33
500	63	2	27	-33
502	63	2.5	-27	32
504	64	1	26	33
512	65	1	0	0
512	65	1	30	35
516	65	2	30	35
518	65	2.5	30	35
520	66	1	30	35
524	66	2	30	35
526	66	2.5	31	36
530	67	1.5	30	35
532	67	2	29	-35
534	67	2.5	-29	34
536	68	1	28	35
540	68	2	0	0
544	69	1	30	35
548	69	2	29	34
550	69	2.5	28	33
552	70	1	29	34
554	70	1.5	30	35
558	70	2.5	29	34
559	70	2.75	28	33
560	71	1	27	32
562	71	1.5	26	33
564	71	2	27	-33
566	71	2.5	-27	32
568	72	1	26	33
576	73	1	0	0
576	73	1	30	35
580	73	2	30	35
582	73	2.5	30	35
584	74	1	30	35
588	74	2	29	34
590	74	2.5	30	35
592	75	1	31	36
594	75	1.5	30	35
596	75	2	29	-35
598	75	2.5	-29	34
600	76	1	28	35
604	76	2	0	0
608	77	1	30	35
610	77	1.5	30	35
612	77	2	30	35
616	78	1	29	34
618	78	1.5	28	33
620	78	2	29	34
622	78	2.5	30	35
626	79	1.5	29	34
627	79	1.75	28	33
628	79	2	27	32
630	79	2.5	26	33
632	80	1	27	-33
634	80	1.5	-27	32
636	80	2	26	33
640	81	1	0	0
640	81	1	30	35
642	81	1.5	30	35
644	81	2	30	35
646	81	2.5	30	35
648	82	1	28	35
652	82	2	30	35
656	83	1	29	34
658	83	1.5	30	35
660	83	2	31	36
664	84	1	28	35
668	84	2	0	0
672	85	1	30	35
676	85	2	30	35
678	85	2.5	30	35
680	86	1	30	35
682	86	1.5	30	35
684	86	2	30	35
688	87	1	29	34
690	87	1.5	28	33
692	87	2	29	34
694	87	2.5	30	35
698	88	1.5	29	34
699	88	1.75	28	33
700	88	2	27	32
702	88	2.5	26	33
704	89	1	27	-33
706	89	1.5	-27	32
708	89	2	26	33
712	90	1	0	0
712	90	1	30	35
714	90	1.5	30	35
716	90	2	30	35
718	90	2.5	30	35
720	91	1	30	35
722	91	1.5	30	35
724	91	2	28	35
728	92	1	30	35
730	92	1.5	30	35
732	92	2	30	35
734	92	2.5	29	34
736	93	1	30	35
738	93	1.5	31	36
742	93	2.5	30	35
744	94	1	29	-35
746	94	1.5	-29	34
748	94	2	28	35
752	95	1	0	0
756	95	2	30	35
760	96	1	30	35
762	96	1.5	30	35
764	96	2	30	35
766	96	2.5	30	35
768	97	1	28	35
772	97	2	30	35
774	97	2.5	30	35
776	98	1	29	34
778	98	1.5	28	33
780	98	2	29	34
782	98	2.5	30	35
786	99	1.5	29	34
787	99	1.75	28	33
788	99	2	27	32
790	99	2.5	26	33
792	100	1	27	-33
794	100	1.5	-27	32
796	100	2	26	33
800	101	1	0	0
800	101	1	30	35
802	101	1.5	30	35
804	101	2	30	35
806	101	2.5	30	35
808	102	1	30	35
812	102	2	30	35
816	103	1	30	35
818	103	1.5	30	35
820	103	2	28	35
824	104	1	28	33
826	104	1.5	29	34
828	104	2	30	35
830	104	2.5	31	36
834	105	1.5	30	35
836	105	2	29	-35
838	105	2.5	-29	34
840	106	1	28	35
844	106	2	0	0
848	107	1	30	35
852	107	2	30	35
854	107	2.5	30	35
856	108	1	30	35
860	108	2	30	35
862	108	2.5	30	35
864	109	1	30	35
868	109	2	29	34
870	109	2.5	28	33
872	110	1	29	34
874	110	1.5	30	35
878	110	2.5	29	34
880	111	1	28	33
882	111	1.5	29	34
886	111	2.5	26	33
888	112	1	27	-33
890	112	1.5	-27	32
892	112	2	26	33
896	113	1	0	0
896	113	1	30	35
900	113	2	30	35
902	113	2.5	30	35
904	114	1	29	34
908	114	2	30	35
910	114	2.5	31	36
914	115	1.5	30	35
916	115	2	29	-35
918	115	2.5	-29	34
920	116	1	28	35
924	116	2	0	0
928	117	1	30	35
932	117	2	30	35
934	117	2.5	30	35
936	118	1	29	34
938	118	1.5	28	33
940	118	2	29	34
942	118	2.5	30	35
946	119	1.5	29	34
947	119	1.75	28	33
948	119	2	27	32
950	119	2.5	26	33
952	120	1	27	-33
954	120	1.5	-27	32
956	120	2	26	33
960	121	1	0	0
960	121	1	30	35
962	121	1.5	30	35
964	121	2	30	35
966	121	2.5	30	35
968	122	1	30	35
970	122	1.5	30	35
972	122	2	30	35
974	122	2.5	30	35
976	123	1	28	35
980	123	2	29	34
982	123	2.5	28	33
984	124	1	27	32
987	124	1.75	28	33
988	124	2	29	34
990	124	2.5	28	35
992	125	1	29	-35
994	125	1.5	-29	34
996	125	2	28	35
1000	126	1	0	0
1004	126	2	30	35
1006	126	2.5	30	35
1008	127	1	30	35
1010	127	1.5	30	35
1012	127	2	28	35
1016	128	1	30	35
1018	128	1.5	29	34
1020	128	2	28	33
1022	128	2.5	29	34
1026	129	1.5	28	33
1028	129	2	27	-33
1030	129	2.5	-27	32
1032	130	1	26	33
*-	*-	*-	*-	*-
