**absq	**bar	**beat	**b7	**b7	**b7
0	1	1	28	0	0
6	1	4	27	0	0
8	2	1	28	0	0
12	2	3	29	0	0
16	3	1	28	28	0
18	3	2	30	-28	0
22	3	4	29	27	0
24	4	1	28	28	0
26	4	2	27	-28	0
27	4	2.5	26	-28	0
28	4	3	25	29	0
30	4	4	27	-29	0
32	5	1	26	28	0
34	5	2	28	30	0
38	5	4	27	29	0
40	6	1	28	28	0
42	6	2	25	27	0
43	6	2.5	-25	26	0
44	6	3	-25	25	0
45	6	3.5	24	-25	0
46	6	4	23	27	0
47	6	4.5	22	-27	0
48	7	1	24	26	0
50	7	2	23	28	0
52	7	3	22	-28	0
54	7	4	-22	27	0
56	8	1	21	28	0
58	8	2	-21	-28	32
60	8	3	24	-28	33
62	8	4	26	-28	35
64	9	1	25	32	34
66	9	2	28	-32	35
67	9	2.5	-28	-32	36
68	9	3	-28	-32	37
69	9	3.5	27	-32	-37
70	9	4	25	-32	36
72	10	1	27	31	-36
74	10	2	28	-31	35
75	10	2.5	-28	-31	34
76	10	3	29	-31	33
80	11	1	25	32	32
82	11	2	-25	25	-32
84	11	3	0	26	35
86	11	4	0	28	-35
88	12	1	0	27	36
89	12	1.5	0	-27	35
90	12	2	0	28	34
91	12	2.5	0	29	33
92	12	3	0	30	35
94	12	4	0	29	34
97	13	1.5	0	-29	33
98	13	2	25	28	32
99	13	2.5	-25	27	-32
100	13	3	26	26	-32
102	13	4	28	-26	31
104	14	1	27	25	32
106	14	2	28	-25	-32
107	14	2.5	29	-25	-32
108	14	3	30	23	0
110	14	4	29	24	0
112	15	1	-29	25	0
114	15	2	28	26	0
115	15	2.5	27	-26	0
116	15	3	26	-26	0
117	15	3.5	-26	27	0
118	15	4	-26	28	0
119	15	4.5	-26	29	0
120	16	1	25	30	0
122	16	2	-25	29	0
123	16	2.5	24	-29	0
124	16	3	25	-29	0
126	16	4	23	28	0
128	17	1	22	-28	0
130	17	2	-22	27	0
132	17	3	21	28	30
134	17	4	-21	-28	31
135	17	4.5	-21	29	-31
136	18	1	0	30	32
138	18	2	0	31	33
140	18	3	24	-31	-33
141	18	3.5	-24	32	34
142	18	4	-24	33	35
143	18	4.5	-24	-33	36
144	19	1	25	32	37
146	19	2	-25	-32	36
148	19	3	26	30	-36
149	19	3.5	-26	-30	35
150	19	4	-26	28	35
152	20	1	25	29	-35
154	20	2	-25	-29	34
156	20	3	0	28	35
159	20	4.5	0	-28	34
160	21	1	28	0	32
162	21	2	-28	30	33
164	21	3	29	31	-33
166	21	4	-29	29	31
168	22	1	30	28	32
170	22	2	-30	-28	30
172	22	3	29	0	31
174	22	4	-29	27	30
175	22	4.5	-29	-27	29
176	23	1	0	28	28
177	23	1.5	0	-28	29
178	23	2	0	26	30
179	23	2.5	0	-26	31
180	23	3	21	25	32
182	23	4	-21	28	33
184	24	1	22	26	-33
186	24	2	-22	29	34
188	24	3	23	25	-34
189	24	3.5	-23	-25	33
190	24	4	-23	-25	32
192	25	1	22	26	-32
194	25	2	-22	-26	31
196	25	3	0	25	32
200	26	1	21	0	0
204	26	3	22	0	0
208	27	1	23	0	0
211	27	2.5	22	0	0
212	27	3	23	0	28
214	27	4	24	0	-28
216	28	1	-24	0	29
218	28	2	23	0	-29
219	28	2.5	22	0	-29
220	28	3	21	0	30
222	28	4	28	0	-30
223	28	4.5	-28	0	29
224	29	1	-28	28	30
226	29	2	26	-28	31
228	29	3	27	29	-31
230	29	4	-27	-29	30
231	29	4.5	-27	-29	29
232	30	1	26	30	28
234	30	2	26	-30	-28
235	30	2.5	-26	29	-28
236	30	3	-26	30	35
237	30	3.5	25	-30	-35
238	30	4	24	31	-35
239	30	4.5	23	-31	-35
240	31	1	22	-31	36
242	31	2	-22	30	-36
243	31	2.5	-22	29	-36
244	31	3	0	28	37
247	31	4.5	0	27	36
248	32	1	0	28	37
250	32	2	22	29	38
254	32	4	23	28	37
255	32	4.5	-23	27	36
256	33	1	24	26	35
257	33	1.5	-24	27	-35
258	33	2	-24	28	-35
259	33	2.5	-24	29	34
260	33	3	23	30	35
262	33	4	22	31	36
264	34	1	25	29	-36
266	34	2	-25	32	35
267	34	2.5	-25	-32	34
268	34	3	29	-32	33
270	34	4	-29	31	-33
272	35	1	27	32	0
274	35	2	30	-32	32
277	35	3.5	29	-32	31
278	35	4	28	-32	30
280	36	1	27	-32	29
282	36	2	28	-32	30
286	36	4	27	-32	29
287	36	4.5	26	-32	28
288	37	1	25	32	27
290	37	2	23	-32	28
292	37	3	24	0	-28
294	37	4	25	32	27
296	38	1	21	-32	28
297	38	1.5	-21	31	-28
298	38	2	-21	30	30
300	38	3	0	29	31
302	38	4	21	30	32
305	39	1.5	-21	-30	30
306	39	2	22	29	31
307	39	2.5	-22	28	-31
308	39	3	23	27	32
310	39	4	21	28	30
312	40	1	25	-28	29
314	40	2	-25	27	-29
316	40	3	21	28	28
318	40	4	-21	30	35
320	41	1	0	31	36
322	41	2	21	32	37
325	41	3.5	-21	30	-37
326	41	4	22	31	36
328	42	1	23	32	-36
329	42	1.5	-23	-32	35
330	42	2	21	30	35
332	42	3	25	29	-35
334	42	4	-25	-29	34
336	43	1	21	28	35
340	43	3	0	32	37
342	43	4	25	-32	-37
343	43	4.5	-25	31	-37
344	44	1	-25	32	36
346	44	2	26	30	35
348	44	3	27	29	36
350	44	4	25	-29	-36
351	44	4.5	-25	-29	35
352	45	1	29	0	34
354	45	2	-29	31	33
356	45	3	25	32	34
359	45	4.5	-25	31	-34
360	46	1	0	30	32
362	46	2	25	29	-32
364	46	3	-25	30	34
366	46	4	26	-30	35
368	47	1	27	29	36
370	47	2	25	32	35
371	47	2.5	-25	-32	34
372	47	3	29	-32	33
374	47	4	-29	31	-33
376	48	1	25	32	32
380	48	3	0	28	33
382	48	4	21	-28	-33
383	48	4.5	-21	27	-33
384	49	1	-21	28	32
386	49	2	22	26	31
388	49	3	23	25	32
390	49	4	21	-25	-32
391	49	4.5	-21	-25	31
392	50	1	25	0	30
394	50	2	-25	27	29
396	50	3	21	28	30
399	50	4.5	-21	27	-30
400	51	1	0	26	28
402	51	2	21	25	-28
404	51	3	-21	26	30
406	51	4	22	-26	31
408	52	1	23	25	32
410	52	2	21	28	31
411	52	2.5	-21	-28	30
412	52	3	25	-28	29
414	52	4	-25	27	-29
416	53	1	21	28	28
*-	*-	*-	*-	*-	*-
