**absq	**bar	**beat	**b7	**b7	**b7	**b7
0	0	1	0	0	0	35
8	1	1	0	0	0	35
12	1	3	0	0	0	36
16	2	1	0	0	31	-36
18	2	2	0	0	-31	35
20	2	3	0	0	-31	33
24	3	1	0	0	31	-33
28	3	3	0	0	32	0
32	4	1	0	0	-32	36
34	4	2	0	0	31	-36
36	4	3	0	0	29	-36
38	4	4	0	0	-29	36
40	5	1	0	0	-29	38
44	5	3	0	0	32	37
48	6	1	0	0	-32	36
50	6	2	0	0	32	-36
52	6	3	0	0	34	-36
56	7	1	0	28	33	35
60	7	3	0	-28	32	-35
62	7	4	0	-28	-32	36
64	8	1	0	28	-32	37
66	8	2	0	-28	-32	35
68	8	3	0	29	31	38
72	9	1	24	-29	31	-38
74	9	2	-24	28	32	37
75	9	2.5	-24	-28	-32	36
76	9	3	-24	26	33	35
78	9	4	-24	-26	-33	36
79	9	4.5	-24	-26	32	-36
80	10	1	24	-26	31	33
83	10	2.5	-24	-26	30	-33
84	10	3	25	0	29	34
88	11	1	-25	29	32	-34
90	11	2	24	-29	-32	-34
92	11	3	22	-29	31	0
94	11	4	-22	29	-31	33
96	12	1	-22	31	0	-33
98	12	2	-22	-31	0	33
100	12	3	0	30	32	35
104	13	1	25	29	-32	34
106	13	2	-25	-29	32	-34
108	13	3	-25	0	34	32
110	13	4	25	29	33	-32
111	13	4.5	-25	-29	32	-32
112	14	1	27	-29	31	0
114	14	2	-27	29	32	0
116	14	3	26	31	28	33
120	15	1	25	30	0	34
122	15	2	-25	-30	32	-34
124	15	3	-25	29	-32	-34
126	15	4	24	-29	33	33
128	16	1	25	-29	34	36
130	16	2	26	28	33	-36
131	16	2.5	-26	-28	32	-36
132	16	3	27	29	31	-36
135	16	4.5	26	30	32	-36
136	17	1	24	31	33	35
139	17	2.5	-24	30	-33	-35
140	17	3	-24	29	-33	0
141	17	3.5	-24	28	-33	0
142	17	4	-24	29	-33	33
144	18	1	-24	26	-33	35
146	18	2	-24	28	-33	-35
150	18	4	-24	27	-33	35
151	18	4.5	-24	26	-33	-35
152	19	1	0	25	0	34
154	19	2	0	-25	29	-34
156	19	3	0	24	31	33
158	19	4	0	-24	-31	36
160	20	1	0	0	-31	35
162	20	2	0	0	31	33
164	20	3	0	0	30	35
168	21	1	0	0	29	34
170	21	2	0	0	32	-34
172	21	3	0	0	31	33
174	21	4	0	0	29	-33
175	21	4.5	0	0	-29	32
176	22	1	0	0	31	33
177	22	1.5	0	0	-31	34
178	22	2	0	26	-31	35
180	22	3	0	28	30	-35
182	22	4	0	-28	-30	34
183	22	4.5	0	-28	-30	33
184	23	1	0	-28	-30	32
186	23	2	0	28	-30	-32
187	23	2.5	0	-28	-30	33
188	23	3	0	27	29	34
189	23	3.5	0	-27	-29	35
190	23	4	22	-27	-29	36
192	24	1	24	26	0	-36
194	24	2	-24	29	26	35
195	24	2.5	-24	-29	-26	34
196	24	3	-24	28	-26	33
197	24	3.5	-24	-28	27	-33
198	24	4	24	26	28	-33
199	24	4.5	-24	-26	29	-33
200	25	1	23	28	30	32
204	25	3	22	27	31	0
206	25	4	25	-27	29	0
208	26	1	24	26	0	0
210	26	2	22	-26	29	31
212	26	3	24	-26	28	-31
214	26	4	-24	-26	26	31
216	27	1	23	0	28	32
219	27	2.5	-23	0	-28	33
220	27	3	22	0	27	34
221	27	3.5	-22	0	-27	35
222	27	4	-22	0	-27	36
224	28	1	-22	0	26	-36
226	28	2	-22	24	-26	35
227	28	2.5	-22	-24	-26	34
228	28	3	0	-24	0	33
230	28	4	0	25	28	32
232	29	1	0	26	-28	35
234	29	2	0	-26	28	-35
236	29	3	0	25	29	34
239	29	4.5	0	-25	30	-34
240	30	1	0	24	31	33
241	30	1.5	0	-24	32	-33
242	30	2	0	-24	33	35
246	30	4	0	28	32	34
247	30	4.5	0	-28	31	33
248	31	1	0	-28	30	32
250	31	2	0	29	29	36
252	31	3	0	30	32	-36
254	31	4	0	-30	-32	35
256	32	1	0	29	31	36
258	32	2	0	31	29	-36
259	32	2.5	0	-31	30	35
259.5	32	2.75	0	-31	-30	34
260	32	3	0	-31	31	33
261	32	3.5	0	30	32	32
262	32	4	24	29	33	35
263	32	4.5	-24	28	-33	-35
264	33	1	-24	29	-33	-35
265	33	1.5	-24	-29	32	-35
266	33	2	25	-29	32	34
268	33	3	26	28	-32	35
269	33	3.5	-26	-28	31	-35
269.5	33	3.75	-26	-28	30	-35
270	33	4	-26	-28	31	-35
272	34	1	25	0	27	0
274	34	2	27	0	-27	31
275	34	2.5	-27	0	28	-31
276	34	3	-27	0	29	34
277	34	3.5	26	0	30	-34
278	34	4	25	0	31	-34
279	34	4.5	24	0	-31	-34
280	35	1	25	0	-31	-34
282	35	2	-25	0	30	34
284	35	3	24	0	31	33
286	35	4	-24	0	-31	31
287	35	4.5	-24	0	-31	32
288	36	1	-24	0	0	33
289	36	1.5	-24	0	0	34
290	36	2	-24	0	28	35
292	36	3	0	0	31	-35
293	36	3.5	0	0	-31	34
294	36	4	0	0	-31	33
295	36	4.5	0	0	-31	32
296	37	1	0	0	-31	33
298	37	2	0	0	31	-33
300	37	3	0	0	30	32
303	37	4.5	0	0	-30	33
304	38	1	0	0	29	34
306	38	2	0	0	28	35
308	38	3	0	0	31	-35
310	38	4	0	0	-31	34
311	38	4.5	0	0	-31	33
312	39	1	0	28	30	32
315	39	2.5	0	-28	29	-32
316	39	3	24	31	28	33
318	39	4	-24	-31	29	-33
320	40	1	27	-31	-29	0
322	40	2	-27	30	25	0
324	40	3	-27	29	25	0
326	40	4	27	-29	-25	0
328	41	1	26	28	0	0
332	41	3	25	27	0	0
334	41	4	24	26	29	0
336	42	1	25	27	29	0
338	42	2	-25	-27	30	0
340	42	3	22	26	31	0
342	42	4	-22	-26	31	33
344	43	1	-22	0	29	33
346	43	2	-22	0	-29	34
348	43	3	0	0	0	35
350	43	4	0	0	28	35
352	44	1	0	0	31	33
358	44	4	0	0	31	33
360	45	1	0	0	32	36
364	45	3	0	0	33	35
367	45	4.5	0	0	32	-35
368	46	1	0	0	31	-35
370	46	2	0	0	30	35
372	46	3	0	0	29	36
374	46	4	0	0	32	-36
375	46	4.5	0	0	-32	35
376	47	1	0	0	-32	34
377	47	1.5	0	0	31	-34
378	47	2	0	26	30	35
379	47	2.5	0	-26	29	-35
380	47	3	0	26	31	-35
381	47	3.5	0	-26	-31	33
382	47	4	0	27	-31	36
383	47	4.5	0	-27	32	-36
384	48	1	0	28	30	-36
386	48	2	0	28	-30	35
388	48	3	22	26	29	36
390	48	4	-22	-26	-29	38
392	49	1	22	-26	-29	-38
394	49	2	23	-26	28	37
395	49	2.5	-23	-26	27	36
396	49	3	24	0	26	35
398	49	4	24	26	28	-35
400	50	1	22	29	27	0
402	50	2	-22	-29	-27	38
404	50	3	0	29	-27	-38
406	50	4	22	-29	26	38
408	51	1	24	28	26	38
410	51	2	-24	31	-26	-38
411	51	2.5	-24	-31	-26	37
412	51	3	24	-31	33	36
414	51	4	-24	30	-33	35
416	52	1	25	29	32	-35
418	52	2	-25	-29	-32	34
419	52	2.5	-25	-29	31	-34
420	52	3	26	28	30	35
423	52	4.5	-26	-28	29	34
424	53	1	-26	0	28	33
425	53	1.5	-26	0	-28	32
426	53	2	24	28	31	33
428	53	3	27	29	-31	-33
430	53	4	-27	-29	27	32
431	53	4.5	26	-29	-27	-32
432	54	1	24	-29	31	33
434	54	2	-24	28	-31	-33
436	54	3	-24	26	0	-33
438	54	4	-24	-26	28	-33
442	55	2	-24	0	28	-33
444	55	3	-24	0	29	-33
446	55	4	-24	28	28	-33
448	56	1	-24	-28	31	-33
450	56	2	-24	28	-31	-33
452	56	3	-24	29	-31	-33
454	56	4	-24	28	30	-33
456	57	1	0	31	29	0
458	57	2	24	-31	-29	0
460	57	3	-24	-31	28	0
462	57	4	24	31	-28	0
464	58	1	25	29	0	0
466	58	2	24	-29	31	0
468	58	3	27	-29	-31	0
470	58	4	-27	-29	31	0
472	59	1	-27	0	32	0
474	59	2	26	28	31	0
476	59	3	25	29	34	0
478	59	4	-25	30	-34	0
480	60	1	24	31	33	0
482	60	2	-24	-31	-33	35
484	60	3	-24	28	31	-35
486	60	4	-24	31	-31	35
487	60	4.5	-24	-31	30	-35
488	61	1	0	-31	29	36
489	61	1.5	0	-31	28	-36
490	61	2	0	30	32	35
492	61	3	0	29	-32	38
494	61	4	0	-29	31	-38
496	62	1	0	0	33	37
498	62	2	0	28	32	-37
499	62	2.5	0	-28	-32	36
500	62	3	0	-28	-32	37
501	62	3.5	0	-28	-32	36
502	62	4	0	28	30	35
503	62	4.5	0	-28	-30	34
504	63	1	0	29	31	33
506	63	2	24	28	-31	-33
507	63	2.5	-24	-28	30	-33
507.5	63	2.75	-24	-28	29	-33
508	63	3	-24	31	28	-33
510	63	4	24	-31	-28	-33
512	64	1	25	29	0	0
514	64	2	24	-29	0	31
516	64	3	27	-29	0	-31
518	64	4	-27	28	27	31
519	64	4.5	-27	-28	28	-31
520	65	1	-27	27	29	32
521	65	1.5	-27	-27	30	-32
522	65	2	26	-27	31	31
524	65	3	25	-27	-31	34
526	65	4	-25	-27	30	-34
528	66	1	24	28	31	33
530	66	2	-24	-28	28	-33
534	66	4	-24	0	28	-33
536	67	1	-24	0	29	33
538	67	2	-24	28	28	-33
540	67	3	-24	-28	31	-33
542	67	4	-24	28	-31	-33
544	68	1	-24	29	-31	-33
546	68	2	-24	28	30	-33
548	68	3	-24	31	29	-33
552	69	1	-24	-31	28	-33
554	69	2	-24	30	-28	-33
556	69	3	-24	29	31	-33
560	70	1	-24	28	-31	-33
576	71	1	0	0	0	0
576	71	1	24	0	0	0
580	71	3	24	0	0	0
582	71	4	25	0	0	0
584	72	1	26	28	0	0
588	72	3	24	28	0	0
590	72	4	-24	29	0	0
592	73	1	28	30	32	0
596	73	3	26	28	31	0
599	73	4.5	25	-28	32	0
600	74	1	24	31	33	35
604	74	3	0	30	0	35
606	74	4	0	29	31	36
608	75	1	0	28	32	37
610	75	2	0	-28	32	-37
612	75	3	0	0	33	35
616	76	1	0	0	31	38
618	76	2	0	29	31	-38
620	76	3	0	28	32	37
622	76	4	0	-28	32	-37
623	76	4.5	0	27	-32	36
624	77	1	0	26	33	35
628	77	3	27	29	0	0
630	77	4	-27	-29	32	0
632	78	1	26	28	31	0
634	78	2	25	27	30	0
636	78	3	24	28	31	0
640	79	1	27	0	0	34
642	79	2	-27	29	31	-34
644	79	3	24	28	31	33
646	79	4	25	27	29	32
648	80	1	24	28	31	33
654	80	4	-24	-28	0	35
656	81	1	-24	0	31	-35
658	81	2	-24	0	-31	36
660	81	3	0	0	32	37
662	81	4	0	0	33	35
664	82	1	0	0	31	38
666	82	2	0	0	34	-38
667	82	2.5	0	0	-34	37
668	82	3	0	0	-34	36
670	82	4	0	28	33	35
673	83	1.5	0	-28	32	-35
674	83	2	0	29	31	34
675	83	2.5	0	-29	-31	33
676	83	3	0	30	-31	32
678	83	4	0	28	30	-32
680	84	1	0	31	29	33
682	84	2	24	-31	28	35
684	84	3	-24	29	0	-35
685	84	3.5	-24	-29	0	34
685.5	84	3.75	-24	-29	0	33
686	84	4	25	-29	32	34
688	85	1	26	0	30	35
689	85	1.5	-26	0	-30	34
690	85	2	24	28	31	33
691	85	2.5	-24	-28	-31	32
692	85	3	27	29	-31	31
693	85	3.5	-27	-29	30	-31
694	85	4	-27	-29	29	34
695	85	4.5	-27	-29	28	-34
696	86	1	25	-29	27	-34
698	86	2	-25	29	-27	33
699	86	2.5	-25	-29	-27	32
700	86	3	0	31	29	33
702	86	4	24	-31	-29	-33
703	86	4.5	-24	-31	28	-33
704	87	1	25	30	27	32
706	87	2	-25	-30	25	-32
707	87	2.5	-25	-30	-25	33
708	87	3	-25	29	32	34
710	87	4	25	27	-32	-34
712	88	1	27	29	31	-34
716	88	3	26	28	0	0
718	88	4	-26	-28	31	0
719	88	4.5	-26	29	-31	0
720	89	1	25	30	32	0
722	89	2	21	-30	-32	35
723	89	2.5	-21	29	-32	-35
723.5	89	2.75	-21	28	-32	-35
724	89	3	25	27	-32	36
726	89	4	-25	25	32	-36
728	90	1	-25	29	34	-36
730	90	2	-25	-29	-34	36
732	90	3	22	0	33	38
734	90	4	-22	26	-33	-38
736	91	1	0	28	32	37
738	91	2	0	-28	30	-37
740	91	3	0	27	32	36
742	91	4	0	25	-32	34
744	92	1	0	27	29	36
746	92	2	0	-27	32	-36
747	92	2.5	0	28	-32	-36
748	92	3	0	29	31	33
750	92	4	0	-29	29	36
752	93	1	0	26	30	35
755	93	2.5	0	-26	29	34
756	93	3	0	0	30	33
757	93	3.5	0	0	-30	32
758	93	4	29	0	31	34
761	94	1.5	-29	0	30	33
762	94	2	28	0	30	33
764	94	3	27	0	-30	-33
766	94	4	-27	29	29	32
768	95	1	26	-29	30	33
770	95	2	-26	28	-30	-33
772	95	3	0	27	31	0
776	96	1	24	26	0	35
780	96	3	-24	0	31	-35
782	96	4	23	26	-31	-35
784	97	1	22	-26	-31	36
786	97	2	-22	24	-31	-36
788	97	3	21	28	32	37
792	98	1	24	26	33	35
796	98	3	-24	-26	31	0
798	98	4	-24	-26	-31	35
800	99	1	-24	0	-31	38
802	99	2	-24	28	30	-38
803	99	2.5	-24	-28	29	-38
804	99	3	-24	31	28	-38
806	99	4	-24	-31	-28	38
808	100	1	0	-31	0	36
810	100	2	0	31	0	38
812	100	3	0	29	0	-38
813	100	3.5	0	-29	0	37
814	100	4	0	31	29	36
816	101	1	0	30	32	-36
817	101	1.5	0	-30	-32	35
818	101	2	0	-30	-32	35
820	101	3	25	29	-32	-35
822	101	4	-25	-29	32	34
824	102	1	28	28	30	35
826	102	2	-28	-28	-30	32
828	102	3	-28	0	32	35
830	102	4	28	0	-32	-35
832	103	1	26	0	31	-35
834	103	2	-26	0	-31	35
836	103	3	28	0	30	33
839	103	4.5	-28	0	28	-33
840	104	1	27	0	29	32
841	104	1.5	-27	0	30	-32
842	104	2	26	28	31	33
844	104	3	25	-28	-31	34
845	104	3.5	-25	-28	30	-34
845.5	104	3.75	-25	-28	29	-34
846	104	4	-25	27	30	-34
848	105	1	24	28	31	33
850	105	2	-24	-28	33	-33
852	105	3	0	26	-33	0
854	105	4	24	-26	33	35
856	106	1	25	29	32	-35
858	106	2	-25	-29	-32	34
860	106	3	26	28	30	35
864	107	1	24	31	0	33
866	107	2	-24	-31	33	-33
868	107	3	27	-31	-33	36
870	107	4	-27	29	32	-36
872	108	1	26	30	33	35
874	108	2	-26	31	-33	-35
876	108	3	27	29	31	38
879	108	4.5	-27	-29	30	-38
880	109	1	-27	0	29	-38
882	109	2	27	32	-29	36
884	109	3	28	-32	0	37
886	109	4	29	31	0	38
888	110	1	25	32	0	36
890	110	2	-25	31	32	-36
891	110	2.5	-25	30	-32	-36
892	110	3	0	29	-32	38
894	110	4	0	-29	31	-38
896	111	1	0	28	32	-38
898	111	2	28	-28	-32	37
900	111	3	-28	31	0	36
902	111	4	27	-31	34	-36
904	112	1	28	31	-34	35
906	112	2	-28	30	33	-35
907	112	2.5	-28	29	-33	-35
908	112	3	-28	30	32	-35
912	113	1	24	31	33	-35
918	113	4	-24	28	-33	-35
920	114	1	0	31	-33	0
922	114	2	24	-31	-33	33
924	114	3	27	-31	0	36
926	114	4	-27	-31	29	-36
928	115	1	-27	29	31	-36
930	115	2	-27	-29	-31	34
931	115	2.5	-27	-29	32	-34
932	115	3	26	0	33	35
934	115	4	-26	28	-33	-35
936	116	1	0	31	-33	0
938	116	2	24	-31	-33	33
940	116	3	27	-31	0	36
942	116	4	-27	-31	29	-36
944	117	1	-27	29	31	-36
946	117	2	-27	-29	-31	34
947	117	2.5	-27	-29	32	-34
948	117	3	26	0	33	35
950	117	4	-26	28	-33	-35
952	118	1	0	31	-33	0
954	118	2	24	-31	-33	33
956	118	3	27	-31	0	36
958	118	4	-27	-31	29	-36
960	119	1	-27	29	31	-36
962	119	2	-27	-29	-31	34
964	119	3	26	28	-31	35
968	120	1	25	27	30	0
972	120	3	-25	-27	29	0
974	120	4	25	26	-29	0
975	120	4.5	-25	25	-29	0
976	121	1	24	26	-29	0
978	121	2	-24	-26	28	35
979	121	2.5	-24	-26	27	-35
980	121	3	-24	-26	26	38
981	121	3.5	-24	-26	25	-38
982	121	4	23	24	28	-38
984	122	1	22	24	-28	-38
986	122	2	-22	-24	27	-38
988	122	3	21	25	28	37
992	123	1	25	0	29	36
994	123	2	-25	27	32	-36
997	123	3.5	-25	-27	31	-36
997.5	123	3.75	-25	-27	30	-36
998	123	4	27	27	31	36
1000	124	1	26	28	28	35
1002	124	2	25	29	31	34
1003	124	2.5	24	-29	-31	33
1004	124	3	25	-29	-31	34
1005	124	3.5	-25	-29	30	-34
1005.5	124	3.75	-25	-29	29	-34
1006	124	4	-25	28	30	34
1007	124	4.5	-25	27	-30	-34
1008	125	1	24	28	31	33
1014	125	4	-24	28	30	-33
1016	126	1	0	31	29	0
1018	126	2	24	-31	28	33
1020	126	3	27	-31	0	36
1022	126	4	-27	-31	29	-36
1024	127	1	-27	29	31	-36
1026	127	2	-27	-29	-31	34
1027	127	2.5	-27	-29	32	-34
1028	127	3	26	0	33	35
1030	127	4	-26	28	-33	-35
1032	128	1	0	31	-33	0
1034	128	2	24	-31	-33	33
1036	128	3	27	-31	0	36
1038	128	4	-27	-31	29	-36
1040	129	1	-27	29	31	-36
1042	129	2	-27	-29	-31	34
1043	129	2.5	-27	-29	32	-34
1044	129	3	26	0	33	35
1046	129	4	-26	28	-33	-35
1048	130	1	0	31	-33	0
1050	130	2	24	-31	-33	33
1052	130	3	27	29	0	36
1058	131	2	25	32	29	34
1060	131	3	27	31	-29	36
1062	131	4	-27	29	29	-36
1064	132	1	26	31	33	35
1066	132	2	24	-31	-33	33
1068	132	3	26	30	-33	35
1070	132	4	-26	28	31	-35
1072	133	1	25	29	32	34
1074	133	2	-25	-29	32	-34
1075	133	2.5	-25	30	-32	-34
1076	133	3	0	31	33	0
1078	133	4	24	-31	-33	33
1080	134	1	27	-31	29	36
1086	134	4	25	32	29	34
1088	135	1	27	31	-29	36
1090	135	2	-27	29	29	-36
1092	135	3	26	31	33	35
1094	135	4	24	-31	-33	33
1096	136	1	26	30	-33	35
1098	136	2	-26	28	31	-35
1100	136	3	25	29	32	34
1102	136	4	-25	-29	32	-34
1103	136	4.5	-25	30	-32	-34
1104	137	1	24	31	28	33
1106	137	2	-24	30	-28	-33
1107	137	2.5	-24	29	-28	-33
1108	137	3	-24	28	31	-33
1112	138	1	21	30	32	35
1115	138	2.5	-21	29	31	34
1116	138	3	-21	28	30	33
1118	138	4	-21	-28	-30	32
1119	138	4.5	-21	27	29	-32
1120	139	1	-21	26	28	-32
1121	139	1.5	-21	-26	-28	31
1122	139	2	-21	25	-28	31
1123	139	2.5	-21	24	-28	-31
1124	139	3	-21	25	-28	-31
1126	139	4	-21	-25	-28	30
1128	140	1	24	24	-28	31
*-	*-	*-	*-	*-	*-	*-
