**absq	**bar	**beat	**b7	**b7	**b7	**b7
0	1	1	0	0	31	35
8	1	3	0	0	-31	35
12	2	1	0	0	31	-35
14	2	1.5	0	0	-31	33
18	2	2.5	0	0	29	31
20	2	3	0	0	-29	31
22	2	3.5	0	0	27	-31
24	3	1	0	0	27	32
26	3	1.5	0	0	-27	34
28	3	2	0	0	28	33
30	3	2.5	0	0	30	32
32	3	3	0	0	29	31
35	3	3.75	0	0	28	-31
36	4	1	0	0	27	0
38	4	1.5	0	0	-27	32
40	4	2	0	0	0	33
41.3333	4	2.33333	0	0	0	34
42	4	2.5	0	0	28	-34
42.6667	4	2.66667	0	0	-28	35
44	4	3	0	0	29	34
45.3333	4	3.33333	0	0	-29	33
46	4	3.5	0	0	30	-33
46.6667	4	3.66667	0	0	-30	32
48	5	1	24	28	31	33
56	5	3	-24	28	-31	-33
60	6	1	24	-28	0	0
62	6	1.5	-24	26	0	0
66	6	2.5	22	24	0	0
68	6	3	-22	24	0	0
70	6	3.5	20	-24	0	0
72	7	1	20	25	0	0
74	7	1.5	-20	27	0	0
76	7	2	21	26	0	0
78	7	2.5	23	25	0	0
80	7	3	22	24	0	0
83	7	3.75	21	-24	0	0
84	8	1	20	0	0	0
86	8	1.5	-20	25	0	0
88	8	2	0	26	0	0
89.3333	8	2.33333	0	27	0	0
90	8	2.5	21	-27	0	0
90.6667	8	2.66667	-21	28	0	0
92	8	3	22	27	0	0
93.3333	8	3.33333	-22	26	0	0
94	8	3.5	23	-26	0	0
94.6667	8	3.66667	-23	25	0	0
96	9	1	24	26	31	0
98	9	1.5	-24	-26	-31	35
100	9	2	-24	-26	31	-35
102	9	2.5	-24	-26	-31	35
104	9	3	0	0	30	-35
106	9	3.5	0	0	-30	34
108	10	1	0	0	29	-34
110	10	1.5	0	0	-29	33
112	10	2	0	0	28	-33
114	10	2.5	0	0	-28	32
115	10	2.75	0	0	27	-32
116	10	3	0	0	26	31
118	10	3.5	0	0	25	30
120	11	1	0	0	24	33
122	11	1.5	0	0	23	32
124	11	2	0	0	26	-32
125	11	2.25	0	0	-26	31
126	11	2.5	0	0	-26	31
128	11	3	0	0	25	-31
130	11	3.5	0	0	-25	30
132	12	1	24	0	24	31
133	12	1.25	-24	0	25	-31
134	12	1.5	-24	0	26	-31
135	12	1.75	25	0	27	-31
136	12	2	26	0	28	-31
138	12	2.5	27	0	29	-31
141	12	3.25	-27	0	27	-31
142	12	3.5	26	0	28	-31
144	13	1	24	0	29	0
146	13	1.5	28	0	30	32
148	13	2	-28	0	28	-32
149	13	2.25	27	0	-28	-32
150	13	2.5	26	0	31	33
152	13	3	25	0	-31	34
154	13	3.5	-25	0	30	33
155	13	3.75	-25	0	-30	32
156	14	1	24	31	31	33
158	14	1.5	-24	-31	30	-33
159	14	1.75	-24	-31	29	34
160	14	2	-24	-31	28	35
162	14	2.5	22	-31	27	36
164	14	3	-22	31	29	-36
165	14	3.25	-22	-31	-29	35
166	14	3.5	-22	-31	-29	34
167	14	3.75	-22	-31	-29	33
168	15	1	23	30	27	32
171	15	1.75	-23	-30	-27	33
172	15	2	-23	-30	25	34
174	15	2.5	21	-30	-25	35
176	15	3	-21	30	28	-35
177	15	3.25	-21	-30	-28	34
178	15	3.5	-21	-30	-28	33
179	15	3.75	-21	-30	-28	32
180	16	1	22	29	26	31
183	16	1.75	-22	-29	-26	32
184	16	2	-22	-29	24	33
186	16	2.5	20	-29	-24	34
188	16	3	-20	29	27	-34
189	16	3.25	-20	-29	-27	33
190	16	3.5	-20	-29	-27	32
191	16	3.75	-20	-29	-27	31
192	17	1	21	28	25	30
195	17	1.75	-21	-28	-25	31
196	17	2	-21	-28	23	32
198	17	2.5	19	-28	-23	33
200	17	3	-19	28	26	-33
201	17	3.25	-19	-28	-26	32
202	17	3.5	-19	-28	-26	31
203	17	3.75	-19	-28	-26	30
204	18	1	20	27	24	29
207	18	1.75	-20	-27	-24	30
208	18	2	-20	-27	22	31
210	18	2.5	18	-27	-22	32
212	18	3	-18	27	25	-32
213	18	3.25	-18	-27	-25	31
214	18	3.5	-18	-27	-25	30
215	18	3.75	-18	-27	-25	29
216	19	1	19	26	23	28
219	19	1.75	-19	-26	-23	29
220	19	2	-19	-26	21	30
222	19	2.5	17	-26	-21	31
224	19	3	-17	26	24	-31
225	19	3.25	-17	-26	-24	30
226	19	3.5	-17	-26	-24	29
227	19	3.75	-17	-26	-24	28
228	20	1	18	25	22	27
231	20	1.75	-18	-25	-22	28
232	20	2	-18	-25	20	29
234	20	2.5	16	-25	-20	30
236	20	3	-16	25	23	-30
237	20	3.25	-16	-25	-23	29
238	20	3.5	-16	-25	-23	28
239	20	3.75	-16	-25	-23	27
240	21	1	17	24	21	26
242	21	1.5	-17	-24	28	-26
243	21	1.75	18	-24	-28	27
244	21	2	19	24	-28	28
246	21	2.5	20	-24	27	29
248	21	3	21	23	25	30
250	21	3.5	-21	-23	-25	28
252	22	1	17	26	24	-28
253	22	1.25	18	-26	-24	-28
254	22	1.5	19	-26	28	31
255	22	1.75	20	-26	-28	-31
256	22	2	21	-26	-28	30
258	22	2.5	22	24	27	31
260	22	3	21	25	28	-31
262	22	3.5	-21	-25	-28	30
264	23	1	17	24	26	31
267	23	1.75	-17	-24	27	-31
268	23	2	-17	-24	28	0
270	23	2.5	-17	-24	29	31
272	23	3	-17	-24	28	-31
273	23	3.25	-17	-24	-28	32
274	23	3.5	-17	-24	31	33
275	23	3.75	-17	-24	-31	34
276	24	1	0	0	30	35
278	24	1.5	0	0	31	-35
279	24	1.75	0	0	-31	34
280	24	2	0	0	-31	33
281	24	2.25	0	0	30	32
282	24	2.5	0	0	29	34
283	24	2.75	0	0	28	-34
284	24	3	0	0	30	-34
285	24	3.25	0	0	-30	33
286	24	3.5	0	0	-30	32
287	24	3.75	0	0	29	31
288	25	1	0	0	28	33
289	25	1.25	0	0	27	-33
290	25	1.5	0	0	29	-33
291	25	1.75	0	0	-29	32
292	25	2	0	0	-29	31
293	25	2.25	0	0	28	30
294	25	2.5	0	0	27	32
295	25	2.75	0	0	26	-32
296	25	3	0	0	28	-32
297	25	3.25	0	0	-28	31
298	25	3.5	0	0	-28	30
300	26	1	25	0	27	29
302	26	1.5	-25	0	29	-29
306	26	2.5	23	0	28	0
308	26	3	22	0	-28	29
310	26	3.5	-22	0	27	-29
312	27	1	21	28	28	30
314	27	1.5	-21	-28	26	-30
316	27	2	24	-28	-26	31
318	27	2.5	-24	26	29	-31
320	27	3	23	25	-29	32
322	27	3.5	-23	-25	28	-32
323	27	3.75	-23	-25	-28	33
324	28	1	22	24	29	34
326	28	1.5	-22	-24	-29	33
328	28	2	0	27	-29	31
330	28	2.5	25	-27	-29	32
332	28	3	-25	26	22	33
334	28	3.5	24	-26	-22	-33
336	29	1	25	25	29	34
338	29	1.5	-25	-25	-29	32
340	29	2	0	0	27	-32
341	29	2.25	0	0	-27	31
342	29	2.5	0	28	28	30
344	29	3	0	-28	25	29
346	29	3.5	0	27	32	-29
348	30	1	0	28	-32	28
350	30	1.5	0	-28	30	35
352	30	2	0	0	29	-35
354	30	2.5	0	0	-29	34
356	30	3	0	0	28	35
358	30	3.5	0	0	31	-35
360	31	1	22	0	-31	33
362	31	1.5	23	0	30	32
364	31	2	22	0	31	33
366	31	2.5	25	0	29	34
368	31	3	-25	25	-29	-34
369	31	3.25	-25	-25	27	-34
370	31	3.5	24	26	28	33
372	32	1	25	25	27	29
374	32	1.5	21	28	26	30
375	32	1.75	-21	-28	25	-30
376	32	2	23	-28	-25	-30
377	32	2.25	-23	-28	24	28
377.5	32	2.375	-23	-28	23	-28
378	32	2.5	22	27	24	29
379	32	2.75	-22	-27	-24	31
380	32	3	21	28	25	30
381	32	3.25	-21	-28	-25	28
382	32	3.5	-21	-28	26	35
384	33	1	0	0	24	-35
385	33	1.25	0	0	-24	34
386	33	1.5	0	28	-24	33
388	33	2	0	-28	23	32
390	33	2.5	0	24	22	33
392	33	3	0	-24	24	-33
393	33	3.25	0	25	-24	32
394	33	3.5	0	26	-24	31
396	34	1	0	25	21	-31
398	34	1.5	0	-25	-21	30
400	34	2	0	24	28	31
402	34	2.5	0	-24	26	-31
404	34	3	25	0	27	0
406	34	3.5	23	28	28	0
408	35	1	24	26	0	31
410	35	1.5	25	27	0	29
412	35	2	0	28	0	30
414	35	2.5	0	-28	24	31
416	35	3	0	-28	23	32
417	35	3.25	0	-28	21	-32
418	35	3.5	0	-28	28	30
420	36	1	22	0	26	31
421	36	1.25	-22	0	27	-31
422	36	1.5	23	25	-27	32
423	36	1.75	-23	-25	28	-32
424	36	2	24	26	-28	0
425	36	2.25	-24	-26	29	0
426	36	2.5	25	27	-29	32
427	36	2.75	-25	-27	27	-32
428	36	3	0	28	26	33
430	36	3.5	0	-28	-26	35
431	36	3.75	0	-28	24	-35
432	37	1	0	0	25	34
433	37	1.25	0	0	27	32
434	37	1.5	22	0	26	-32
435	37	1.75	-22	0	-26	31
436	37	2	23	0	25	32
437	37	2.25	-23	0	28	-32
438	37	2.5	24	0	-28	33
439	37	2.75	-24	0	26	-33
440	37	3	25	0	27	29
443	37	3.75	24	0	28	30
444	38	1	22	0	29	31
446	38	1.5	21	0	30	32
448	38	2	23	0	-30	-32
449	38	2.25	-23	0	29	-32
450	38	2.5	-23	25	27	31
451	38	2.75	-23	-25	28	30
452	38	3	22	26	29	31
454	38	3.5	-22	27	-29	30
455	38	3.75	-22	-27	-29	29
456	39	1	0	28	26	30
459	39	1.75	0	27	-26	31
460	39	2	0	25	27	32
462	39	2.5	0	24	28	33
464	39	3	0	26	-28	-33
466	39	3.5	24	-26	26	32
467	39	3.75	-24	-26	-26	31
468	40	1	23	25	27	32
470	40	1.5	25	-25	-27	-32
471	40	1.75	-25	-25	28	33
472	40	2	-25	0	29	34
473	40	2.25	24	0	-29	-34
474	40	2.5	23	0	30	35
476	40	3	22	0	31	36
478	40	3.5	-22	27	-31	-36
480	41	1	0	26	-31	35
482	41	1.5	0	28	30	34
483	41	1.75	0	-28	-30	33
484	41	2	0	-28	-30	32
485	41	2.25	0	27	29	-32
486	41	2.5	0	26	28	31
488	41	3	0	25	27	32
490	41	3.5	21	23	28	-32
491	41	3.75	-21	-23	-28	33
492	42	1	20	24	29	34
494	42	1.5	21	23	28	33
496	42	2	22	24	-28	-33
497	42	2.25	-22	-24	-28	32
498	42	2.5	-22	-24	27	31
500	42	3	21	25	28	-31
502	42	3.5	-21	-25	-28	30
504	43	1	17	24	28	31
516	44	1	0	0	0	0
516	44	1	0	0	24	0
522	44	4	0	0	25	0
524	45	1	0	0	26	0
528	45	3	0	0	27	0
532	46	1	0	0	26	31
534	46	2	0	0	27	-31
538	46	4	0	0	26	32
539	46	4.5	0	0	25	-32
540	47	1	0	0	24	33
542	47	2	0	0	26	-33
544	47	3	0	0	25	34
548	48	1	0	0	0	33
550	48	2	0	0	25	34
554	48	4	0	0	27	33
555	48	4.5	0	0	-27	32
556	49	1	0	0	26	31
558	49	2	0	0	28	33
560	49	3	0	0	-28	32
562	49	4	0	0	27	-32
563	49	4.5	0	0	26	-32
564	50	1	0	0	27	0
566	50	2	0	0	28	32
568	50	3	0	0	25	-32
570	50	4	0	0	-25	34
572	51	1	0	0	0	33
574	51	2	0	0	26	35
578	51	4	0	0	25	34
579	51	4.5	0	0	24	33
580	52	1	0	0	25	34
582	52	2	0	0	26	35
584	52	3	0	0	27	32
588	53	1	0	0	26	0
590	53	2	0	0	-26	33
594	53	4	0	0	28	32
595	53	4.5	0	0	-28	31
596	54	1	0	0	-28	32
597	54	1.5	0	0	27	-32
598	54	2	0	0	26	33
600	54	3	0	0	25	34
604	55	1	0	0	24	33
607	55	2.5	0	0	23	-33
608	55	3	0	0	22	0
610	55	4	0	0	21	35
613	56	1.5	0	0	-21	34
614	56	2	0	0	24	33
616	56	3	0	0	-24	32
618	56	4	0	0	23	-32
620	57	1	0	0	24	31
622	57	2	0	0	26	-31
623	57	2.5	0	0	-26	30
624	57	3	0	0	27	29
626	57	4	0	0	28	28
630	58	2	0	0	27	31
631	58	2.5	0	0	26	-31
632	58	3	0	0	25	-31
634	58	4	0	0	-25	30
636	59	1	17	0	0	31
638	59	2	19	0	24	-31
640	59	3	20	0	25	0
642	59	4	21	0	26	0
645	60	1.5	-21	0	25	0
646	60	2	19	0	24	0
648	60	3	18	0	-24	0
650	60	4	-18	0	23	0
652	61	1	17	0	24	31
654	61	2	24	0	-24	-31
655	61	2.5	-24	0	-24	30
656	61	3	25	0	0	29
658	61	4	26	0	0	28
661	62	1.5	25	0	0	27
662	62	2	24	0	0	26
664	62	3	-24	0	0	25
666	62	4	23	0	21	-25
668	63	1	24	0	22	0
671	63	2.5	23	0	23	0
672	63	3	22	0	24	0
673	63	3.5	-22	0	25	0
674	63	4	21	0	26	0
676	64	1	-21	0	25	0
677	64	1.5	20	0	-25	0
678	64	2	19	0	24	0
680	64	3	18	0	-24	32
682	64	4	-18	0	23	-32
684	65	1	17	0	24	33
686	65	2	-17	0	31	33
688	65	3	0	0	-31	35
690	65	4	0	0	30	-35
692	66	1	0	0	29	34
694	66	2	0	0	28	33
696	66	3	0	0	30	32
698	66	4	0	0	29	34
700	67	1	0	0	-29	33
702	67	2	0	0	28	-33
704	67	3	0	0	27	32
706	67	4	0	0	29	31
708	68	1	0	0	28	33
710	68	2	0	0	-28	32
712	68	3	0	0	27	-32
714	68	4	0	0	26	31
716	69	1	0	0	28	30
718	69	2	0	0	27	32
720	69	3	0	0	-27	31
722	69	4	0	0	26	-31
724	70	1	0	0	25	30
726	70	2	0	0	27	29
728	70	3	0	0	26	31
730	70	4	0	0	-26	30
732	71	1	0	0	25	-30
734	71	2	0	0	24	29
736	71	3	0	0	26	28
738	71	4	0	0	25	30
740	72	1	0	0	-25	29
741	72	1.5	0	0	24	-29
742	72	2	0	0	23	28
744	72	3	0	0	22	-28
746	72	4	0	0	-22	27
748	73	1	0	0	0	28
750	73	2	0	0	21	-28
752	73	3	0	0	-21	28
753	73	3.5	0	0	22	-28
754	73	4	0	0	23	-28
755	73	4.5	0	0	24	29
756	74	1	0	0	25	30
758	74	2	0	0	26	28
760	74	3	0	0	24	29
762	74	4	0	0	25	30
764	75	1	0	0	26	31
766	75	2	0	0	27	29
768	75	3	0	0	25	30
770	75	4	0	0	26	31
772	76	1	0	0	27	32
774	76	2	0	0	28	-32
775	76	2.5	0	0	-28	31
776	76	3	0	0	-28	30
777	76	3.5	0	0	27	29
778	76	4	0	0	26	28
779	76	4.5	0	0	25	-28
780	77	1	0	0	24	31
782	77	2	0	0	28	30
784	77	3	0	0	-28	33
785	77	3.5	0	0	29	-33
786	77	4	0	0	30	32
787	77	4.5	0	0	29	-32
787.5	77	4.75	0	0	30	-32
788	78	1	0	0	31	33
790	78	2	0	0	24	-33
791	78	2.5	0	0	-24	32
792	78	3	0	0	-24	31
793	78	3.5	0	0	25	30
794	78	4	0	0	26	31
795	78	4.5	0	0	25	-31
795.5	78	4.75	0	0	26	-31
796	79	1	0	0	27	32
798	79	2	0	0	24	31
800	79	3	0	0	25	-31
802	79	4	0	0	-25	30
804	80	1	0	0	24	31
806	80	2	24	0	26	-31
809	80	3.5	25	0	27	0
810	80	4	26	0	28	0
811	80	4.5	25	0	-28	0
811.5	80	4.75	26	0	-28	0
812	81	1	27	0	29	0
814	81	2	24	0	31	0
816	81	3	25	0	-31	0
818	81	4	-25	0	30	0
820	82	1	24	0	31	0
822	82	2	-24	0	-31	33
823	82	2.5	-24	0	30	-33
824	82	3	0	0	29	-33
825	82	3.5	0	0	-29	32
826	82	4	21	0	28	30
829	83	1.5	22	0	0	31
830	83	2	23	0	21	32
831	83	2.5	22	0	-21	-32
831.5	83	2.75	23	0	-21	-32
832	83	3	24	0	22	31
834	83	4	21	0	23	32
836	84	1	22	0	24	-32
837	84	1.5	-22	0	-24	31
838	84	2	-22	0	-24	31
840	84	3	21	0	25	-31
842	84	4	-21	0	-25	30
844	85	1	17	0	24	31
852	86	1	0	0	0	0
852	86	1	0	0	28	32
860	87	1	0	0	27	32
864	87	3	0	0	28	32
868	88	1	0	0	29	31
872	88	3	0	0	-29	34
876	89	1	0	0	29	-34
878	89	2	0	0	-29	33
880	89	3	0	0	28	33
884	90	1	0	0	27	-33
888	90	3	0	0	-27	32
892	91	1	0	28	26	33
896	91	3	24	-28	-26	-33
904	92	3	-24	-28	-26	35
908	93	1	-24	26	0	-35
910	93	2	-24	-26	0	33
912	93	3	22	-26	31	33
916	94	1	-22	24	-31	-33
918	94	2	-22	-24	29	31
920	94	3	20	-24	29	31
924	95	1	-20	25	-29	0
926	95	2	-20	-25	-29	29
928	95	3	21	-25	28	30
931	95	4.5	-21	-25	-28	31
932	96	1	23	-25	27	32
933	96	1.5	-23	-25	-27	33
934	96	2	-23	-25	-27	32
936	96	3	-23	-25	28	-32
938	96	4	22	-25	-28	31
939	96	4.5	21	-25	-28	30
940	97	1	20	27	24	29
944	97	3	-20	-27	0	31
946	97	4	-20	26	29	-31
947	97	4.5	-20	25	-29	-31
948	98	1	0	24	-29	-31
950	98	2	0	-24	28	30
952	98	3	20	-24	27	29
954	98	4	-20	-24	26	31
955	98	4.5	-20	-24	25	-31
956	99	1	22	0	24	-31
957	99	1.5	-22	0	-24	30
958	99	2	-22	0	-24	29
960	99	3	23	25	0	28
962	99	4	-23	-25	0	27
964	100	1	24	26	28	26
968	100	3	-24	-26	-28	33
970	100	4	-24	27	-28	-33
972	101	1	-24	28	26	-33
976	101	3	-24	-28	-26	35
978	101	4	-24	-28	25	-35
979	101	4.5	-24	-28	24	-35
980	102	1	-24	31	28	-35
982	102	2	-24	-31	-28	33
984	102	3	-24	-31	-28	33
988	103	1	-24	31	-28	0
990	103	2	-24	-31	-28	33
992	103	3	-24	-31	26	-33
994	103	4	-24	-31	-26	36
996	104	1	0	30	26	-36
998	104	2	0	-30	-26	35
999	104	2.5	0	-30	-26	34
1000	104	3	0	-30	-26	35
1001	104	3.5	0	-30	-26	34
1002	104	4	0	-30	-26	33
1003	104	4.5	0	-30	-26	32
1004	105	1	27	29	0	31
1008	105	3	-27	-29	25	34
1012	106	1	27	-29	-25	-34
1014	106	2	-27	-29	26	35
1016	106	3	-27	-29	27	36
1020	107	1	26	0	28	-36
1022	107	2	-26	0	-28	35
1023	107	2.5	-26	0	29	-35
1024	107	3	-26	0	30	35
1026	107	4	-26	0	31	-35
1028	108	1	25	0	32	-35
1030	108	2	-25	0	31	-35
1031	108	2.5	-25	0	30	-35
1032	108	3	-25	0	29	34
1036	109	1	0	28	28	35
1038	109	2	0	-28	-28	33
1042	109	4	0	27	29	32
1044	110	1	24	26	28	33
1046	110	2	-24	-26	29	-33
1048	110	3	-24	25	-29	0
1049	110	3.5	-24	-25	28	0
1050	110	4	23	-25	28	0
1052	111	1	22	24	-28	0
1054	111	2	-22	-24	27	29
1056	111	3	21	23	28	30
1058	111	4	-21	-23	-28	32
1060	112	1	0	26	-28	31
1064	112	3	0	25	0	30
1066	112	4	0	26	28	31
1070	113	2	0	25	27	30
1071	113	2.5	0	24	26	29
1072	113	3	0	25	27	30
1074	113	4	0	-25	28	-30
1076	114	1	20	24	29	31
1078	114	2	-20	-24	28	-31
1079	114	2.5	-20	-24	27	-31
1080	114	3	19	-24	28	-31
1081	114	3.5	-19	-24	27	-31
1082	114	4	22	-24	26	-31
1083	114	4.5	-22	-24	25	-31
1084	115	1	-22	0	24	0
1086	115	2	21	0	27	0
1087	115	2.5	20	0	-27	0
1088	115	3	21	0	-27	28
1090	115	4	-21	0	26	-28
1092	116	1	20	0	27	29
1095	116	2.5	-20	0	-27	30
1096	116	3	-20	0	29	31
1098	116	4	-20	0	-29	32
1100	117	1	0	0	28	-32
1102	117	2	0	0	-28	30
1104	117	3	0	28	0	-30
1106	117	4	0	-28	24	33
1110	118	2	0	-28	23	32
1112	118	3	0	26	24	-32
1114	118	4	0	-26	-24	31
1116	119	1	0	25	21	-31
1118	119	2	0	-25	-21	30
1119	119	2.5	0	-25	-21	29
1120	119	3	0	-25	0	30
1124	120	1	0	24	28	31
1128	120	3	24	-24	29	0
1130	120	4	-24	-24	28	33
1133	121	1.5	-24	-24	27	32
1134	121	2	-24	-24	26	31
1135	121	2.5	-24	-24	25	30
1136	121	3	22	-24	24	31
1138	121	4	-22	-24	27	29
1140	122	1	21	0	-27	30
1142	122	2	-21	0	26	32
1143	122	2.5	-21	0	25	-32
1144	122	3	-21	0	26	-32
1146	122	4	-21	0	-26	31
1147	122	4.5	-21	0	-26	30
1148	123	1	20	27	27	29
1150	123	2	-20	-27	26	-29
1151	123	2.5	-20	-27	25	-29
1152	123	3	-20	-27	24	0
1154	123	4	-20	-27	25	32
1156	124	1	0	26	22	-32
1158	124	2	0	-26	-22	31
1159	124	2.5	0	-26	-22	30
1160	124	3	0	-26	0	31
1162	124	4	0	-26	26	-31
1164	125	1	23	25	27	32
1168	125	3	-23	28	25	-32
1170	125	4	-23	-28	-25	31
1171	125	4.5	-23	-28	-25	30
1172	126	1	22	-28	29	31
1174	126	2	-22	-28	-29	29
1176	126	3	-22	27	-29	31
1180	127	1	21	28	25	30
1186	127	4	24	-28	26	31
1188	128	1	-24	25	27	32
1190	128	2	23	-25	-27	-32
1192	128	3	24	26	26	28
1194	128	4	-24	-26	28	-28
1196	129	1	0	25	27	29
1200	129	3	0	28	26	30
1204	130	1	21	-28	-26	-30
1206	130	2	-21	-28	25	29
1207	130	2.5	-21	-28	-25	28
1208	130	3	22	27	-25	31
1210	130	4	-22	-27	24	-31
1212	131	1	21	28	26	30
1214	131	2	24	-28	-26	28
1216	131	3	-24	-28	25	32
1218	131	4	23	-28	-25	-32
1220	132	1	24	-28	24	33
1222	132	2	-24	-28	26	35
1225	132	3.5	-24	-28	27	34
1226	132	4	-24	-28	28	33
1228	133	1	20	0	27	32
1230	133	2	-20	0	29	34
1234	133	4	-20	0	28	33
1235	133	4.5	-20	0	27	32
1236	134	1	22	0	26	31
1238	134	2	-22	0	27	29
1240	134	3	21	28	-27	30
1242	134	4	-21	-28	26	-30
1244	135	1	20	24	27	29
1247	135	2.5	-20	-24	26	-29
1248	135	3	-20	-24	24	0
1250	135	4	-20	-24	31	29
1252	136	1	0	26	-31	31
1253	136	1.5	0	-26	30	-31
1254	136	2	0	-26	28	-31
1256	136	3	0	25	29	32
1258	136	4	0	-25	30	-32
1260	137	1	0	24	31	33
1264	137	3	24	-24	28	-33
1266	137	4	-24	-24	-28	32
1267	137	4.5	-24	-24	-28	31
1268	138	1	22	0	0	34
1270	138	2	-22	0	0	33
1272	138	3	23	28	0	-33
1274	138	4	-23	-28	0	32
1276	139	1	24	26	28	33
1280	139	3	0	27	29	31
1282	139	4	0	-27	28	32
1283	139	4.5	0	-27	27	-32
1284	140	1	0	28	26	-32
1285	140	1.5	0	-28	-26	31
1286	140	2	0	-28	24	31
1288	140	3	21	-28	25	-31
1290	140	4	-21	-28	-25	30
1292	141	1	22	0	24	31
1296	141	3	23	25	21	0
1298	141	4	-23	-25	-21	32
1300	142	1	24	26	0	31
1302	142	2	-24	-26	28	33
1304	142	3	0	27	29	-33
1306	142	4	0	-27	28	32
1307	142	4.5	0	-27	27	-32
1308	143	1	0	28	26	-32
1309	143	1.5	0	-28	-26	31
1310	143	2	0	-28	-26	31
1312	143	3	21	0	25	-31
1314	143	4	-21	0	-25	30
1316	144	1	22	0	24	31
1320	144	3	23	0	0	32
1322	144	4	-23	0	28	-32
1324	145	1	24	0	-28	33
1325	145	1.5	-24	0	27	-33
1326	145	2	-24	0	26	-33
1327	145	2.5	-24	0	25	-33
1328	145	3	-24	0	26	31
1330	145	4	23	0	25	32
1332	146	1	21	0	28	-32
1333	146	1.5	-21	0	-28	31
1334	146	2	-21	0	-28	30
1335	146	2.5	-21	0	-28	29
1336	146	3	23	25	0	28
1340	147	1	22	26	24	0
1344	147	3	-22	27	-24	29
1348	148	1	21	28	25	30
1352	148	3	-21	-28	25	-30
1354	148	4	-21	27	-25	-30
1355	148	4.5	-21	-27	26	-30
1356	149	1	0	25	27	29
1360	149	3	0	27	25	32
1364	150	1	0	26	22	-32
1368	150	3	0	-26	-22	31
1372	151	1	0	25	0	32
1376	151	3	0	27	0	-32
1378	151	4	0	-27	0	29
1380	152	1	0	26	22	31
1384	152	3	0	28	21	30
1386	152	4	0	-28	24	33
1390	153	2	0	-28	23	32
1392	153	3	0	26	24	33
1394	153	4	0	-26	-24	32
1395	153	4.5	0	-26	-24	31
1396	154	1	0	25	21	30
1400	154	3	23	-25	0	0
1402	154	4	-23	-25	28	30
1404	155	1	22	0	29	31
1406	155	2	-22	0	28	30
1407	155	2.5	-22	0	27	29
1408	155	3	24	0	26	28
1410	155	4	-24	0	29	31
1413	156	1.5	-24	0	28	32
1414	156	2	-24	0	28	33
1416	156	3	22	24	-28	-33
1418	156	4	-22	-24	27	32
1419	156	4.5	-22	-24	-27	31
1420	157	1	21	23	28	33
1422	157	2	-21	-23	-28	32
1424	157	3	0	24	-28	33
1426	157	4	0	-24	-28	31
1428	158	1	0	25	21	-31
1430	158	2	0	-25	-21	30
1431	158	2.5	0	-25	-21	29
1432	158	3	0	-25	-21	30
1436	159	1	0	24	28	31
1440	159	3	20	-24	29	-31
1444	160	1	19	-24	28	-31
1448	160	3	20	-24	27	-31
1452	161	1	21	0	-27	0
1456	161	3	-21	0	26	0
1460	162	1	20	0	27	0
1464	162	3	-20	0	0	31
1466	162	4	-20	0	27	-31
1468	163	1	0	0	-27	29
1470	163	2	0	0	25	30
1472	163	3	0	0	26	31
1474	163	4	0	0	27	-31
1476	164	1	0	0	-27	29
1478	164	2	0	0	25	32
1480	164	3	0	0	28	-32
1482	164	4	0	0	-28	30
1484	165	1	0	0	26	31
1486	165	2	0	0	27	32
1488	165	3	0	0	28	-32
1490	165	4	0	0	-28	30
1492	166	1	0	0	26	-30
1494	166	2	0	0	-26	33
1496	166	3	0	0	29	-33
1498	166	4	0	0	-29	31
1500	167	1	0	0	27	32
1502	167	2	0	0	28	33
1504	167	3	0	0	29	-33
1505	167	3.5	0	0	-29	32
1506	167	4	0	0	-29	31
1508	168	1	0	0	28	30
1510	168	2	0	0	26	31
1512	168	3	0	0	27	-31
1514	168	4	0	0	-27	30
1515	168	4.5	0	0	-27	29
1516	169	1	24	0	26	28
1520	169	3	-24	0	-26	35
1526	170	2	-24	0	-26	34
1528	170	3	-24	0	-26	33
1532	171	1	27	0	0	-33
1536	171	3	-27	0	0	32
1540	172	1	26	28	24	33
1544	172	3	24	-28	-24	-33
1548	173	1	-24	-28	21	32
1552	173	3	23	-28	-21	-32
1556	174	1	24	31	28	33
1562	174	4	-24	-31	-28	32
1563	174	4.5	-24	-31	-28	31
1564	175	1	0	30	-28	33
1566	175	2	0	-30	-28	32
1568	175	3	0	28	-28	30
1570	175	4	0	-28	-28	32
1572	176	1	0	-28	25	-32
1574	176	2	0	-28	-25	31
1575	176	2.5	0	-28	-25	30
1576	176	3	0	27	0	29
1578	176	4	0	-27	25	-29
1580	177	1	0	28	26	28
1582	177	2	0	-28	24	31
1584	177	3	21	-28	25	-31
1586	177	4	-21	-28	-25	30
1588	178	1	22	0	24	31
1590	178	2	-22	0	31	33
1592	178	3	24	0	-31	-33
1593	178	3.5	-24	0	30	32
1594	178	4	-24	0	28	31
1595	178	4.5	-24	0	-28	30
1596	179	1	-24	0	-28	31
1598	179	2	-24	0	27	30
1599	179	2.5	-24	0	26	29
1600	179	3	23	0	25	28
1604	180	1	22	0	26	29
1606	180	2	-22	0	24	-29
1608	180	3	20	0	-24	-29
1610	180	4	-20	0	27	-29
1612	181	1	21	0	25	0
1614	181	2	-21	0	28	0
1616	181	3	22	0	26	0
1618	181	4	-22	0	29	0
1620	182	1	23	0	-29	0
1622	182	2	-23	0	28	0
1623	182	2.5	-23	0	27	0
1624	182	3	-23	25	28	0
1628	183	1	22	26	29	31
1630	183	2	-22	-26	28	-31
1631	183	2.5	-22	-26	27	-31
1632	183	3	0	28	26	-31
1634	183	4	0	-28	-26	30
1636	184	1	0	-28	-26	31
1638	184	2	0	-28	24	33
1640	184	3	0	27	25	-33
1642	184	4	0	-27	-25	32
1644	185	1	0	26	22	31
1646	185	2	0	-26	24	33
1648	185	3	0	24	-24	-33
1649	185	3.5	0	-24	25	32
1650	185	4	0	-24	26	31
1651	185	4.5	0	-24	-26	30
1652	186	1	0	25	27	29
1654	186	2	0	-25	-27	34
1656	186	3	0	26	28	-34
1658	186	4	0	-26	-28	33
1660	187	1	25	27	29	-33
1662	187	2	-25	-27	-29	32
1663	187	2.5	-25	-27	-29	31
1664	187	3	25	-27	29	32
1666	187	4	-25	-27	30	-32
1667	187	4.5	24	-27	-30	-32
1668	188	1	24	26	-30	33
1669	188	1.5	-24	-26	29	-33
1670	188	2	22	-26	29	-33
1672	188	3	23	0	-29	0
1674	188	4	-23	0	28	0
1676	189	1	22	29	29	31
1678	189	2	-22	-29	-29	32
1679	189	2.5	-22	-29	-29	33
1680	189	3	0	29	0	34
1682	189	4	0	-29	22	33
1684	190	1	0	28	24	-33
1685	190	1.5	0	-28	-24	32
1686	190	2	0	26	-24	31
1687	190	2.5	0	-26	-24	30
1688	190	3	0	27	25	29
1690	190	4	20	-27	-25	32
1692	191	1	21	26	26	-32
1694	191	2	22	-26	-26	31
1696	191	3	23	0	25	32
1698	191	4	-23	0	27	-32
1699	191	4.5	22	0	-27	31
1700	192	1	20	0	-27	29
1701	192	1.5	-20	0	26	-29
1702	192	2	-20	0	24	-29
1703	192	2.5	21	0	-24	30
1704	192	3	22	0	-24	31
1705	192	3.5	23	0	25	-31
1706	192	4	24	0	26	28
1707	192	4.5	-24	0	27	-28
1708	193	1	-24	0	28	-28
1709	193	1.5	23	0	-28	-28
1710	193	2	22	24	27	29
1712	193	3	21	25	28	30
1714	193	4	-21	26	-28	-30
1716	194	1	20	27	24	29
1718	194	2	-20	-27	-24	31
1719	194	2.5	-20	26	-24	-31
1720	194	3	0	24	0	-31
1721	194	3.5	0	-24	0	30
1722	194	4	0	-24	0	28
1723	194	4.5	0	25	0	-28
1724	195	1	0	26	0	-28
1725	195	1.5	0	27	0	29
1726	195	2	0	28	0	30
1727	195	2.5	0	-28	0	31
1728	195	3	0	-28	0	32
1730	195	4	0	26	0	31
1732	196	1	0	25	0	-31
1734	196	2	0	-25	25	30
1736	196	3	0	24	26	31
1738	196	4	24	-24	-26	33
1739	196	4.5	-24	-24	27	-33
1740	197	1	-24	0	28	-33
1741	197	1.5	-24	0	29	-33
1742	197	2	23	0	30	32
1744	197	3	24	0	28	33
1746	197	4	-24	28	31	-33
1748	198	1	25	-28	-31	34
1750	198	2	-25	27	30	-34
1752	198	3	24	28	31	33
1754	198	4	-24	-28	-31	33
1756	199	1	27	29	0	-33
1758	199	2	-27	-29	0	32
1760	199	3	26	28	0	33
1762	199	4	24	-28	31	-33
1764	200	1	25	0	30	0
1766	200	2	27	0	29	0
1768	200	3	26	0	28	0
1770	200	4	25	0	27	0
1773	201	1.5	24	0	26	0
1774	201	2	24	0	24	26
1776	201	3	-24	0	25	27
1778	201	4	23	0	-25	-27
1780	202	1	24	0	24	26
1782	202	2	20	0	-24	29
1784	202	3	-20	31	22	-29
1785	202	3.5	21	-31	-22	28
1786	202	4	22	-31	-22	27
1788	203	1	21	30	23	-27
1790	203	2	-21	28	-23	26
1792	203	3	20	29	24	27
1794	203	4	-20	31	-24	-27
1795	203	4.5	-20	-31	25	-27
1796	204	1	0	30	26	0
1798	204	2	0	29	25	27
1800	204	3	0	-29	26	-27
1801	204	3.5	0	28	-26	-27
1802	204	4	0	28	-26	28
1804	205	1	0	-28	25	29
1806	205	2	0	27	-25	-29
1808	205	3	0	28	0	28
1810	205	4	0	24	26	29
1812	206	1	0	-24	-26	28
1813	206	1.5	0	25	-26	-28
1814	206	2	0	26	28	31
1816	206	3	0	25	-28	-31
1818	206	4	0	-25	27	30
1820	207	1	0	24	28	31
1822	207	2	24	-24	-28	33
1824	207	3	22	0	27	-33
1826	207	4	23	0	-27	32
1828	208	1	24	0	26	33
1830	208	2	-24	28	24	-33
1832	208	3	0	26	-24	-33
1833	208	3.5	0	-26	23	-33
1834	208	4	0	27	22	32
1835	208	4.5	0	-27	-22	31
1836	209	1	0	28	21	30
1838	209	2	21	-28	28	28
1840	209	3	22	0	26	31
1842	209	4	23	25	28	30
1844	210	1	24	26	-28	28
1845	210	1.5	-24	-26	27	-28
1846	210	2	-24	-26	26	35
1847	210	2.5	-24	27	25	-35
1848	210	3	0	28	24	-35
1849	210	3.5	0	-28	-24	34
1850	210	4	21	-28	28	33
1851	210	4.5	-21	-28	-28	32
1852	211	1	22	0	26	31
1854	211	2	23	25	28	30
1856	211	3	24	26	-28	28
1857	211	3.5	-24	-26	27	-28
1858	211	4	-24	-26	26	35
1859	211	4.5	-24	27	25	-35
1860	212	1	0	28	26	-35
1861	212	1.5	0	-28	-26	34
1862	212	2	21	-28	-26	33
1864	212	3	22	0	27	-33
1866	212	4	23	0	-27	32
1868	213	1	24	0	0	33
1870	213	2	-24	0	26	32
1871	213	2.5	23	0	-26	31
1872	213	3	21	0	-26	30
1873	213	3.5	-21	0	25	-30
1874	213	4	23	25	25	28
1876	214	1	22	26	26	31
1878	214	2	-22	27	24	-31
1880	214	3	21	28	25	30
1883	214	4.5	-21	27	26	-30
1884	215	1	0	25	27	0
1885	215	1.5	0	-25	28	0
1886	215	2	0	27	29	32
1888	215	3	0	26	28	-32
1890	215	4	0	-26	-28	31
1892	216	1	0	25	0	32
1894	216	2	23	-25	28	30
1896	216	3	22	0	29	31
1898	216	4	24	0	28	30
1899	216	4.5	-24	0	27	29
1900	217	1	-24	0	26	28
1901	217	1.5	23	0	-26	-28
1902	217	2	22	0	27	29
1904	217	3	21	0	-27	30
1906	217	4	-21	0	26	-30
1908	218	1	20	0	27	29
1909	218	1.5	-20	0	-27	30
1910	218	2	-20	27	26	31
1911	218	2.5	-20	-27	25	32
1912	218	3	0	26	24	33
1914	218	4	0	28	-24	-33
1916	219	1	0	-28	0	32
1917	219	1.5	0	27	0	-32
1918	219	2	0	26	24	31
1920	219	3	0	25	27	-31
1922	219	4	0	-25	-27	30
1924	220	1	0	24	26	31
1926	220	2	20	-24	29	-31
1928	220	3	19	0	28	0
1930	220	4	20	0	27	31
1932	221	1	21	0	25	30
1934	221	2	-21	0	-25	32
1935	221	2.5	-21	0	26	-32
1936	221	3	20	0	27	-32
1937	221	3.5	-20	0	-27	31
1938	221	4	-20	24	-27	29
1940	222	1	0	23	0	28
1942	222	2	17	24	0	31
1944	222	3	21	25	28	-31
1946	222	4	-21	-25	-28	30
1948	223	1	17	24	28	31
1952	223	2	24	26	26	-31
1956	223	3	22	27	24	31
1960	224	1	21	28	25	30
1964	224	2	24	-28	26	31
1966	224	2.5	-24	29	-26	-31
1968	224	3	23	30	25	32
1972	225	1	22	31	24	33
1976	225	2	24	-31	-24	-33
1978	225	2.5	-24	30	25	-33
1980	225	3	-24	28	26	33
1982	225	3.5	23	-28	27	-33
1984	226	1	21	30	28	32
1988	226	2	18	29	27	-32
1992	226	3	21	-29	-27	32
1994	226	3.5	-21	28	26	-32
1996	227	1	23	28	25	30
2000	227	2	22	-28	-25	31
2004	227	3	-22	27	24	-31
2008	228	1	21	28	25	30
2012	228	2	24	26	26	28
2016	228	3	22	24	27	29
2020	229	1	21	28	28	30
2024	229	2	-21	-28	30	32
2028	229	3	20	24	29	-32
2030	229	3.5	-20	-24	-29	31
2032	230	1	22	-24	27	31
2036	230	2	21	25	28	-31
2040	230	3	-21	-25	-28	30
2044	231	1	17	24	28	31
*-	*-	*-	*-	*-	*-	*-
