**absq	**bar	**beat	**b7	**b7	**b7	**b7
0	1	1	23	23	23	30
6	1	2.5	19	-23	21	-30
8	1	3	19	-23	21	-30
12	2	1	23	25	-21	-30
16	2	2	22	26	0	31
20	2	3	-22	-26	24	-31
22	2	3.5	-22	27	-24	-31
24	3	1	21	28	25	30
26	3	1.5	-21	-28	26	-30
30	3	2.5	-21	27	25	0
32	3	3	-21	25	23	30
36	4	1	19	26	28	-30
40	4	2	22	24	26	29
42	4	2.5	-22	22	-26	-29
44	4	3	19	23	-26	28
48	5	1	20	22	0	29
50	5	1.5	-20	25	0	-29
52	5	2	-20	-25	22	-29
54	5	2.5	-20	24	-22	27
55	5	2.75	-20	23	-22	-27
56	5	3	18	25	-22	27
60	6	1	-18	-25	-22	27
62	6	1.5	-18	-25	-22	27
64	6	2	22	24	-22	26
66	6	2.5	-22	-24	-22	29
68	6	3	24	22	26	-29
69	6	3.25	-24	-22	-26	28
70	6	3.5	-24	-22	-26	26
72	7	1	23	23	0	25
74	7	1.5	22	24	0	27
76	7	2	19	-24	0	-27
77	7	2.25	-19	23	0	26
78	7	2.5	21	23	0	26
80	7	3	20	-23	0	-26
82	7	3.5	-20	22	0	25
84	8	1	19	23	21	26
92	8	3	0	24	22	0
96	9	1	18	25	0	29
98	9	1.5	-18	-25	22	-29
102	9	2.5	19	-25	22	29
104	9	3	20	-25	22	29
106	9	3.5	-20	-25	-22	29
108	10	1	19	26	23	28
110	10	1.5	17	-26	-23	-28
111	10	1.75	-17	-26	24	-28
112	10	2	16	25	25	30
115	10	2.75	-16	26	-25	31
116	10	3	23	27	-25	32
118	10	3.5	-23	28	-25	-32
119	10	3.75	24	-28	-25	31
120	11	1	25	27	0	29
122	11	1.5	-25	-27	25	-29
124	11	2	24	26	26	0
126	11	2.5	22	-26	24	29
128	11	3	23	0	25	32
130	11	3.5	-23	25	-25	-32
131	11	3.75	-23	-25	-25	30
132	12	1	22	26	24	31
134	12	1.5	-22	-26	22	33
135	12	1.75	-22	27	-22	-33
136	12	2	19	28	23	-33
137	12	2.25	-19	-28	-23	32
138	12	2.5	-19	-28	-23	33
140	12	3	21	-28	-23	-33
142	12	3.5	-21	27	-23	32
144	13	1	0	25	0	-32
145	13	1.25	0	-25	0	30
146	13	1.5	0	26	0	31
148	13	2	21	-26	0	-31
149	13	2.25	-21	-26	0	30
150	13	2.5	-21	23	0	30
152	13	3	22	24	26	-30
154	13	3.5	-22	-24	-26	29
156	14	1	19	23	26	30
162	14	2.5	-19	24	-26	-30
164	14	3	20	25	29	0
168	15	1	19	26	28	30
169	15	1.25	-19	-26	27	-30
170	15	1.5	-19	28	26	-30
171	15	1.75	-19	-28	-26	31
172	15	2	0	-28	-26	32
173	15	2.25	0	-28	25	-32
174	15	2.5	0	26	24	33
176	15	3	0	27	23	-33
178	15	3.5	0	-27	-23	32
180	16	1	19	26	0	33
182	16	1.5	-19	-26	23	-33
184	16	2	21	0	-23	32
186	16	2.5	22	0	22	31
188	16	3	19	26	21	-31
189	16	3.25	-19	-26	-21	29
190	16	3.5	-19	-26	-21	30
192	17	1	22	24	22	31
194	17	1.5	-22	-24	-22	29
195	17	1.75	-22	25	-22	-29
196	17	2	18	27	25	-29
197	17	2.25	-18	-27	-25	30
198	17	2.5	-18	-27	-25	32
200	17	3	21	26	23	-32
202	17	3.5	22	-26	24	31
204	18	1	23	25	21	30
206	18	1.5	24	26	0	28
208	18	2	21	28	23	-28
210	18	2.5	-21	28	21	30
212	18	3	18	-28	25	29
214	18	3.5	-18	27	-25	-29
216	19	1	21	28	-25	28
220	19	2	17	28	26	31
226	19	3.5	17	28	26	31
228	20	1	17	28	26	31
232	20	2	17	26	24	31
236	20	3	-17	24	21	33
240	21	1	17	-24	-21	-33
242	21	1.5	-17	23	-21	32
243	21	1.75	-17	22	-21	-32
244	21	2	21	23	0	32
246	21	2.5	-21	-23	28	-32
248	21	3	22	24	26	31
250	21	3.5	-22	-24	27	-31
254	22	1.5	21	0	26	30
256	22	2	21	25	28	30
259	22	2.75	-21	-25	27	-30
260	22	3	0	23	25	28
262	22	3.5	0	22	26	29
264	23	1	0	25	27	-29
266	23	1.5	0	-25	-27	27
268	23	2	0	26	28	26
270	23	2.5	0	26	26	28
272	23	3	0	-26	23	27
274	23	3.5	0	25	-23	-27
276	24	1	19	26	-23	26
278	24	1.5	-19	-26	24	-26
281	24	2.25	-19	-26	22	0
282	24	2.5	-19	-26	23	0
284	24	3	17	-26	24	33
288	25	1	-17	28	-24	33
292	25	2	21	-28	23	-33
294	25	2.5	-21	-28	-23	32
298	25	3.5	22	-28	24	31
300	26	1	-22	0	-24	31
302	26	1.5	23	27	25	30
303	26	1.75	-23	-27	-25	29
304	26	2	24	26	26	28
306	26	2.5	-24	24	-26	31
307	26	2.75	-24	-24	27	-31
308	26	3	21	25	28	-31
309	26	3.25	-21	-25	-28	30
310	26	3.5	-21	-25	-28	30
312	27	1	0	24	26	-30
314	27	1.5	0	-24	-26	29
316	27	2	0	23	25	28
318	27	2.5	0	22	24	29
320	27	3	0	25	25	-29
322	27	3.5	0	25	-25	27
324	28	1	0	-25	22	26
326	28	1.5	0	24	-22	-26
328	28	2	0	25	27	25
332	28	3	21	-25	28	0
334	28	3.5	-21	23	26	0
336	29	1	20	22	25	0
338	29	1.5	21	23	-25	0
339	29	1.75	-21	-23	24	0
340	29	2	22	24	22	0
342	29	2.5	23	25	21	0
344	29	3	-23	-25	25	0
345	29	3.25	-23	26	-25	0
346	29	3.5	22	27	-25	0
347	29	3.75	21	-27	-25	0
348	30	1	23	28	-25	0
350	30	1.5	22	-28	24	0
351	30	1.75	-22	27	-24	0
352	30	2	20	26	22	0
353	30	2.25	-20	25	-22	0
354	30	2.5	21	25	23	0
356	30	3	19	-25	21	28
358	30	3.5	-19	24	-21	-28
359	30	3.75	-19	-24	-21	26
360	31	1	18	25	22	27
363	31	1.75	-18	-25	-22	28
364	31	2	-18	-25	0	29
366	31	2.5	-18	-25	0	30
368	31	3	0	-25	21	-30
370	31	3.5	0	-25	-21	29
371	31	3.75	0	-25	-21	28
372	32	1	0	25	-21	30
375	32	1.75	0	-25	-21	29
376	32	2	0	-25	23	27
378	32	2.5	0	23	21	28
380	32	3	22	24	22	26
384	33	1	23	25	0	25
388	33	2	-23	-25	21	-25
391	33	2.75	-23	-25	22	-25
392	33	3	19	26	23	28
394	33	3.5	-19	-26	-23	29
395	33	3.75	20	-26	-23	-29
396	34	1	21	26	-23	30
398	34	1.5	-21	-26	21	-30
400	34	2	17	-26	21	31
402	34	2.5	-17	-26	-21	31
404	34	3	-17	-26	28	-31
406	34	3.5	-17	-26	-28	29
408	35	1	19	-26	0	28
410	35	1.5	-19	-26	28	-28
412	35	2	20	25	27	29
414	35	2.5	-20	-25	25	-29
415	35	2.75	-20	24	-25	-29
416	35	3	-20	22	-25	-29
418	35	3.5	-20	-22	24	27
419	35	3.75	-20	-22	25	-27
420	36	1	0	24	26	26
424	36	2	21	25	28	30
430	36	3.5	-21	-25	26	29
432	37	1	22	24	26	29
436	37	2	19	23	0	-29
438	37	2.5	-19	-23	0	28
439	37	2.75	-19	-23	0	29
440	37	3	-19	-23	26	28
443	37	3.75	-19	-23	-26	27
444	38	1	20	22	25	29
447	38	1.75	-20	-22	24	-29
448	38	2	-20	23	23	-29
449	38	2.25	-20	-23	22	-29
450	38	2.5	18	25	22	-29
452	38	3	19	-25	-22	28
453	38	3.25	-19	-25	20	-28
454	38	3.5	-19	24	21	-28
456	39	1	18	25	22	27
460	39	2	-18	-25	0	28
462	39	2.5	-18	-25	0	30
464	39	3	-18	-25	25	-30
466	39	3.5	-18	-25	-25	29
468	40	1	-18	0	25	29
474	40	2.5	-18	0	24	28
475	40	2.75	-18	0	23	29
476	40	3	-18	25	22	27
478	40	3.5	-18	-25	23	-27
479	40	3.75	-18	-25	-23	26
480	41	1	22	26	24	26
486	41	2.5	21	-26	-24	-26
487	41	2.75	22	-26	-24	-26
488	41	3	20	0	22	0
490	41	3.5	-20	0	21	0
491	41	3.75	19	0	-21	0
492	42	1	19	26	23	28
498	42	2.5	-19	25	-23	28
499	42	2.75	-19	26	-23	-28
500	42	3	-19	24	26	28
502	42	3.5	-19	23	-26	-28
504	43	1	19	23	26	28
508	43	2	20	22	25	29
514	43	3.5	19	-22	24	28
516	44	1	19	26	26	28
519	44	1.75	-19	-26	27	-28
520	44	2	17	-26	28	0
522	44	2.5	-17	-26	-28	31
526	44	3.5	-17	-26	-28	30
528	45	1	21	25	-28	30
532	45	2	0	26	24	28
534	45	2.5	0	24	26	29
536	45	3	0	25	25	-29
537	45	3.25	0	-25	-25	28
538	45	3.5	0	-25	27	29
540	46	1	0	24	26	-29
541	46	1.25	0	-24	-26	28
542	46	1.5	0	-24	24	26
544	46	2	0	23	25	28
546	46	2.5	0	24	24	-28
547	46	2.75	0	-24	-24	27
548	46	3	0	-24	21	25
550	46	3.5	0	23	-21	-25
551	46	3.75	0	-23	-21	24
552	47	1	0	24	0	24
555	47	1.75	0	25	0	-24
556	47	2	22	26	24	0
560	47	3	-22	-26	-24	29
564	48	1	21	-26	23	30
568	48	2	22	-26	22	31
574	48	3.5	-22	-26	-22	30
575	48	3.75	-22	-26	-22	29
576	49	1	19	26	23	28
580	49	2	-19	-26	21	30
584	49	3	18	22	25	-30
586	49	3.5	-18	-22	-25	29
588	50	1	20	-22	-25	29
592	50	2	19	23	26	28
594	50	2.5	-19	-23	-26	28
598	50	3.5	-19	-23	-26	27
600	51	1	0	22	26	29
602	51	1.5	0	-22	-26	30
604	51	2	22	-22	-26	31
606	51	2.5	-22	-22	27	-31
610	51	3.5	-22	-22	26	30
612	52	1	24	0	26	28
618	52	2.5	-24	0	-26	29
620	52	3	-24	24	26	-29
622	52	3.5	-24	-24	-26	28
623	52	3.75	-24	-24	27	-28
624	53	1	21	25	28	30
632	53	3	-21	-25	0	30
636	54	1	0	21	28	30
640	54	2	0	22	26	31
642	54	2.5	0	23	25	32
644	54	3	0	21	28	-32
646	54	3.5	0	-21	-28	31
648	55	1	0	-21	28	30
650	55	1.5	0	18	27	29
652	55	2	0	21	-27	-29
653	55	2.25	0	-21	25	28
654	55	2.5	0	23	25	28
656	55	3	0	22	-25	-28
658	55	3.5	0	-22	24	27
660	56	1	21	21	25	28
663	56	1.75	22	-21	-25	-28
664	56	2	23	-21	-25	0
666	56	2.5	-23	25	-25	27
670	56	3.5	19	-25	0	26
672	57	1	19	26	23	28
674	57	1.5	-19	-26	-23	29
676	57	2	19	26	21	31
679	57	2.75	17	-26	-21	-31
680	57	3	19	26	-21	-31
682	57	3.5	-19	-26	-21	30
683	57	3.75	20	-26	-21	-30
684	58	1	21	25	-21	30
688	58	2	17	24	28	33
694	58	3.5	-17	-24	-28	32
696	59	1	21	23	-28	32
700	59	2	22	22	26	31
702	59	2.5	-22	-22	29	-31
704	59	3	-22	26	-29	-31
706	59	3.5	-22	-26	28	30
708	60	1	0	25	27	30
712	60	2	22	24	26	29
714	60	2.5	-22	-24	-26	29
718	60	3.5	-22	-24	0	27
720	61	1	19	23	26	28
723	61	1.75	-19	-23	24	-28
724	61	2	18	-23	25	0
726	61	2.5	19	-23	21	0
730	61	3.5	18	-23	20	0
732	62	1	19	-23	21	0
734	62	1.5	16	-23	-21	0
736	62	2	18	-23	20	0
738	62	2.5	19	-23	21	0
740	62	3	17	22	19	26
744	63	1	16	23	0	25
746	63	1.5	-16	-23	20	-25
747	63	1.75	-16	21	-20	26
748	63	2	0	22	-20	27
750	63	2.5	0	21	19	28
751	63	2.75	0	22	-19	26
752	63	3	0	-22	24	27
753	63	3.25	0	20	-24	29
754	63	3.5	0	19	-24	-29
755	63	3.75	0	-19	23	28
756	64	1	0	21	-23	26
757	64	1.25	0	22	24	26
758	64	1.5	0	20	22	-26
759	64	1.75	0	-20	-22	25
760	64	2	0	19	23	26
764	64	3	0	23	0	25
766	64	3.5	0	-23	25	28
768	65	1	0	24	26	29
770	65	1.5	0	23	27	30
772	65	2	0	21	28	-30
773	65	2.25	0	-21	-28	31
774	65	2.5	0	-21	-28	32
775	65	2.75	0	22	27	-32
776	65	3	0	23	25	-32
777	65	3.25	0	-23	-25	31
777.5	65	3.375	0	-23	-25	32
778	65	3.5	0	22	29	33
780	66	1	0	25	-29	32
782	66	1.5	0	26	28	30
783	66	1.75	0	-26	-28	31
784	66	2	0	23	-28	-31
785	66	2.25	0	-23	27	32
786	66	2.5	0	25	27	30
787	66	2.75	0	-25	-27	29
787.5	66	2.875	0	-25	-27	30
788	66	3	0	24	-27	31
789	66	3.25	0	-24	-27	29
790	66	3.5	0	-24	26	-29
791	66	3.75	0	-24	-26	28
792	67	1	16	23	27	30
794	67	1.5	-16	-23	0	29
795	67	1.75	-16	-23	0	28
796	67	2	-16	23	20	-28
797	67	2.25	-16	-23	-20	27
797.5	67	2.375	-16	-23	-20	26
798	67	2.5	-16	23	-20	25
799	67	2.75	-16	-23	19	26
800	67	3	0	24	21	-26
801	67	3.25	0	23	-21	25
802	67	3.5	0	-23	22	24
803	67	3.75	0	22	-22	-24
804	68	1	16	23	20	23
816	69	1	0	0	0	0
816	69	1	20	0	0	0
822	69	2.5	21	0	0	0
824	69	3	22	0	0	0
828	70	1	23	0	0	27
831	70	1.75	24	0	0	-27
832	70	2	25	0	0	-27
834	70	2.5	-25	0	0	28
836	70	3	-25	0	0	29
840	71	1	-25	0	0	30
844	71	2	-25	0	0	29
848	71	3	-25	0	0	32
852	72	1	22	0	0	31
854	72	1.5	-22	0	0	33
856	72	2	26	0	0	-33
858	72	2.5	-26	0	0	32
860	72	3	-26	0	0	31
862	72	3.5	-26	0	0	30
864	73	1	25	0	0	30
866	73	1.5	23	0	0	-30
870	73	2.5	25	0	0	29
872	73	3	24	0	0	29
874	73	3.5	-24	0	0	28
875	73	3.75	23	0	0	-28
876	74	1	21	0	0	30
877	74	1.25	22	0	0	-30
878	74	1.5	23	0	0	-30
879	74	1.75	24	0	0	-30
880	74	2	25	0	0	-30
882	74	2.5	-25	0	0	29
883	74	2.75	-25	0	0	28
884	74	3	18	0	0	27
887	74	3.75	-18	0	0	25
888	75	1	21	0	0	26
890	75	1.5	-21	0	0	25
892	75	2	20	0	0	-25
894	75	2.5	21	0	0	25
897	75	3.25	22	0	0	-25
898	75	3.5	23	0	0	25
900	76	1	-23	0	0	28
902	76	1.5	21	0	0	-28
904	76	2	22	0	0	27
906	76	2.5	20	0	0	29
908	76	3	19	0	0	28
910	76	3.5	-19	0	0	30
912	77	1	18	0	0	-30
913	77	1.25	-18	0	0	29
914	77	1.5	-18	0	0	27
916	77	2	0	0	0	28
918	77	2.5	25	0	0	27
920	77	3	-25	0	0	25
922	77	3.5	23	0	0	-25
924	78	1	24	0	0	0
926	78	1.5	22	0	0	31
928	78	2	21	0	0	30
930	78	2.5	18	0	0	32
932	78	3	20	0	0	-32
934	78	3.5	21	0	0	30
936	79	1	22	0	0	31
938	79	1.5	-22	0	0	29
939	79	1.75	23	0	0	-29
940	79	2	24	0	0	28
942	79	2.5	23	0	0	-28
943	79	2.75	-23	0	0	27
944	79	3	-23	0	0	26
945	79	3.25	24	0	0	-26
946	79	3.5	25	0	0	25
948	80	1	21	0	0	28
950	80	1.5	24	0	0	-28
952	80	2	-24	0	0	29
954	80	2.5	23	0	0	28
956	80	3	22	0	0	31
958	80	3.5	20	0	0	-31
959	80	3.75	-20	0	0	29
960	81	1	19	0	0	30
962	81	1.5	-19	0	0	31
964	81	2	18	0	0	32
967	81	2.75	-18	0	0	31
968	81	3	-18	25	0	29
970	81	3.5	21	-25	0	30
972	82	1	-21	26	0	-30
973	82	1.25	-21	-26	0	28
974	82	1.5	20	27	0	29
976	82	2	21	25	0	30
977	82	2.25	-21	-25	0	28
978	82	2.5	23	-25	0	28
980	82	3	22	24	0	-28
982	82	3.5	-22	-24	0	27
983	82	3.75	-22	23	0	-27
984	83	1	21	25	0	28
990	83	2.5	20	-25	0	0
992	83	3	-20	0	0	29
994	83	3.5	19	0	0	-29
995	83	3.75	18	0	0	-29
996	84	1	17	26	0	-29
998	84	1.5	-17	-26	0	28
1000	84	2	-17	-26	0	31
1004	84	3	24	26	0	-31
1006	84	3.5	-24	-26	0	30
1008	85	1	21	25	0	30
1012	85	2	22	24	0	-30
1014	85	2.5	-22	-24	0	29
1018	85	3.5	-22	23	0	28
1019	85	3.75	-22	22	0	29
1020	86	1	19	21	0	30
1023	86	1.75	-19	22	0	31
1024	86	2	0	23	0	32
1025	86	2.25	0	24	0	-32
1026	86	2.5	0	25	0	-32
1028	86	3	19	26	0	31
1029	86	3.25	-19	-26	0	30
1030	86	3.5	-19	24	0	31
1030.5	86	3.625	-19	-24	0	30
1031	86	3.75	-19	-24	0	29
1031.5	86	3.875	-19	-24	0	28
1032	87	1	18	25	0	27
1044	88	1	0	0	0	0
1044	88	1	0	0	25	27
1048	88	2	0	0	25	27
1050	88	2.5	0	0	-25	27
1052	88	3	0	0	25	-27
1054	88	3.5	0	0	-25	27
1056	89	1	0	0	26	28
1062	89	2.5	0	0	-26	28
1064	89	3	0	0	0	29
1068	90	1	0	0	26	28
1072	90	2	0	0	-26	31
1076	90	3	0	0	26	-31
1078	90	3.5	0	0	-26	30
1080	91	1	0	0	28	30
1088	91	3	0	0	28	30
1092	92	1	0	0	-28	32
1096	92	2	0	0	30	-32
1098	92	2.5	0	0	28	32
1100	92	3	0	0	27	32
1104	93	1	0	0	26	33
1108	93	2	0	0	0	32
1110	93	2.5	0	0	0	31
1112	93	3	0	0	26	-31
1113	93	3.25	0	0	-26	29
1114	93	3.5	0	0	-26	30
1116	94	1	0	0	27	29
1118	94	1.5	0	0	26	28
1120	94	2	0	0	-26	29
1121	94	2.25	0	0	25	-29
1122	94	2.5	0	0	25	27
1124	94	3	0	0	-25	26
1126	94	3.5	0	0	24	-26
1128	95	1	0	0	25	25
1130	95	1.5	0	0	-25	29
1134	95	2.5	0	0	29	29
1136	95	3	0	0	28	30
1138	95	3.5	0	0	27	32
1140	96	1	0	0	29	31
1142	96	1.5	0	0	-29	33
1144	96	2	0	0	27	-33
1146	96	2.5	0	0	28	32
1148	96	3	0	0	26	32
1150	96	3.5	0	0	-26	31
1152	97	1	0	0	25	32
1158	97	2.5	0	0	24	0
1159	97	2.75	0	0	23	0
1160	97	3	0	0	22	31
1164	98	1	0	0	21	30
1168	98	2	0	0	24	29
1174	98	3.5	0	0	25	28
1176	99	1	0	0	26	28
1180	99	2	0	0	27	29
1182	99	2.5	0	0	26	26
1184	99	3	0	0	0	27
1186	99	3.5	0	0	29	-27
1188	100	1	0	0	28	26
1190	100	1.5	0	0	27	-26
1191	100	1.75	0	0	26	-26
1192	100	2	0	0	-26	28
1193	100	2.25	0	0	25	-28
1194	100	2.5	0	0	25	-28
1195	100	2.75	0	0	-25	27
1196	100	3	0	0	-25	25
1198	100	3.5	0	0	24	26
1200	101	1	0	0	25	25
1202	101	1.5	0	0	21	-25
1204	101	2	0	0	0	29
1206	101	2.5	0	0	25	30
1208	101	3	0	0	26	31
1210	101	3.5	0	0	27	32
1212	102	1	0	0	28	-32
1214	102	1.5	0	0	-28	30
1216	102	2	0	0	27	29
1218	102	2.5	0	0	25	-29
1220	102	3	0	0	24	31
1222	102	3.5	0	0	26	-31
1224	103	1	0	0	-26	30
1226	103	1.5	0	0	25	32
1228	103	2	0	0	23	-32
1230	103	2.5	0	0	-23	28
1232	103	3	0	0	24	29
1234	103	3.5	0	0	22	-29
1236	104	1	0	0	-22	31
1238	104	1.5	0	0	21	30
1240	104	2	0	0	24	28
1242	104	2.5	0	0	-24	29
1243	104	2.75	0	0	22	-29
1244	104	3	0	0	23	-29
1245	104	3.25	0	0	-23	28
1246	104	3.5	0	0	24	28
1248	105	1	0	0	22	-28
1250	105	1.5	0	0	-22	27
1252	105	2	0	0	21	28
1260	106	1	0	0	0	0
1260	106	1	20	22	25	0
1266	106	4	-20	23	-25	0
1268	107	1	19	24	26	0
1272	107	3	22	-24	-26	0
1276	108	1	-22	22	-26	0
1280	108	3	20	25	25	0
1284	109	1	19	-25	28	0
1288	109	3	-19	24	-28	0
1292	110	1	18	25	27	0
1296	110	3	-18	-25	-27	29
1302	111	2	-18	0	-27	29
1304	111	3	-18	25	-27	29
1308	112	1	21	-25	0	30
1312	112	3	-21	25	28	-30
1314	112	4	-21	-25	-28	28
1316	113	1	-21	-25	-28	28
1320	113	3	24	26	-28	28
1324	114	1	-24	-26	-28	31
1328	114	3	22	27	29	-31
1332	115	1	21	28	25	30
1336	115	3	-21	-28	-25	30
1338	115	4	22	27	-25	-30
1340	116	1	23	28	25	30
1344	116	3	24	26	26	29
1346	116	4	-24	-26	-26	28
1348	117	1	25	25	23	27
1352	117	3	-25	-25	-23	32
1354	117	4	-25	26	-23	-32
1356	118	1	0	27	-23	32
1360	118	3	0	28	21	33
1364	119	1	0	-28	24	-33
1366	119	2	0	-28	-24	32
1368	119	3	0	25	25	32
1372	120	1	0	26	22	0
1376	120	3	0	-26	-22	31
1378	120	4	0	27	-22	-31
1380	121	1	0	28	26	30
1384	121	3	0	-28	24	33
1388	122	1	19	-28	28	-33
1390	122	2	-19	-28	-28	32
1392	122	3	-19	-28	-28	33
1394	122	4	-19	-28	30	-33
1396	123	1	21	0	-30	32
1398	123	2	-21	0	28	30
1400	123	3	20	0	29	31
1404	124	1	21	25	28	30
1408	124	3	0	-25	27	29
1412	125	1	0	-25	-27	30
1416	125	3	0	26	28	31
1420	126	1	0	25	29	32
1422	126	2	0	-25	27	-32
1424	126	3	0	28	28	-32
1426	126	4	0	-28	-28	30
1428	127	1	0	-28	25	29
1432	127	3	0	27	-25	-29
1436	128	1	0	28	21	28
1440	128	3	18	0	22	0
1442	128	4	-18	0	23	0
1444	129	1	19	0	-23	0
1446	129	2	-19	0	21	0
1448	129	3	20	0	22	0
1452	130	1	21	0	21	28
1454	130	2	-21	0	28	-28
1456	130	3	0	25	-28	29
1458	130	4	0	-25	27	30
1460	131	1	0	26	28	-30
1462	131	2	0	-26	26	28
1464	131	3	0	27	25	29
1468	132	1	0	28	21	28
1472	132	3	21	-28	25	0
1476	133	1	24	26	0	28
1480	133	3	-24	-26	28	31
1482	133	4	24	-26	-28	-31
1484	134	1	24	-26	-28	-31
1486	134	2	-24	-26	-28	31
1488	134	3	22	-26	29	31
1492	135	1	-22	26	-29	31
1494	135	2	-22	-26	28	-31
1496	135	3	22	26	26	31
1500	136	1	21	-26	28	30
1504	136	3	-21	25	-28	-30
1508	137	1	20	25	0	29
1514	137	4	18	23	0	-29
1516	138	1	19	24	28	28
1518	138	2	-19	23	-28	-28
1520	138	3	18	25	29	27
1524	139	1	-18	-25	27	30
1530	139	4	-18	-25	25	-30
1532	140	1	-18	22	25	29
1536	140	3	-18	25	-25	28
1538	140	4	-18	-25	24	27
1540	141	1	-18	-25	22	-27
1542	141	2	-18	-25	-22	26
1543	141	2.5	-18	-25	-22	25
1544	141	3	0	26	-22	24
1548	142	1	22	-26	0	0
1552	142	3	-22	22	0	24
1554	142	4	-22	-22	0	25
1556	143	1	21	23	0	26
1560	143	3	22	24	0	-26
1564	144	1	-22	-24	0	26
1566	144	2	21	23	0	-26
1568	144	3	19	24	21	26
1572	145	1	18	25	22	27
1576	145	3	-18	-25	23	-27
1580	146	1	17	26	24	26
1584	146	3	-17	-26	-24	29
1588	147	1	0	27	25	-29
1592	147	3	17	26	24	28
1596	148	1	18	25	22	27
1604	149	1	22	0	24	26
1608	149	3	-22	24	22	-26
1610	149	4	21	-24	-22	-26
1612	150	1	19	23	21	0
1616	150	3	21	26	23	0
1620	151	1	20	-26	22	29
1622	151	2	-20	-26	22	-29
1624	151	3	-20	25	-22	29
1626	151	4	-20	-25	21	-29
1628	152	1	19	26	23	28
1632	152	3	-19	-26	-23	28
1636	153	1	0	25	0	29
1640	153	3	0	27	25	29
1644	154	1	0	26	28	30
1648	154	3	0	-26	-28	31
1650	154	4	0	25	27	32
1652	155	1	0	27	29	-32
1653	155	1.5	0	-27	-29	31
1654	155	2	0	-27	-29	30
1655	155	2.5	0	-27	-29	29
1656	155	3	0	26	28	31
1658	155	4	0	25	27	30
1660	156	1	0	26	28	-30
1662	156	2	0	24	26	29
1664	156	3	0	23	-26	-29
1666	156	4	0	-23	25	28
1667	156	4.5	0	22	-25	-28
1668	157	1	0	22	26	29
1672	157	3	20	0	25	29
1676	158	1	21	25	28	30
1680	158	3	19	26	-28	31
1684	159	1	18	27	29	32
1688	159	3	21	28	30	-32
1692	160	1	-21	-28	-30	28
1694	160	2	-21	26	-30	-28
1696	160	3	17	26	0	-28
1700	161	1	-17	24	26	28
1704	161	3	21	0	25	28
1708	162	1	-21	23	-25	28
1712	162	3	22	24	24	26
1716	163	1	-22	-24	-24	27
1718	163	2	21	23	25	-27
1720	163	3	19	24	26	28
1724	164	1	18	25	27	29
1728	164	3	-18	27	25	-29
1730	164	4	16	-27	-25	-29
1732	165	1	17	26	28	28
1736	165	3	18	25	0	27
1740	166	1	19	-25	28	26
1744	166	3	-19	24	-28	-26
1746	166	4	-19	-24	27	-26
1747	166	4.5	-19	-24	26	-26
1748	167	1	0	25	27	25
1752	167	3	23	-25	27	-25
1756	168	1	-23	21	28	0
1758	168	2	24	-21	-28	0
1760	168	3	25	-21	-28	30
1764	169	1	21	25	-28	30
1768	169	3	-21	26	-28	30
1770	169	4	20	-26	-28	-30
1771	169	4.5	19	-26	-28	-30
1772	170	1	18	27	0	-30
1776	170	3	21	25	28	30
1780	171	1	-21	28	-28	-30
1782	171	2	22	-28	27	-30
1784	171	3	23	-28	25	30
1788	172	1	24	28	24	33
1792	172	3	-24	28	31	33
1796	173	1	24	-28	-31	33
1798	173	2	-24	-28	30	-33
1800	173	3	24	24	29	33
1802	173	4	-24	-24	28	-33
1804	174	1	-24	-24	28	33
1808	174	3	21	23	-28	32
1810	174	4	-21	-23	25	32
1812	175	1	-21	21	-25	-32
1814	175	2	-21	-21	26	30
1816	175	3	20	22	27	31
1820	176	1	21	21	25	30
1824	176	3	-21	-21	28	30
1826	176	4	20	-21	-28	-30
1827	176	4.5	19	-21	-28	-30
1828	177	1	18	0	27	32
1832	177	3	0	23	-27	32
1834	177	4	0	-23	28	-32
1836	178	1	20	22	29	31
1840	178	3	21	21	0	30
1842	178	4	-21	25	0	-30
1844	179	1	18	-25	25	29
1846	179	2	-18	26	-25	-29
1848	179	3	-18	27	-25	-29
1850	179	4	-18	-27	-25	28
1851	179	4.5	-18	-27	-25	27
1852	180	1	0	28	24	26
1860	181	1	0	24	0	26
1864	181	3	0	-24	22	26
1868	182	1	0	0	-22	26
1870	182	2	0	0	23	-26
1872	182	3	0	24	24	26
1876	183	1	0	23	21	25
1880	183	3	0	-23	25	28
1882	183	4	0	24	26	-28
1884	184	1	0	-24	-26	29
1886	184	2	0	23	25	28
1888	184	3	0	22	27	31
1890	184	4	0	-22	26	-31
1892	185	1	0	21	28	30
1895	185	2.5	0	-21	26	-30
1896	185	3	0	-21	25	-30
1898	185	4	0	24	26	28
1900	186	1	0	-24	-26	29
1902	186	2	0	23	25	27
1904	186	3	0	24	22	26
1906	186	4	0	25	23	25
1908	187	1	0	21	-23	-25
1910	187	2	0	-21	24	28
1912	187	3	18	22	25	-28
1914	187	4	-18	-22	-25	27
1916	188	1	19	21	0	28
1920	188	3	21	21	0	-28
1924	189	1	20	22	0	0
1928	189	3	-20	24	0	0
1932	190	1	21	23	0	0
1936	190	3	21	-23	0	25
1940	191	1	17	24	0	26
1944	191	3	17	26	0	28
1948	192	1	18	25	0	27
1952	192	3	-18	25	25	-27
1956	193	1	0	21	26	28
1960	193	3	19	-21	28	28
1964	194	1	18	0	27	29
1968	194	3	18	25	-27	29
1972	195	1	21	26	28	28
1976	195	3	23	28	28	28
1980	196	1	22	27	29	31
1984	196	3	-22	27	29	31
1988	197	1	21	28	25	30
1992	197	3	-21	-28	-25	30
1994	197	4	-21	26	-25	-30
1996	198	1	18	27	0	29
2002	198	4	-18	25	0	-29
2004	199	1	0	-25	0	32
2006	199	2	22	27	0	-32
2007	199	2.5	-22	-27	0	31
2008	199	3	23	-27	0	32
2010	199	4	24	26	0	33
2012	200	1	-24	28	0	-33
2014	200	2	25	25	0	32
2016	200	3	22	26	29	-32
2018	200	4	-22	-26	-29	31
2020	201	1	18	25	29	32
2026	201	4	-18	23	28	0
2027	201	4.5	-18	-23	29	0
2028	202	1	21	23	30	32
2030	202	2	-21	-23	28	-32
2032	202	3	23	23	-28	32
2034	202	4	-23	-23	27	-32
2035	202	4.5	-23	-23	28	-32
2036	203	1	22	24	29	33
2039	203	2.5	-22	-24	28	-33
2040	203	3	-22	-24	26	-33
2042	203	4	-22	23	-26	32
2043	203	4.5	-22	24	27	31
2044	204	1	21	25	28	30
2050	204	4	-21	21	-28	-30
2052	205	1	25	21	-28	30
2056	205	3	23	-21	-28	32
2060	206	1	0	22	0	31
2062	206	2	22	-22	0	-31
2064	206	3	21	23	0	30
2066	206	4	20	24	0	29
2070	207	2	18	23	0	28
2071	207	2.5	-18	-23	0	27
2072	207	3	17	24	28	26
2075	207	4.5	-17	25	-28	-26
2076	208	1	-17	26	-28	26
2077	208	1.5	-17	27	-28	-26
2078	208	2	-17	28	26	26
2080	208	3	-17	-28	24	26
2082	208	4	-17	26	-24	26
2084	209	1	0	25	23	27
2087	209	2.5	0	-25	22	-27
2088	209	3	17	24	24	26
2090	209	4	-17	-24	-24	28
2092	210	1	-17	-24	21	-28
2094	210	2	-17	-24	-21	26
2096	210	3	21	23	0	25
2100	211	1	17	24	28	0
2102	211	2	-17	-24	-28	24
2104	211	3	0	23	0	25
2106	211	4	0	22	24	26
2108	212	1	0	-22	-24	27
2110	212	2	0	21	25	28
2112	212	3	17	24	26	-28
2114	212	4	-17	-24	-26	29
2116	213	1	-17	26	24	28
2118	213	2	-17	24	-24	31
2120	213	3	21	25	21	-31
2122	213	4	-21	-25	-21	30
2124	214	1	17	24	28	31
2132	215	1	20	22	0	31
2136	215	3	22	22	27	31
2140	216	1	21	23	28	32
2146	216	4	-21	21	-28	30
2148	217	1	25	21	-28	30
2152	217	3	-25	-21	27	-30
2154	217	4	-25	-21	26	-30
2156	218	1	0	0	25	30
2160	218	3	0	0	-25	30
2164	219	1	0	21	0	30
2168	219	3	0	-21	28	30
2172	220	1	0	22	-28	31
2174	220	2	0	-22	26	-31
2176	220	3	0	-22	27	-31
2180	221	1	0	21	28	30
2184	221	3	0	22	24	29
2188	222	1	0	23	25	28
2192	222	3	0	24	26	29
2196	223	1	0	25	0	-29
2200	223	3	0	26	26	28
2204	224	1	22	-26	29	27
2208	224	3	-22	25	-29	-27
2210	224	4	23	-25	-29	-27
2212	225	1	24	26	28	26
2217.33	225	3.66667	21	-26	-28	30
2222.67	226	2.33333	22	-26	26	31
2225.33	226	3.66667	-22	-26	-26	29
2228	227	1	-22	24	27	29
2233.33	227	3.66667	19	23	26	-29
2236	228	1	-19	-23	-26	27
2238.67	228	2.33333	-19	-23	-26	28
2244	229	1	24	22	-26	29
2254.67	230	2.33333	-24	-22	0	29
2260	231	1	22	20	0	-29
2262.67	231	2.33333	-22	-20	0	30
2264	231	3	-22	21	0	-30
2265.33	231	3.66667	-22	22	26	31
2269.33	232	1.66667	-22	-22	27	30
2270	232	2	-22	-22	-27	31
2270.67	232	2.33333	23	21	28	32
2273.33	232	3.66667	21	-21	-28	-32
2274.67	232	4.33333	-21	-21	-28	30
2276	233	1	19	0	-28	31
2278.67	233	2.33333	20	24	27	-31
2280	233	3	-20	-24	-27	30
2281.33	233	3.66667	-20	-24	-27	29
2282.67	233	4.33333	-20	-24	-27	28
2284	234	1	21	23	25	28
2286.67	234	2.33333	18	22	25	-28
2289.33	234	3.66667	-18	-22	-25	27
2292	235	1	0	21	-25	28
2294.67	235	2.33333	21	-21	-25	-28
2297.33	235	3.66667	-21	-21	28	0
2300	236	1	19	-21	-28	0
2302.67	236	2.33333	18	23	27	32
2308	237	1	17	24	26	33
2313.33	237	3.66667	0	21	28	32
2316	238	1	21	-21	-28	30
2317.33	238	1.66667	-21	-21	27	-30
2318.67	238	2.33333	21	23	25	-30
2320	238	3	-21	-23	28	-30
2321.33	238	3.66667	-21	-23	-28	32
2322.67	238	4.33333	-21	-23	26	-32
2324	239	1	22	22	27	31
2326.67	239	2.33333	21	25	28	30
2329.33	239	3.66667	19	26	-28	-30
2332	240	1	-19	26	26	28
2334.67	240	2.33333	0	-26	23	27
2337.33	240	3.66667	23	25	-23	-27
2340	241	1	24	26	0	26
2342.67	241	2.33333	-24	-26	0	28
2344	241	3	23	25	0	-28
2344.67	241	3.33333	-23	24	0	-28
2345.33	241	3.66667	21	23	28	-28
2346.67	241	4.33333	-21	-23	-28	27
2348	242	1	-21	-23	-28	25
2349.33	242	1.66667	-21	22	27	-25
2350	242	2	-21	21	-27	-25
2350.67	242	2.33333	22	20	25	-25
2353.33	242	3.66667	23	19	26	28
2356	243	1	-23	21	25	-28
2357.33	243	1.66667	24	-21	-25	29
2358.67	243	2.33333	25	-21	28	30
2360	243	3	-25	22	-28	-30
2361.33	243	3.66667	21	23	-28	-30
2362.67	243	4.33333	-21	-23	-28	31
2364	244	1	-21	23	-28	32
2365.33	244	1.66667	19	24	-28	-32
2366.67	244	2.33333	18	25	27	-32
2368	244	3	-18	-25	-27	31
2369.33	244	3.66667	20	-25	29	29
2370.67	244	4.33333	-20	24	-29	-29
2372	245	1	-20	22	-29	33
2373.33	245	1.66667	19	-22	-29	-33
2374.67	245	2.33333	17	26	28	-33
2376	245	3	-17	-26	-28	32
2377.33	245	3.66667	-17	-26	28	31
2378.67	245	4.33333	-17	-26	-28	30
2380	246	1	21	25	-28	30
2382.67	246	2.33333	22	24	26	-30
2385.33	246	3.66667	-22	-24	-26	29
2388	247	1	19	23	-26	30
2390.67	247	2.33333	-19	-23	27	-30
2392	247	3	18	-23	-27	-30
2393.33	247	3.66667	19	-23	28	-30
2398.67	248	2.33333	16	-23	-28	-30
2401.33	248	3.66667	-16	-23	27	-30
2404	249	1	-16	-23	27	-30
2409.33	249	3.66667	-16	-23	27	-30
*-	*-	*-	*-	*-	*-	*-
