**absq	**bar	**beat	**b7	**b7	**b7	**b7
0	1	1	25	0	25	32
3	1	1.75	-25	0	26	-32
4	1	2	-25	0	27	-32
6	1	2.5	21	0	28	-32
8	1	3	25	0	29	34
12	2	1	24	28	0	33
14	2	1.5	23	-28	28	32
16	2	2	24	-28	-28	33
18	2	2.5	-24	-28	26	-33
20	2	3	21	30	28	32
24	3	1	20	29	25	0
26	3	1.5	19	28	28	33
28	3	2	22	29	26	-33
30	3	2.5	-22	-29	-26	31
32	3	3	19	28	-26	30
36	4	1	20	0	24	29
38	4	1.5	-20	29	27	-29
39	4	1.75	-20	-29	-27	30
40	4	2	-20	-29	-27	31
41	4	2.25	-20	-29	28	-31
42	4	2.5	18	27	29	32
44	4	3	22	26	-29	-32
46	4	3.5	-22	-26	29	31
48	5	1	0	25	27	32
50	5	1.5	25	-25	29	-32
51	5	1.75	-25	26	-29	-32
52	5	2	-25	27	-29	0
53	5	2.25	-25	-27	30	0
54	5	2.5	24	28	31	0
56	5	3	25	-28	-31	0
58	5	3.5	-25	27	30	0
60	6	1	24	28	31	33
66	6	2.5	-24	0	29	-33
68	6	3	21	0	30	35
72	7	1	25	29	29	34
76	7	2	24	-29	31	33
80	7	3	22	31	0	-33
82	7	3.5	-22	-31	24	-33
84	8	1	0	30	28	32
86	8	1.5	21	-30	-28	-32
87	8	1.75	-21	-30	-28	33
88	8	2	18	29	29	34
90	8	2.5	22	-29	-29	33
92	8	3	-22	-29	26	-33
94	8	3.5	22	-29	-26	32
95	8	3.75	-22	-29	-26	31
96	9	1	19	28	-26	30
98	9	1.5	-19	-28	28	-30
99	9	1.75	20	29	-28	-30
100	9	2	21	30	25	0
102	9	2.5	20	29	-25	0
103	9	2.75	-20	-29	26	0
104	9	3	18	-29	27	0
106	9	3.5	-18	28	26	0
107	9	3.75	-18	27	25	0
108	10	1	22	26	24	0
110	10	1.5	-22	-26	-24	29
111	10	1.75	-22	-26	22	-29
112	10	2	-22	0	29	31
115	10	2.75	-22	0	28	-31
115.5	10	2.875	-22	0	27	-31
116	10	3	-22	0	26	31
118	10	3.5	-22	0	29	-31
120	11	1	0	0	25	32
122	11	1.5	0	25	27	29
124	11	2	23	27	25	0
125	11	2.25	-23	-27	26	0
126	11	2.5	-23	-27	27	32
127	11	2.75	-23	-27	25	-32
128	11	3	22	27	29	-32
130	11	3.5	-22	-27	0	31
132	12	1	21	28	25	30
134	12	1.5	-21	25	-25	-30
135	12	1.75	-21	-25	-25	31
136	12	2	0	0	23	32
137	12	2.25	0	0	-23	30
138	12	2.5	0	28	24	33
140	12	3	0	-28	23	32
142	12	3.5	25	27	25	-32
144	13	1	24	26	28	0
146	13	1.5	22	-26	29	33
147	13	1.75	-22	27	-29	-33
148	13	2	24	28	26	-33
149	13	2.25	-24	26	-26	-33
150	13	2.5	20	29	27	29
152	13	3	21	28	25	30
154	13	3.5	23	-28	-25	32
156	14	1	22	0	26	31
158	14	1.5	20	29	27	-31
159	14	1.75	-20	-29	-27	30
160	14	2	22	-29	-27	31
162	14	2.5	23	25	-27	32
164	14	3	21	26	28	30
166	14	3.5	-21	28	-28	-30
168	15	1	18	27	29	29
170	15	1.5	-18	-27	32	34
171	15	1.75	-18	26	-32	-34
172	15	2	25	27	-32	-34
173	15	2.25	-25	-27	-32	32
174	15	2.5	21	28	30	32
176	15	3	22	26	29	-32
178	15	3.5	-22	-26	-29	31
180	16	1	18	25	-29	32
192	17	1	0	0	0	0
192	17	1	25	0	27	0
198	17	4	-25	0	26	0
199	17	4.5	-25	0	25	0
200	18	1	22	0	27	0
202	18	2	-22	0	26	0
203	18	2.5	-22	0	25	0
204	18	3	22	0	24	0
208	19	1	23	0	0	0
210	19	2	-23	0	32	0
214	19	4	22	0	31	0
215	19	4.5	21	0	30	0
216	20	1	23	0	32	0
218	20	2	22	0	31	0
219	20	2.5	21	0	30	0
220	20	3	20	0	29	0
224	21	1	18	0	0	34
226	21	2	-18	0	29	-34
230	21	4	-18	0	28	33
231	21	4.5	-18	0	27	32
232	22	1	0	0	29	34
234	22	2	0	0	28	33
235	22	2.5	0	0	27	32
236	22	3	0	0	26	31
238	22	4	0	0	29	-31
240	23	1	0	30	28	32
244	23	3	0	-30	-28	28
246	23	4	0	29	27	32
247	23	4.5	0	28	26	-32
248	24	1	0	30	25	-32
250	24	2	0	29	-25	31
251	24	2.5	0	28	-25	30
252	24	3	0	27	-25	29
256	25	1	0	28	32	28
260	25	3	0	24	31	0
262	25	4	0	28	30	32
264	26	1	0	-28	28	33
266	26	2	0	27	-28	35
267	26	2.5	0	26	-28	-35
268	26	3	25	25	29	-35
270	26	4	-25	-25	-29	34
272	27	1	26	24	0	35
274	27	2	28	-24	26	-35
276	27	3	-28	0	28	0
277	27	3.5	27	0	-28	0
278	27	4	26	28	-28	0
279	27	4.5	25	-28	27	0
280	28	1	24	29	26	0
281	28	1.5	-24	-29	25	0
282	28	2	23	31	24	0
283	28	2.5	22	-31	-24	0
284	28	3	21	-31	25	0
286	28	4	-21	30	-25	0
287	28	4.5	-21	-30	26	0
288	29	1	20	31	27	0
292	29	3	22	0	26	31
294	29	4	-22	0	27	-31
296	30	1	23	0	-27	32
298	30	2	-23	0	28	-32
300	30	3	24	0	26	33
302	30	4	23	0	27	32
304	31	1	-23	0	28	-32
306	31	2	21	0	-28	30
308	31	3	22	27	0	31
310	31	4	23	-27	25	32
312	32	1	21	28	-25	30
314	32	2	-21	-28	26	-30
316	32	3	20	29	27	0
318	32	4	24	28	26	0
320	33	1	-24	-28	-26	33
321	33	1.5	23	-28	-26	-33
322	33	2	24	26	29	-33
324	33	3	25	27	-29	32
325	33	3.5	-25	-27	30	-32
326	33	4	24	28	31	33
328	34	1	-24	26	-31	-33
330	34	2	24	-26	31	35
332	34	3	25	0	29	34
334	34	4	24	0	25	33
335	34	4.5	23	0	-25	32
336	35	1	22	29	26	31
339	35	2.5	-22	-29	25	-31
340	35	3	0	28	26	0
342	35	4	25	29	27	0
344	36	1	24	-29	26	0
346	36	2	-24	31	28	0
348	36	3	25	30	27	0
350	36	4	24	29	26	0
351	36	4.5	23	28	25	0
352	37	1	22	27	24	0
356	37	3	21	0	25	0
358	37	4	-21	0	26	0
360	38	1	22	0	-26	0
361	38	1.5	-22	0	25	0
362	38	2	24	0	26	0
363	38	2.5	-24	0	27	0
364	38	3	23	0	28	0
366	38	4	22	0	27	0
370	39	2	21	0	25	0
371	39	2.5	20	0	-25	0
372	39	3	19	0	-25	0
374	39	4	-19	0	24	28
376	40	1	18	0	25	29
378	40	2	22	0	26	31
380	40	3	21	0	-26	30
382	40	4	20	0	27	29
386	41	2	21	0	25	28
387	41	2.5	-21	0	-25	27
388	41	3	22	0	-25	26
390	41	4	-22	24	29	-26
392	42	1	18	25	27	0
394	42	2	-18	27	25	29
395	42	2.5	-18	-27	-25	30
396	42	3	0	26	24	31
397	42	3.5	0	-26	-24	32
398	42	4	21	25	25	30
399	42	4.5	-21	-25	26	-30
400	43	1	25	-25	27	29
401	43	1.5	-25	-25	28	-29
402	43	2	-25	24	29	32
403	43	2.5	-25	23	-29	-32
404	43	3	26	22	-29	-32
406	43	4	-26	-22	-29	31
408	44	1	25	0	-29	32
410	44	2	-25	25	-29	-32
416	45	1	0	0	0	0
416	45	1	22	0	29	0
419	45	1.75	23	0	-29	0
420	45	2	24	0	26	0
422	45	2.5	25	0	29	0
424	45	3	26	0	28	0
428	46	1	27	0	27	29
430	46	1.5	-27	0	31	-29
431	46	1.75	-27	0	-31	30
432	46	2	26	0	-31	31
434	46	2.5	25	0	27	32
436	46	3	-25	0	28	33
438	46	3.5	24	0	-28	-33
440	47	1	25	25	27	34
442	47	1.5	23	-25	-27	-34
443	47	1.75	-23	26	-27	-34
444	47	2	-23	27	30	32
446	47	2.5	21	28	-30	-32
448	47	3	-21	29	31	0
450	47	3.5	20	-29	-31	29
452	48	1	21	30	30	32
454	48	1.5	-21	-30	28	-32
455	48	1.75	22	-30	-28	31
456	48	2	23	28	25	32
458	48	2.5	24	-28	28	33
460	48	3	22	0	27	31
462	48	3.5	21	25	28	32
464	49	1	-21	28	25	0
465	49	1.25	22	-28	-25	0
466	49	1.5	23	-28	-25	32
467	49	1.75	-23	27	-25	-32
468	49	2	24	28	0	33
470	49	2.5	22	29	0	31
472	49	3	0	27	25	32
474	49	3.5	21	28	-25	-32
476	50	1	19	0	26	35
478	50	1.5	-19	28	24	-35
480	50	2	18	29	25	34
482	50	2.5	25	27	-25	-34
484	50	3	24	28	0	33
486	50	3.5	-24	-28	28	-33
487	50	3.75	23	-28	-28	-33
488	51	1	22	31	29	0
490	51	1.5	-22	-31	27	0
492	51	2	21	30	28	32
496	51	3	25	29	27	32
498	51	3.5	-25	-29	25	-32
500	52	1	22	0	26	31
504	52	2	0	28	25	32
506	52	2.5	21	-28	26	30
508	52	3	24	28	-26	31
509	52	3.25	-24	-28	27	-31
510	52	3.5	21	-28	28	32
512	53	1	25	27	29	29
514	53	1.5	-25	-27	25	-29
516	53	2	21	28	-25	32
518	53	2.5	-21	26	28	31
519	53	2.75	-21	-26	-28	30
520	53	3	0	27	25	29
522	53	3.5	0	28	26	28
524	54	1	0	25	27	29
528	54	2	21	28	28	0
530	54	2.5	-21	27	-28	30
531	54	2.75	-21	26	-28	-30
532	54	3	-21	25	0	-30
534	54	3.5	22	24	0	29
536	55	1	23	25	0	-29
538	55	1.5	-23	-25	25	28
540	55	2	22	0	26	29
542	55	2.5	-22	26	24	-29
544	55	3	18	-26	25	0
546	55	3.5	-18	25	22	0
548	56	1	19	-25	-22	28
550	56	1.5	-19	24	21	-28
552	56	2	18	25	22	27
554	56	2.5	25	-25	0	-27
555	56	2.75	-25	-25	0	28
556	56	3	-25	0	29	29
557	56	3.25	24	0	-29	30
558	56	3.5	22	0	-29	31
560	57	1	-22	24	31	-31
561	57	1.25	23	-24	-31	32
562	57	1.5	24	-24	-31	33
564	57	2	25	23	27	34
567	57	2.75	24	24	-27	33
568	57	3	23	25	28	32
569	57	3.25	-23	26	-28	-32
570	57	3.5	22	27	29	31
572	58	1	23	-27	25	0
573	58	1.25	-23	28	-25	0
574	58	1.5	22	29	26	31
576	58	2	21	30	0	35
579	58	2.75	-21	29	0	34
580	58	3	0	28	24	33
582	58	3.5	23	27	25	32
584	59	1	25	0	-25	34
586	59	1.5	-25	27	29	-34
588	59	2	22	31	-29	33
590	59	2.5	-22	-31	29	-33
591	59	2.75	-22	30	-29	-33
592	59	3	24	29	26	-33
594	59	3.5	-24	28	-26	-33
596	60	1	21	30	28	32
599	60	1.75	-21	-30	-28	33
600	60	2	20	29	24	34
602	60	2.5	22	-29	-24	33
603	60	2.75	-22	-29	25	-33
604	60	3	-22	-29	26	-33
606	60	3.5	22	-29	-26	32
607	60	3.75	-22	-29	-26	31
608	61	1	19	28	-26	30
610	61	1.5	-19	-28	28	-30
611	61	1.75	20	29	-28	-30
612	61	2	21	30	-28	0
614	61	2.5	22	29	26	33
616	61	3	18	-29	27	-33
617	61	3.25	-18	-29	-27	32
618	61	3.5	-18	28	29	32
619	61	3.75	-18	27	-29	-32
620	62	1	22	26	-29	-32
622	62	1.5	-22	-26	-29	31
624	62	2	18	25	-29	32
*-	*-	*-	*-	*-	*-	*-
