**absq	**bar	**beat	**b7	**b7	**b7	**b7
0	0	1	0	0	0	31
4	0	3	0	0	28	35
8	1	1	0	0	31	35
12	1	3	0	0	-31	36
14	1	4	0	0	32	-36
16	2	1	0	0	33	35
19	2	2.5	0	0	-33	34
20	2	3	0	0	31	33
21	2	3.5	0	0	-31	32
22	2	4	0	0	-31	33
24	3	1	0	24	35	-33
26	3	2	0	-24	-35	32
27	3	2.5	0	-24	-35	31
28	3	3	21	28	35	32
29	3	3.5	-21	-28	34	-32
30	3	4	-21	-28	33	35
31	3	4.5	-21	-28	32	-35
32	4	1	24	28	33	-35
33	4	1.5	-24	-28	32	34
34	4	2	-24	-28	35	33
36	4	3	-24	29	-35	-33
38	4	4	25	-29	34	32
39	4	4.5	-25	-29	-34	31
40	5	1	26	28	35	30
42	5	2	-26	-28	-35	31
43	5	2.5	-26	27	-35	30
44	5	3	24	26	-35	31
45	5	3.5	-24	25	-35	-31
46	5	4	-24	26	-35	-31
48	6	1	28	-26	0	0
50	6	2	-28	25	0	0
51	6	2.5	27	24	0	0
52	6	3	26	31	0	0
54	6	4	25	-31	0	0
55	6	4.5	-25	30	0	0
56	7	1	24	29	0	0
57	7	1.5	23	-29	0	0
58	7	2	22	28	0	0
59	7	2.5	21	-28	0	0
60	7	3	22	-28	0	0
62	7	4	-22	27	31	0
64	8	1	21	28	-31	0
66	8	2	-21	-28	30	35
68	8	3	0	0	31	-35
70	8	4	0	0	32	34
72	9	1	0	0	33	35
74	9	2	0	0	29	36
75	9	2.5	0	0	30	-36
76	9	3	0	0	31	35
77	9	3.5	0	0	32	-35
78	9	4	0	0	33	-35
79	9	4.5	0	0	34	-35
80	10	1	0	0	35	28
82	10	2	0	28	-35	-28
83	10	2.5	0	-28	34	29
84	10	3	0	-28	32	30
85	10	3.5	0	-28	33	31
86	10	4	0	27	34	32
87	10	4.5	0	-27	35	-32
88	11	1	0	28	33	-32
89	11	1.5	0	-28	-33	31
90	11	2	0	29	32	31
91	11	2.5	0	-29	31	30
91.5	11	2.75	0	-29	-31	29
92	11	3	0	28	32	30
94	11	4	24	-28	33	31
96	12	1	-24	-28	-33	28
98	12	2	23	-28	32	35
100	12	3	24	0	33	-35
102	12	4	25	0	32	34
103	12	4.5	-25	0	31	-34
104	13	1	26	0	30	35
106	13	2	25	28	31	33
107	13	2.5	24	-28	-31	-33
108	13	3	25	-28	-31	34
110	13	4	-25	27	30	-34
112	14	1	24	28	31	33
114	14	2	-24	29	-31	-33
115	14	2.5	-24	-29	30	32
115.5	14	2.75	-24	-29	-30	31
116	14	3	-24	28	31	33
118	14	4	23	-28	32	32
119	14	4.5	-23	27	-32	-32
120	15	1	24	26	28	-32
122	15	2	23	25	-28	31
123	15	2.5	22	24	-28	-31
124	15	3	21	25	0	-31
126	15	4	-21	-25	35	30
128	16	1	24	24	35	31
132	16	3	-24	0	33	0
134	16	4	-24	0	-33	31
136	17	1	0	0	35	31
138	17	2	0	31	-35	-31
140	17	3	0	31	36	29
142	17	4	27	-31	-36	-29
143	17	4.5	-27	-31	35	-29
144	18	1	27	29	34	0
145	18	1.5	-27	-29	33	0
146	18	2	-27	-29	36	0
148	18	3	25	-29	-36	0
149	18	3.5	-25	-29	35	0
150	18	4	-25	-29	34	32
151	18	4.5	-25	-29	33	-32
152	19	1	28	30	32	32
154	19	2	-28	-30	-32	30
155	19	2.5	27	-30	-32	-30
156	19	3	26	28	0	32
157	19	3.5	25	-28	0	-32
158	19	4	24	-28	0	-32
159	19	4.5	23	-28	0	31
160	20	1	22	0	0	31
161	20	1.5	21	0	0	-31
162	20	2	28	0	0	30
164	20	3	-28	0	0	29
166	20	4	27	0	32	-29
168	21	1	28	0	32	28
170	21	2	-28	28	30	35
172	21	3	-28	26	33	-35
173	21	3.5	-28	-26	-33	34
174	21	4	-28	24	-33	35
175	21	4.5	-28	-24	32	33
176	22	1	0	27	31	36
178	22	2	0	28	30	35
180	22	3	0	25	29	-35
182	22	4	0	-25	-29	34
184	23	1	0	28	28	35
186	23	2	21	-28	-28	-35
188	23	3	24	0	0	-35
190	23	4	-24	28	0	-35
191	23	4.5	23	-28	0	-35
192	24	1	24	29	0	0
194	24	2	25	-29	0	0
195	24	2.5	-25	30	0	0
196	24	3	26	31	0	0
198	24	4	-26	30	28	0
199	24	4.5	25	-30	-28	0
200	25	1	26	28	31	0
202	25	2	27	29	-31	0
203	25	2.5	-27	-29	30	0
204	25	3	-27	-29	31	0
206	25	4	26	28	32	0
207	25	4.5	25	27	-32	0
208	26	1	24	26	33	0
210	26	2	-24	-26	31	28
211	26	2.5	-24	-26	32	-28
212	26	3	-24	-26	33	31
213	26	3.5	-24	-26	34	-31
214	26	4	-24	-26	35	-31
215	26	4.5	-24	-26	-35	30
216	27	1	0	0	-35	31
217	27	1.5	0	0	31	-31
218	27	2	21	0	35	32
220	27	3	24	0	-35	33
221	27	3.5	-24	0	34	-33
222	27	4	-24	0	33	31
223	27	4.5	23	0	-33	-31
224	28	1	24	0	-33	-31
226	28	2	25	0	32	30
227	28	2.5	-25	0	31	29
228	28	3	26	0	30	28
229	28	3.5	-26	0	28	-28
230	28	4	-26	24	31	35
232	29	1	0	27	31	36
235	29	2.5	0	26	31	35
236	29	3	0	27	32	34
238	29	4	24	28	33	33
240	30	1	27	29	31	34
241	30	1.5	-27	-29	-31	33
242	30	2	-27	-29	-31	36
243	30	2.5	26	28	-31	-36
244	30	3	27	27	-31	-36
246	30	4	28	26	-31	35
248	31	1	29	25	0	34
249	31	1.5	-29	24	0	33
250	31	2	-29	31	0	32
251	31	2.5	-29	-31	0	31
252	31	3	28	-31	0	32
254	31	4	-28	30	0	-32
256	32	1	0	29	31	31
258	32	2	27	-29	-31	-31
260	32	3	-27	28	-31	0
262	32	4	26	-28	31	35
264	33	1	25	0	30	-35
266	33	2	-25	0	29	34
268	33	3	24	0	31	33
270	33	4	25	27	30	32
272	34	1	-25	25	29	34
274	34	2	24	26	-29	33
276	34	3	25	27	29	32
279	34	4.5	-25	-27	30	-32
280	35	1	22	-27	31	0
281	35	1.5	-22	-27	32	0
282	35	2	-22	26	33	31
283	35	2.5	-22	-26	31	-31
284	35	3	0	25	34	29
286	35	4	0	-25	-34	30
288	36	1	0	24	33	31
290	36	2	0	-24	35	-31
291	36	2.5	0	-24	-35	32
292	36	3	0	31	-35	33
293	36	3.5	0	-31	34	-33
294	36	4	0	-31	33	29
295	36	4.5	0	30	32	-29
296	37	1	0	29	31	33
297	37	1.5	0	28	30	-33
298	37	2	0	29	31	-33
300	37	3	0	-29	-31	34
302	37	4	0	28	30	-34
303	37	4.5	0	27	29	-34
304	38	1	0	29	31	33
306	38	2	24	28	-31	-33
307	38	2.5	-24	-28	30	-33
307.5	38	2.75	-24	-28	29	-33
308	38	3	-24	26	28	0
310	38	4	23	28	-28	0
312	39	1	24	-28	0	0
313	39	1.5	-24	27	0	0
314	39	2	-24	26	0	35
315	39	2.5	25	25	0	-35
316	39	3	26	24	0	-35
318	39	4	27	31	0	34
319	39	4.5	-27	-31	0	33
320	40	1	28	-31	0	32
322	40	2	-28	30	35	33
324	40	3	26	31	-35	-33
326	40	4	27	-31	34	32
327	40	4.5	-27	-31	33	31
328	41	1	28	0	32	30
330	41	2	24	28	33	31
332	41	3	25	-28	34	-31
333	41	3.5	-25	27	-34	-31
334	41	4	-25	27	-34	30
335	41	4.5	-25	26	-34	-30
336	42	1	24	29	33	31
338	42	2	-24	28	-33	-31
339	42	2.5	-24	-28	-33	30
339.5	42	2.75	-24	-28	-33	29
340	42	3	-24	26	0	28
342	42	4	-24	-26	35	-28
344	43	1	-24	0	36	0
346	43	2	-24	28	35	0
348	43	3	-24	29	33	0
350	43	4	-24	28	-33	35
352	44	1	0	31	33	36
354	44	2	28	24	-33	35
355	44	2.5	-28	-24	32	-35
356	44	3	29	-24	31	33
357	44	3.5	-29	25	30	-33
358	44	4	28	26	31	35
359	44	4.5	-28	27	-31	-35
360	45	1	26	28	30	-35
361	45	1.5	-26	24	-30	34
362	45	2	-26	31	28	33
364	45	3	27	-31	29	-33
366	45	4	-27	30	-29	32
367	45	4.5	-27	29	28	-32
367.5	45	4.75	-27	-29	29	-32
368	46	1	26	28	30	33
370	46	2	22	29	31	-33
372	46	3	-22	26	-31	-33
373	46	3.5	21	-26	-31	-33
374	46	4	22	-26	30	-33
375	46	4.5	23	-26	29	-33
376	47	1	24	0	28	-33
377	47	1.5	23	0	-28	-33
378	47	2	24	28	35	-33
379	47	2.5	25	-28	-35	-33
380	47	3	26	28	-35	-33
381	47	3.5	-26	-28	34	-33
382	47	4	24	28	33	-33
384	48	1	27	29	-33	0
386	48	2	-27	-29	32	0
388	48	3	26	28	33	0
390	48	4	-26	-28	35	0
391	48	4.5	-26	27	-35	0
392	49	1	0	26	35	0
393	49	1.5	0	25	-35	0
394	49	2	0	24	35	33
396	49	3	0	27	36	33
398	49	4	0	-27	-36	32
400	50	1	0	26	35	33
402	50	2	28	-26	-35	32
403	50	2.5	-28	-26	34	31
403.5	50	2.75	-28	-26	33	-31
404	50	3	28	0	32	30
406	50	4	28	0	33	-30
408	51	1	29	0	-33	0
410	51	2	-29	0	32	31
411	51	2.5	-29	0	31	-31
412	51	3	28	0	32	31
414	51	4	-28	0	-32	30
415	51	4.5	27	0	-32	-30
416	52	1	26	0	28	31
417	52	1.5	25	0	-28	-31
418	52	2	26	28	-28	30
419	52	2.5	-26	-28	29	29
420	52	3	-26	28	30	28
421	52	3.5	25	-28	-30	-28
422	52	4	24	28	31	35
423	52	4.5	23	-28	-31	-35
424	53	1	24	29	-31	-35
425	53	1.5	-24	-29	-31	33
426	53	2	25	-29	30	34
427	53	2.5	-25	-29	29	-34
428	53	3	21	28	30	35
432	54	1	24	-28	31	-35
436	54	3	-24	31	33	35
440	55	1	24	-31	-33	-35
442	55	2	-24	31	33	35
444	55	3	25	29	32	34
448	56	1	26	28	30	33
450	56	2	-26	28	-30	-33
451	56	2.5	-26	-28	-30	32
451.5	56	2.75	-26	-28	-30	31
452	56	3	-26	28	0	35
453	56	3.5	-26	27	0	-35
454	56	4	26	26	28	-35
454.5	56	4.25	25	-26	-28	-35
455	56	4.5	26	25	-28	-35
455.5	56	4.75	27	-25	-28	-35
456	57	1	28	26	28	0
457	57	1.5	-28	-26	29	0
458	57	2	-28	-26	30	28
459	57	2.5	-28	-26	29	-28
460	57	3	21	25	30	28
461	57	3.5	-21	-25	31	29
462	57	4	-21	-25	32	30
463	57	4.5	-21	-25	-32	29
464	58	1	21	0	-32	30
465	58	1.5	22	0	31	31
466	58	2	23	0	30	32
467	58	2.5	24	0	-30	33
468	58	3	25	0	29	34
469	58	3.5	26	0	-29	-34
470	58	4	27	0	-29	32
471	58	4.5	28	0	-29	-32
472	59	1	26	0	28	-32
473	59	1.5	-26	0	-28	31
474	59	2	25	28	-28	31
475	59	2.5	24	-28	-28	-31
476	59	3	25	-28	0	-31
478	59	4	-25	27	0	30
480	60	1	24	26	0	31
482	60	2	-24	-26	28	31
483	60	2.5	-24	25	-28	-31
483.5	60	2.75	-24	24	-28	-31
484	60	3	0	26	28	30
485	60	3.5	0	-26	29	-30
486	60	4	21	25	30	-30
487	60	4.5	-21	-25	31	29
488	61	1	21	28	32	30
489	61	1.5	22	-28	31	-30
490	61	2	23	-28	32	-30
491	61	2.5	24	-28	33	-30
492	61	3	25	27	34	0
493	61	3.5	23	-27	32	0
494	61	4	24	26	33	31
496	62	1	22	24	-33	31
497	62	1.5	-22	-24	32	32
498	62	2	-22	-24	31	33
499	62	2.5	-22	-24	-31	34
500	62	3	21	25	-31	35
502	62	4	-21	-25	30	35
504	63	1	24	24	31	33
520	64	1	0	0	0	0
520	64	1	28	0	0	0
524	64	3	-28	0	0	35
526	64	4	27	0	0	-35
528	65	1	26	0	0	-35
530	65	2	25	0	0	34
532	65	3	28	0	35	33
534	65	4	-28	0	-35	32
536	66	1	24	31	-35	33
538	66	2	-24	-31	34	-33
539	66	2.5	-24	-31	-34	34
540	66	3	0	-31	33	35
542	66	4	0	30	32	-35
544	67	1	0	29	34	31
546	67	2	0	-29	33	-31
547	67	2.5	0	28	-33	-31
548	67	3	0	29	-33	0
550	67	4	0	-29	32	0
551	67	4.5	0	-29	31	0
552	68	1	0	28	30	0
556	68	3	28	-28	-30	0
560	69	1	-28	-28	0	35
562	69	2	27	-28	0	-35
564	69	3	26	-28	35	-35
566	69	4	25	-28	-35	34
568	70	1	24	0	-35	33
570	70	2	-24	0	34	32
572	70	3	-24	28	33	31
574	70	4	23	-28	31	-31
575	70	4.5	22	-28	-31	-31
576	71	1	21	-28	32	30
578	71	2	-21	27	-32	-30
580	71	3	-21	26	28	-30
582	71	4	-21	25	-28	-30
584	72	1	0	26	-28	0
586	72	2	28	-26	-28	0
588	72	3	-28	25	0	32
590	72	4	27	-25	0	-32
592	73	1	26	0	0	31
594	73	2	28	0	0	30
596	73	3	-28	0	32	29
598	73	4	27	0	-32	-29
600	74	1	26	0	31	28
602	74	2	-26	28	30	-28
604	74	3	25	-28	32	29
606	74	4	-25	27	-32	-29
607	74	4.5	24	-27	-32	30
608	75	1	22	26	31	31
610	75	2	23	28	30	32
612	75	3	24	-28	29	33
614	75	4	25	27	-29	32
616	76	1	21	26	28	-32
617	76	1.5	-21	-26	-28	31
618	76	2	-21	25	-28	31
619	76	2.5	-21	24	-28	-31
620	76	3	-21	25	0	-31
622	76	4	-21	-25	35	30
624	77	1	0	24	35	31
626	77	2	28	-24	-35	-31
627	77	2.5	-28	-24	34	-31
628	77	3	28	0	33	0
630	77	4	28	0	32	0
632	78	1	26	0	35	0
634	78	2	-26	31	-35	35
635	78	2.5	25	-31	34	-35
635.5	78	2.75	24	-31	-34	-35
636	78	3	28	31	33	35
638	78	4	-28	30	32	35
640	79	1	0	31	-32	33
641	79	1.5	0	-31	31	-33
642	79	2	0	-31	31	-33
643	79	2.5	0	-31	-31	32
643.5	79	2.75	0	-31	-31	31
644	79	3	0	28	-31	32
646	79	4	0	-28	30	-32
648	80	1	0	0	31	33
650	80	2	24	28	-31	-33
652	80	3	24	31	0	0
654	80	4	-24	-31	28	33
655	80	4.5	-24	30	-28	-33
656	81	1	-24	29	31	33
658	81	2	23	28	-31	-33
659	81	2.5	-23	-28	31	-33
660	81	3	22	29	31	-33
662	81	4	22	29	31	33
664	82	1	24	28	31	33
666	82	2	-24	26	31	33
667	82	2.5	25	-26	-31	-33
668	82	3	26	0	30	33
670	82	4	26	31	28	33
672	83	1	27	-31	29	31
673	83	1.5	-27	30	-29	-31
674	83	2	-27	29	-29	32
676	83	3	26	-29	30	33
678	83	4	-26	28	-30	-33
680	84	1	22	29	0	33
682	84	2	29	31	29	-33
683	84	2.5	-29	-31	30	-33
684	84	3	-29	-31	31	-33
685	84	3.5	-29	-31	32	-33
686	84	4	28	30	33	-33
688	85	1	29	29	-33	-33
689	85	1.5	-29	-29	32	-33
690	85	2	22	-29	31	-33
691	85	2.5	-22	28	-31	-33
691.5	85	2.75	-22	27	-31	-33
692	85	3	-22	26	-31	-33
693	85	3.5	21	-26	30	-33
694	85	4	22	-26	29	-33
695	85	4.5	23	-26	-29	-33
696	86	1	24	0	28	-33
697	86	1.5	23	0	-28	-33
698	86	2	24	28	35	-33
699	86	2.5	25	-28	-35	-33
700	86	3	26	28	-35	-33
701	86	3.5	-26	-28	34	-33
702	86	4	24	28	33	-33
704	87	1	27	29	-33	0
706	87	2	-27	-29	32	0
708	87	3	26	28	33	0
710	87	4	-26	-28	35	0
711	87	4.5	-26	27	-35	0
712	88	1	0	26	35	0
713	88	1.5	0	25	-35	0
714	88	2	0	24	35	33
716	88	3	0	27	36	33
718	88	4	0	-27	-36	32
720	89	1	0	26	35	33
722	89	2	28	-26	-35	32
723	89	2.5	-28	-26	34	31
723.5	89	2.75	-28	-26	33	-31
724	89	3	28	0	32	30
726	89	4	28	0	33	-30
728	90	1	29	0	-33	0
730	90	2	-29	0	32	31
731	90	2.5	-29	0	31	-31
732	90	3	28	0	32	31
734	90	4	-28	0	-32	30
735	90	4.5	27	0	-32	-30
736	91	1	26	0	28	31
737	91	1.5	25	0	-28	-31
738	91	2	26	28	-28	30
739	91	2.5	-26	-28	29	29
740	91	3	-26	28	30	28
741	91	3.5	25	-28	-30	-28
742	91	4	24	28	31	35
743	91	4.5	23	-28	-31	-35
744	92	1	24	29	-31	-35
746	92	2	25	-29	30	34
747	92	2.5	-25	-29	29	-34
748	92	3	21	28	30	35
752	93	1	24	-28	31	-35
756	93	3	-24	31	33	35
760	94	1	24	-31	-33	-35
762	94	2	-24	31	33	35
764	94	3	25	29	32	34
768	95	1	26	28	30	33
770	95	2	-26	28	-30	-33
771	95	2.5	-26	-28	-30	34
771.5	95	2.75	-26	-28	-30	33
772	95	3	-26	28	0	35
773	95	3.5	-26	27	0	-35
774	95	4	26	26	28	-35
774.5	95	4.25	25	-26	-28	-35
775	95	4.5	26	25	-28	-35
775.5	95	4.75	27	-25	-28	-35
776	96	1	28	26	28	0
777	96	1.5	-28	-26	29	0
778	96	2	-28	-26	30	28
779	96	2.5	-28	-26	29	-28
780	96	3	21	25	30	28
781	96	3.5	-21	-25	31	29
782	96	4	-21	-25	32	30
783	96	4.5	-21	-25	-32	29
784	97	1	21	0	-32	30
785	97	1.5	22	0	31	31
786	97	2	23	0	30	32
787	97	2.5	24	0	-30	33
788	97	3	25	0	29	34
789	97	3.5	26	0	-29	-34
790	97	4	27	0	-29	32
791	97	4.5	28	0	-29	-32
792	98	1	26	0	28	-32
793	98	1.5	-26	0	-28	31
794	98	2	-26	28	-28	31
795	98	2.5	25	-28	-28	-31
795.5	98	2.75	24	-28	-28	-31
796	98	3	25	-28	0	-31
798	98	4	-25	27	0	30
800	99	1	24	26	0	31
802	99	2	-24	-26	28	31
803	99	2.5	-24	25	-28	-31
803.5	99	2.75	-24	24	-28	-31
804	99	3	0	26	28	30
805	99	3.5	0	-26	29	-30
806	99	4	21	25	30	-30
807	99	4.5	-21	-25	31	29
808	100	1	-21	28	32	30
809	100	1.5	22	-28	31	-30
810	100	2	23	-28	32	-30
811	100	2.5	24	-28	33	-30
812	100	3	25	27	34	0
813	100	3.5	23	-27	32	0
814	100	4	24	26	33	31
816	101	1	22	24	-33	31
817	101	1.5	-22	-24	32	32
818	101	2	-22	-24	31	33
819	101	2.5	-22	-24	-31	34
820	101	3	21	25	-31	35
822	101	4	-21	-25	30	35
824	102	1	24	24	31	33
*-	*-	*-	*-	*-	*-	*-
