**absq	**bar	**beat	**b7	**b7	**b7	**b7
0	1	1	0	0	25	0
2	1	2	0	0	25	0
4	1	3	0	0	27	0
6	1	4	0	0	27	0
8	2	1	0	0	28	32
10	2	2	0	0	28	32
12	2	3	0	0	29	34
14	2	4	0	0	-29	34
16	3	1	0	0	0	35
18	3	2	0	0	30	35
20	3	3	0	0	29	36
22	3	4	0	0	27	36
24	4	1	0	0	-27	34
26	4	2	0	0	29	-34
27	4	2.5	0	0	-29	35
28	4	3	0	0	-29	36
30	4	4	0	0	32	37
33	5	1.5	0	0	31	36
34	5	2	0	0	30	36
35	5	2.5	0	0	30	35
36	5	3	0	0	29	36
38	5	4	18	0	-29	-36
40	6	1	18	0	-29	-36
42	6	2	18	0	-29	-36
44	6	3	20	0	0	0
46	6	4	20	25	0	0
48	7	1	21	25	0	0
50	7	2	21	25	0	0
52	7	3	22	27	0	0
54	7	4	-22	27	0	0
56	8	1	0	28	0	0
58	8	2	23	28	0	0
60	8	3	22	29	0	0
62	8	4	-22	27	0	0
63	8	4.5	-22	28	0	0
64	9	1	-22	29	0	0
66	9	2	25	30	0	0
69	9	3.5	24	29	0	0
70	9	4	23	29	0	0
71	9	4.5	23	28	0	0
72	10	1	22	29	31	36
75	10	2.5	-22	-29	31	36
76	10	3	-22	-29	31	36
78	10	4	-22	-29	31	36
80	11	1	0	0	30	35
82	11	2	0	0	29	34
84	11	3	0	0	28	33
86	11	4	0	0	27	32
88	12	1	0	0	26	31
90	12	2	22	29	-26	31
92	12	3	23	28	25	32
94	12	4	23	28	-25	32
96	13	1	22	29	26	31
98	13	2	22	29	-26	-31
100	13	3	22	29	-26	-31
102	13	4	22	29	-26	-31
104	14	1	21	30	0	0
106	14	2	23	-30	0	0
107	14	2.5	-23	29	0	0
108	14	3	-23	28	0	0
109	14	3.5	22	27	0	0
110	14	4	21	26	0	0
111	14	4.5	20	25	0	0
112	15	1	21	26	0	0
113	15	1.5	20	-26	0	0
114	15	2	19	25	0	0
115	15	2.5	18	-25	0	0
116	15	3	19	-25	0	0
118	15	4	-19	24	0	0
120	16	1	18	25	0	0
122	16	2	-18	-25	32	0
124	16	3	0	-25	32	0
126	16	4	25	-25	32	0
128	17	1	25	0	32	0
130	17	2	25	0	32	36
132	17	3	25	0	32	36
134	17	4	25	29	-32	36
135	17	4.5	-25	-29	31	-36
135.5	17	4.75	-25	-29	30	-36
136	18	1	25	29	29	36
138	18	2	-25	29	-29	36
139	18	2.5	24	-29	-29	-36
139.5	18	2.75	23	-29	-29	-36
140	18	3	22	29	0	36
142	18	4	-22	29	0	-36
143	18	4.5	-22	-29	0	35
143.5	18	4.75	-22	-29	0	34
144	19	1	-22	29	0	33
147	19	2.5	-22	28	0	-33
147.5	19	2.75	-22	27	0	-33
148	19	3	-22	26	0	-33
150	19	4	-22	-26	29	-33
152	20	1	0	0	31	0
154	20	2	0	0	31	33
156	20	3	0	0	30	35
159	20	4.5	0	0	-30	36
160	21	1	0	0	-30	35
162	21	2	0	0	29	34
164	21	3	0	0	28	33
166	21	4	0	0	-28	32
167	21	4.5	0	0	27	-32
168	22	1	0	0	26	31
170	22	2	20	25	0	0
172	22	3	21	26	0	0
173	22	3.5	20	25	0	0
174	22	4	19	-25	0	0
175	22	4.5	-19	24	0	0
176	23	1	18	25	0	0
178	23	2	-18	-25	27	32
180	23	3	0	0	28	33
181	23	3.5	0	0	27	32
182	23	4	0	0	26	32
183	23	4.5	0	0	26	31
184	24	1	0	0	25	32
186	24	2	25	27	29	32
188	24	3	24	28	31	33
190	24	4	22	29	31	34
192	25	1	21	30	32	35
194	25	2	-21	-30	-32	35
195	25	2.5	-21	29	31	34
196	25	3	21	28	30	33
197	25	3.5	-21	27	29	32
198	25	4	24	28	31	33
201	26	1.5	25	27	30	-33
202	26	2	23	26	29	32
203	26	2.5	-23	25	28	-32
204	26	3	22	26	29	-32
206	26	4	-22	-26	-29	31
208	27	1	18	25	29	32
212	27	3	18	-25	-29	-32
214	27	4	18	-25	-29	-32
216	28	1	20	0	0	0
218	28	2	20	0	0	0
220	28	3	21	25	0	0
222	28	4	-21	25	0	0
224	29	1	22	27	0	0
226	29	2	-22	27	0	0
228	29	3	0	28	0	32
230	29	4	0	-28	0	32
232	30	1	0	29	0	34
234	30	2	0	-29	29	34
236	30	3	0	0	30	35
240	31	1	0	0	29	36
242	31	2	0	0	25	-36
244	31	3	0	0	27	0
246	31	4	0	0	27	32
248	32	1	0	0	29	34
250	32	2	0	0	29	34
252	32	3	0	0	30	35
254	32	4	0	0	30	35
256	33	1	0	0	29	36
258	33	2	0	29	-29	34
259	33	2.5	0	-29	-29	35
260	33	3	22	27	0	36
261	33	3.5	-22	28	0	-36
262	33	4	20	29	0	-36
263	33	4.5	21	-29	0	-36
264	34	1	22	-29	0	0
266	34	2	25	30	0	0
269	34	3.5	24	29	0	0
270	34	4	23	29	0	0
271	34	4.5	23	28	0	0
272	35	1	22	29	31	36
276	35	3	-22	-29	31	36
278	35	4	-22	-29	31	36
282	36	2	0	0	31	36
284	36	3	0	0	32	36
286	36	4	0	0	32	-36
287	36	4.5	0	0	-32	35
287.5	36	4.75	0	0	-32	34
288	37	1	0	0	31	33
290	37	2	22	0	-31	-33
292	37	3	24	0	-31	-33
294	37	4	24	26	-31	-33
296	38	1	24	28	0	0
298	38	2	24	28	28	33
300	38	3	24	28	31	33
302	38	4	24	28	31	33
304	39	1	21	28	30	35
307	39	2.5	-21	-28	30	34
308	39	3	-21	28	30	33
310	39	4	-21	-28	30	32
312	40	1	0	26	29	31
314	40	2	22	26	29	31
316	40	3	23	28	28	32
318	40	4	21	-28	30	33
319	40	4.5	-21	27	-30	-33
320	41	1	22	26	29	33
321	41	1.5	-22	-26	-29	32
322	41	2	22	26	29	-32
323	41	2.5	-22	-26	-29	31
324	41	3	18	25	29	32
330	42	2	0	-25	27	-32
332	42	3	0	0	27	-32
334	42	4	18	0	-27	-32
335	42	4.5	-18	0	28	-32
336	43	1	18	0	29	-32
338	43	2	-18	0	27	-32
339	43	2.5	19	0	-27	-32
340	43	3	20	0	29	0
342	43	4	18	25	-29	0
344	44	1	21	25	30	0
347	44	2.5	-21	26	-30	0
348	44	3	0	27	0	0
350	44	4	0	25	0	32
352	45	1	0	28	0	32
354	45	2	0	-28	30	-32
355	45	2.5	0	-28	-30	33
356	45	3	0	0	30	34
358	45	4	21	0	-30	32
359	45	4.5	-21	0	31	-32
360	46	1	21	0	32	35
362	46	2	-21	25	28	-35
363	46	2.5	22	-25	-28	-35
364	46	3	23	25	32	0
366	46	4	21	-25	-32	0
367	46	4.5	-21	26	-32	0
368	47	1	25	27	-32	0
370	47	2	-25	25	-32	32
372	47	3	-25	29	-32	32
375	47	4.5	-25	-29	-32	33
376	48	1	-25	-29	-32	34
378	48	2	-25	-29	-32	32
380	48	3	0	28	0	35
382	48	4	0	-28	30	-35
385	49	1.5	0	-28	31	-35
386	49	2	21	-28	32	-35
388	49	3	-21	0	30	0
389	49	3.5	22	0	-30	0
390	49	4	23	25	32	0
392	50	1	21	-25	-32	0
393	50	1.5	-21	26	31	0
394	50	2	25	27	30	32
395	50	2.5	-25	-27	29	-32
396	50	3	-25	25	32	-32
397	50	3.5	24	-25	-32	33
398	50	4	23	-25	-32	34
399	50	4.5	22	-25	-32	-34
400	51	1	21	28	30	32
402	51	2	-21	-28	-30	35
404	51	3	-21	28	-30	35
405	51	3.5	-21	-28	-30	34
406	51	4	-21	-28	-30	33
407	51	4.5	-21	27	-30	32
408	52	1	22	26	0	31
409	52	1.5	-22	25	0	-31
410	52	2	-22	24	29	-31
414	52	4	22	27	29	31
416	53	1	20	29	31	34
418	53	2	24	28	31	33
420	53	3	25	27	29	-33
422	53	4	-25	-27	-29	32
424	54	1	22	26	-29	32
426	54	2	-22	-26	-29	31
428	54	3	18	25	29	32
432	55	1	0	-25	32	0
434	55	2	0	-25	32	0
436	55	3	25	0	32	0
438	55	4	25	0	32	0
440	56	1	25	0	32	36
442	56	2	25	0	32	36
444	56	3	25	29	32	36
446	56	4	25	29	32	36
448	57	1	25	29	32	36
450	57	2	25	29	-32	36
452	57	3	25	29	29	36
454	57	4	-25	29	-29	36
456	58	1	22	29	0	36
458	58	2	-22	29	29	-36
460	58	3	-22	29	31	33
462	58	4	-22	-29	-31	33
464	59	1	0	26	30	35
467	59	2.5	0	-26	-30	36
468	59	3	0	0	29	34
470	59	4	0	0	28	33
472	60	1	0	0	27	32
476	60	3	0	0	26	31
478	60	4	22	29	26	31
480	61	1	23	28	25	32
482	61	2	23	28	25	32
484	61	3	22	29	26	31
486	61	4	-22	-29	31	33
488	62	1	21	30	32	-33
489	62	1.5	-21	-30	-32	34
490	62	2	-21	28	30	35
491	62	2.5	-21	-28	-30	34
492	62	3	23	-28	-30	33
493	62	3.5	-23	27	-30	32
494	62	4	-23	26	28	32
495	62	4.5	-23	25	-28	-32
496	63	1	22	26	29	-32
498	63	2	-22	-26	-29	31
500	63	3	18	25	29	32
504	64	1	0	0	0	0
504	64	1	0	0	32	0
508	64	3	25	0	32	0
510	64	4	-25	0	32	0
512	65	1	25	0	32	36
514	65	2	25	0	-32	-36
515	65	2.5	-25	0	31	-36
515.5	65	2.75	-25	0	30	-36
516	65	3	25	29	29	36
518	65	4	-25	-29	-29	36
519	65	4.5	24	-29	-29	-36
519.5	65	4.75	23	-29	-29	-36
520	66	1	22	29	0	36
522	66	2	-22	29	29	-36
523	66	2.5	-22	-29	-29	35
523.5	66	2.75	-22	-29	-29	34
524	66	3	0	29	31	33
526	66	4	22	-29	31	-33
527	66	4.5	-22	28	-31	-33
527.5	66	4.75	-22	27	-31	-33
528	67	1	24	26	31	0
530	67	2	24	-26	-31	33
531	67	2.5	-24	-26	30	-33
531.5	67	2.75	-24	-26	29	-33
532	67	3	24	0	28	35
534	67	4	-24	26	28	35
535	67	4.5	23	-26	-28	-35
535.5	67	4.75	22	-26	-28	-35
536	68	1	21	28	30	35
538	68	2	21	28	30	-35
539	68	2.5	-21	-28	-30	34
539.5	68	2.75	-21	-28	-30	33
540	68	3	23	28	30	32
542	68	4	23	-28	-30	32
543	68	4.5	-23	27	29	-32
543.5	68	4.75	-23	26	28	-32
544	69	1	23	25	27	34
546	69	2	-23	25	-27	34
547	69	2.5	22	-25	-27	-34
547.5	69	2.75	21	-25	-27	-34
548	69	3	20	27	-27	34
550	69	4	-20	27	-27	-34
551	69	4.5	21	-27	-27	33
551.5	69	4.75	-21	-27	-27	32
552	70	1	22	27	0	31
554	70	2	-22	-27	0	32
556	70	3	-22	26	0	-32
558	70	4	-22	-26	0	31
560	71	1	0	25	0	32
564	71	3	18	-25	0	-32
566	71	4	18	-25	0	-32
568	72	1	20	0	0	-32
570	72	2	20	0	0	-32
572	72	3	21	25	0	-32
574	72	4	21	25	0	-32
576	73	1	22	27	0	0
578	73	2	-22	27	0	0
580	73	3	23	28	0	0
582	73	4	-23	28	0	0
584	74	1	0	29	0	0
586	74	2	22	27	0	0
588	74	3	-22	27	0	0
589	74	3.5	-22	28	0	0
590	74	4	20	29	0	0
591	74	4.5	21	-29	0	0
592	75	1	22	-29	0	0
594	75	2	25	30	0	0
597	75	3.5	24	29	0	0
598	75	4	23	29	0	0
599	75	4.5	23	28	0	0
600	76	1	22	29	0	0
602	76	2	-22	-29	31	36
604	76	3	-22	-29	31	36
606	76	4	-22	-29	31	36
608	77	1	0	0	30	35
611	77	2.5	0	0	29	34
612	77	3	0	0	28	33
614	77	4	0	0	27	32
616	78	1	0	0	26	31
618	78	2	22	29	26	31
620	78	3	23	28	25	32
622	78	4	23	28	25	32
624	79	1	22	29	26	31
626	79	2	22	29	26	31
628	79	3	23	28	25	32
630	79	4	23	28	25	32
632	80	1	22	29	26	31
634	80	2	24	28	-26	31
636	80	3	-24	29	31	33
638	80	4	22	-29	-31	34
640	81	1	21	30	32	35
643	81	2.5	-21	29	31	34
644	81	3	21	28	30	33
645	81	3.5	-21	27	29	32
646	81	4	24	28	31	33
649	82	1.5	25	27	30	-33
650	82	2	23	26	29	32
651	82	2.5	-23	25	28	-32
652	82	3	22	26	29	-32
654	82	4	-22	-26	-29	31
656	83	1	0	25	32	32
658	83	2	25	-25	32	-32
660	83	3	25	0	32	36
662	83	4	25	29	29	36
664	84	1	22	29	31	36
666	84	2	24	29	-31	33
668	84	3	-24	26	31	35
670	84	4	24	28	-31	-35
671	84	4.5	-24	-28	-31	34
672	85	1	25	-28	29	33
673	85	1.5	-25	-28	-29	32
674	85	2	-25	27	-29	32
676	85	3	22	26	29	-32
678	85	4	-22	26	-29	31
680	86	1	18	25	27	32
684	86	3	-18	-25	25	-32
686	86	4	-18	-25	25	-32
688	87	1	0	0	27	0
690	87	2	0	0	27	0
692	87	3	0	0	28	32
694	87	4	0	0	28	32
696	88	1	0	0	29	34
698	88	2	0	0	-29	34
700	88	3	0	0	30	35
702	88	4	0	0	-30	35
704	89	1	0	0	0	36
706	89	2	0	0	29	34
707	89	2.5	0	0	-29	35
708	89	3	0	0	27	36
709	89	3.5	0	0	28	-36
710	89	4	0	0	29	34
711	89	4.5	0	0	-29	35
712	90	1	0	0	-29	36
714	90	2	0	0	32	37
717	90	3.5	0	0	31	36
718	90	4	0	0	30	36
719	90	4.5	0	0	30	35
720	91	1	0	0	29	36
722	91	2	25	29	32	36
724	91	3	25	29	32	36
726	91	4	25	29	32	36
728	92	1	26	26	30	35
730	92	2	26	28	30	-35
731	92	2.5	-26	-28	-30	34
732	92	3	24	-28	31	33
733	92	3.5	-24	28	30	32
734	92	4	25	27	29	34
735	92	4.5	-25	-27	28	-34
736	93	1	-25	29	27	-34
737	93	1.5	24	-29	-27	33
738	93	2	23	29	26	32
739	93	2.5	22	-29	-26	31
740	93	3	23	-29	25	32
742	93	4	-23	28	-25	-32
744	94	1	0	29	26	31
746	94	2	22	29	-26	-31
748	94	3	22	29	-26	-31
750	94	4	22	29	-26	-31
752	95	1	23	28	0	0
755	95	2.5	22	27	0	0
756	95	3	21	26	0	0
758	95	4	20	25	0	0
760	96	1	19	24	0	0
762	96	2	-19	-24	28	35
764	96	3	-19	23	28	35
767	96	4.5	-19	-23	28	34
768	97	1	0	0	28	33
770	97	2	0	0	27	32
772	97	3	22	29	26	31
774	97	4	22	29	31	31
776	98	1	25	27	30	32
778	98	2	24	28	31	33
780	98	3	25	27	-31	-33
781	98	3.5	-25	-27	30	32
782	98	4	22	26	29	32
783	98	4.5	-22	-26	-29	31
784	99	1	18	25	29	32
786	99	2	-18	-25	27	-32
788	99	3	18	-25	0	-32
790	99	4	18	-25	0	-32
792	100	1	18	0	25	0
794	100	2	18	0	-25	0
795	100	2.5	-18	0	26	0
796	100	3	18	25	27	0
798	100	4	-18	25	25	0
799	100	4.5	19	-25	-25	0
800	101	1	20	25	29	0
802	101	2	18	25	29	0
804	101	3	21	25	30	32
806	101	4	-21	-25	30	32
807	101	4.5	-21	26	-30	-32
808	102	1	0	27	29	32
810	102	2	0	25	-29	32
812	102	3	0	28	0	32
815	102	4.5	0	-28	0	33
816	103	1	0	0	30	34
818	103	2	0	0	30	32
820	103	3	21	0	30	35
822	103	4	21	0	30	-35
824	104	1	21	25	28	-35
826	104	2	21	25	-28	-35
827	104	2.5	-21	-25	29	-35
828	104	3	21	25	30	0
830	104	4	-21	25	28	0
831	104	4.5	22	-25	-28	0
832	105	1	23	25	32	32
834	105	2	21	-25	-32	32
835	105	2.5	-21	26	-32	-32
836	105	3	25	27	-32	32
838	105	4	-25	25	-32	32
840	106	1	-25	29	-32	32
843	106	2.5	-25	-29	-32	33
844	106	3	-25	-29	-32	34
846	106	4	-25	-29	-32	32
848	107	1	0	28	0	35
850	107	2	21	-28	30	-35
852	107	3	21	-28	30	0
854	107	4	-21	-28	-30	32
855	107	4.5	22	-28	31	-32
856	108	1	23	0	32	32
858	108	2	21	25	30	-32
859	108	2.5	-21	-25	-30	33
860	108	3	25	25	29	34
862	108	4	-25	27	-29	32
864	109	1	21	26	0	35
866	109	2	-21	25	30	-35
867	109	2.5	22	-25	-30	34
868	109	3	23	28	-30	33
869	109	3.5	-23	-28	-30	32
870	109	4	24	-28	28	33
872	110	1	-24	26	31	-33
873	110	1.5	23	27	-31	-33
874	110	2	21	28	30	32
876	110	3	22	26	29	-32
878	110	4	-22	-26	-29	31
880	111	1	18	25	29	32
888	112	1	0	0	25	0
892	112	2	0	0	25	0
896	112	3	0	0	25	0
900	113	1	0	0	27	32
904	113	2	0	0	-27	32
908	113	3	0	0	28	32
912	114	1	0	0	29	34
916	114	2	0	0	30	-34
920	114	3	0	0	-30	35
924	115	1	0	0	29	36
928	115	2	0	0	32	37
934	115	3.5	0	0	31	36
936	116	1	0	0	30	36
938	116	1.5	0	0	29	-36
940	116	2	0	0	30	-36
944	116	3	0	0	-30	35
948	117	1	18	0	29	36
952	117	2	18	0	-29	-36
956	117	3	18	0	-29	-36
960	118	1	20	25	0	0
964	118	2	-20	25	0	0
968	118	3	21	25	0	0
972	119	1	22	27	0	0
976	119	2	23	-27	0	0
980	119	3	-23	28	0	0
982	119	3.5	22	-28	0	0
984	120	1	22	29	0	0
988	120	2	25	30	0	0
994	120	3.5	24	29	0	0
996	121	1	23	29	0	0
998	121	1.5	22	-29	0	0
1000	121	2	23	-29	0	0
1004	121	3	-23	28	0	0
1008	122	1	22	29	31	36
1012	122	2	-22	-29	-31	36
1016	122	3	0	0	31	36
1020	123	1	25	29	32	36
1024	123	2	25	29	-32	-36
1026	123	2.5	-25	-29	31	-36
1028	123	3	25	29	29	35
1030	123	3.5	-25	-29	-29	34
1032	124	1	24	-29	31	33
1036	124	2	-24	28	31	-33
1040	124	3	23	-28	31	0
1042	124	3.5	22	-28	-31	0
1044	125	1	21	30	32	35
1048	125	2	-21	30	-32	35
1052	125	3	0	30	32	35
1056	126	1	25	29	-32	34
1060	126	2	25	27	29	-34
1064	126	3	25	-27	-29	33
1066	126	3.5	-25	26	-29	32
1068	127	1	22	26	29	31
1070	127	1.5	23	-26	-29	32
1072	127	2	24	26	29	33
1074	127	2.5	25	25	-29	34
1076	127	3	23	-25	28	32
1078	127	3.5	23	25	-28	-32
1080	128	1	22	26	29	31
1092	129	1	22	-26	0	0
1098	129	2.5	23	-26	0	0
1100	129	3	24	-26	0	0
1104	130	1	22	0	29	0
1108	130	2	25	0	-29	0
1110	130	2.5	-25	0	30	0
1112	130	3	26	0	31	0
1116	131	1	27	25	29	0
1120	131	2	25	-25	32	0
1122	131	2.5	-25	26	-32	0
1124	131	3	-25	27	-32	0
1126	131	3.5	-25	-27	30	0
1128	132	1	21	25	30	32
1132	132	2	-21	28	-30	-32
1134	132	2.5	-21	-28	-30	33
1136	132	3	0	0	0	34
1140	133	1	21	28	30	32
1144	133	2	-21	-28	-30	35
1148	133	3	21	26	30	-35
1152	134	1	24	-26	31	33
1154	134	1.5	-24	27	-31	-33
1156	134	2	-24	28	-31	-33
1158	134	2.5	25	-28	30	34
1160	134	3	26	26	28	35
1164	135	1	24	29	31	33
1168	135	2	25	25	29	36
1172	135	3	23	-25	32	32
1174	135	3.5	-23	26	-32	-32
1176	136	1	-23	27	-32	-32
1178	136	1.5	24	-27	-32	33
1180	136	2	25	25	32	34
1184	136	3	21	28	30	32
1188	137	1	-21	30	28	35
1192	137	2	23	-30	32	-35
1194	137	2.5	-23	29	-32	34
1196	137	3	-23	28	-32	33
1198	137	3.5	22	27	-32	32
1200	138	1	20	29	31	34
1204	138	2	20	-29	31	-34
1206	138	2.5	24	-29	-31	33
1208	138	3	-24	28	-31	-33
1210	138	3.5	21	-28	30	32
1212	139	1	25	27	30	32
1214	139	1.5	-25	-27	29	-32
1216	139	2	22	26	29	-32
1220	139	3	-22	-26	-29	31
1224	140	1	18	25	29	32
*-	*-	*-	*-	*-	*-	*-
