**absq	**bar	**beat	**b7	**b7	**b7	**b7	**b7	**b7	**b7
0	1	1	0	0	0	24	0	0	31
6	1	4	0	0	0	-24	0	0	30
7	1	4.5	0	0	0	-24	0	0	29
8	2	1	0	0	0	-24	0	0	31
11	2	2.5	0	0	0	-24	0	0	32
12	2	3	0	0	0	-24	0	0	33
14	2	4	0	0	0	-24	0	0	29
16	3	1	0	0	0	25	27	0	-29
18	3	2	0	0	0	-25	-27	0	32
22	3	4	0	0	0	-25	26	0	31
23	3	4.5	0	0	0	-25	25	0	30
24	4	1	0	0	0	-25	27	0	32
27	4	2.5	0	0	0	-25	28	0	33
28	4	3	0	0	0	-25	29	0	34
30	4	4	0	0	0	-25	25	0	30
32	5	1	24	0	0	26	0	0	0
34	5	2	-24	0	0	-26	28	0	33
36	5	3	-24	0	0	-26	29	0	-33
38	5	4	23	0	0	-26	31	0	32
39	5	4.5	22	0	0	-26	-31	0	31
40	6	1	24	0	0	26	-31	0	33
42	6	2	-24	0	0	-26	30	0	-33
43	6	2.5	25	0	0	-26	29	0	34
44	6	3	26	0	0	26	28	0	35
46	6	4	22	0	0	-26	29	0	31
48	7	1	-22	0	0	-26	-29	0	33
50	7	2	24	0	0	25	28	0	-33
51	7	2.5	-24	0	0	24	27	0	-33
52	7	3	-24	0	0	26	26	0	33
54	7	4	23	0	0	-26	-26	0	-33
55	7	4.5	22	0	0	27	-26	0	-33
56	8	1	24	0	0	28	0	0	-33
58	8	2	-24	0	0	24	29	0	-33
59	8	2.5	25	0	0	-24	-29	0	-33
60	8	3	26	0	0	26	28	0	33
62	8	4	22	0	0	-26	29	0	-33
64	9	1	-22	0	0	26	-29	0	31
66	9	2	24	0	0	-26	28	0	-31
68	9	3	-24	0	0	26	28	0	31
70	9	4	21	0	0	-26	-28	0	30
72	10	1	-21	0	0	26	-28	0	-30
74	10	2	21	0	0	-26	-28	0	30
76	10	3	22	0	0	-26	24	0	31
80	11	1	23	0	0	25	0	0	32
82	11	2	-23	0	0	-25	28	0	-32
84	11	3	21	0	0	26	-28	0	30
85	11	3.5	-21	0	0	-26	29	0	-30
86	11	4	-21	0	0	-26	30	0	-30
88	12	1	22	0	0	-26	29	0	31
92	12	3	18	0	0	27	-29	0	32
96	13	1	-18	0	0	25	27	0	-32
100	13	3	21	0	0	26	28	0	30
104	14	1	22	0	0	-26	26	0	31
108	14	3	18	0	0	27	25	0	32
112	15	1	21	0	0	25	0	0	-32
114	15	2	-21	0	0	-25	0	0	30
116	15	3	-21	0	0	26	21	0	30
118	15	4	20	0	0	-26	-21	0	-30
120	16	1	19	0	0	-26	-21	0	31
124	16	3	18	0	0	27	22	0	32
128	17	1	20	0	0	25	-22	0	-32
130	17	2	-20	0	0	-25	-22	0	31
131	17	2.5	-20	0	0	-25	-22	0	30
132	17	3	-20	0	0	-25	22	0	29
136	18	1	19	0	0	26	23	0	28
140	18	3	-19	0	0	-26	23	0	-28
142	18	4	18	0	0	-26	24	0	-28
143	18	4.5	17	0	0	-26	-24	0	-28
144	19	1	18	0	0	0	-24	0	0
146	19	2	-18	0	0	0	23	0	0
148	19	3	17	0	0	0	24	0	0
150	19	4	20	0	0	0	25	0	0
153	20	1.5	19	0	0	0	24	0	0
154	20	2	18	0	0	0	24	0	0
155	20	2.5	17	0	0	0	-24	0	0
156	20	3	18	0	0	0	-24	0	0
158	20	4	-18	0	0	0	23	0	0
160	21	1	17	0	0	0	24	0	0
164	21	3	-17	0	0	0	24	0	28
167	21	4.5	-17	0	0	0	25	0	-28
168	22	1	0	0	0	0	26	0	-28
170	22	2	0	0	0	0	26	0	29
172	22	3	0	0	0	0	-26	0	30
174	22	4	0	0	0	0	25	0	31
175	22	4.5	0	0	0	0	24	0	-31
176	23	1	0	0	0	0	25	0	-31
178	23	2	0	0	0	0	-25	0	30
180	23	3	0	0	0	0	24	0	31
182	23	4	0	0	0	0	27	0	32
185	24	1.5	0	0	0	0	26	0	31
186	24	2	0	0	0	0	25	0	31
187	24	2.5	0	0	0	0	24	0	-31
188	24	3	0	0	0	0	25	0	-31
190	24	4	0	0	0	0	-25	0	30
192	25	1	24	0	0	26	24	0	31
196	25	3	24	0	0	26	28	0	31
200	26	1	24	0	0	26	28	0	31
203	26	2.5	25	0	0	-26	-28	0	-31
204	26	3	26	0	0	-26	28	0	31
206	26	4	24	0	0	-26	-28	0	-31
208	27	1	26	0	0	-26	-28	0	31
211	27	2.5	27	0	0	-26	-28	0	32
212	27	3	28	0	0	-26	31	0	33
214	27	4	-28	0	0	-26	-31	0	31
216	28	1	-28	0	0	24	31	0	33
218	28	2	24	0	0	-24	31	0	-33
219	28	2.5	-24	0	0	25	-31	0	34
220	28	3	24	0	0	26	-31	0	35
222	28	4	-24	0	0	24	30	0	-35
223	28	4.5	-24	0	0	-24	29	0	-35
224	29	1	-24	0	0	26	28	0	-35
227	29	2.5	-24	0	0	27	-28	0	-35
228	29	3	17	0	0	28	-28	0	33
230	29	4	-17	0	0	24	-28	0	35
231	29	4.5	18	0	0	-24	-28	0	-35
232	30	1	19	0	0	26	26	0	-35
233	30	1.5	-19	0	0	-26	-26	0	34
234	30	2	17	0	0	-26	-26	0	33
235	30	2.5	-17	0	0	-26	27	0	-33
236	30	3	19	0	0	-26	28	0	-33
238	30	4	20	0	0	-26	29	0	32
239	30	4.5	-20	0	0	-26	-29	0	31
240	31	1	21	0	0	25	28	0	30
246	31	4	26	0	0	28	-28	0	-30
250	32	2	25	0	0	27	0	0	-30
252	32	3	26	0	0	28	0	0	-30
254	32	4	28	0	0	26	0	0	-30
258	33	2	27	0	0	25	0	0	-30
260	33	3	28	0	0	26	0	0	-30
262	33	4	21	0	0	25	28	0	-30
264	34	1	23	0	0	-25	-28	0	0
266	34	2	24	0	0	24	27	0	0
267	34	2.5	-24	0	0	23	26	0	0
268	34	3	22	0	0	24	27	0	31
272	35	1	21	0	0	25	28	0	30
274	35	2	-21	0	0	-25	30	0	-30
275	35	2.5	-21	0	0	-25	-30	0	31
276	35	3	-21	0	0	0	-30	0	32
278	35	4	-21	0	0	0	28	0	33
280	36	1	0	0	0	0	30	0	-33
281	36	1.5	0	0	0	0	-30	0	32
282	36	2	0	0	0	0	31	0	35
284	36	3	0	0	0	0	29	0	-35
286	36	4	0	0	0	0	-29	0	34
288	37	1	0	0	0	0	28	0	35
291	37	2.5	0	0	0	0	27	0	-35
292	37	3	0	0	0	0	26	0	-35
294	37	4	0	0	0	0	25	0	34
295	37	4.5	0	0	0	0	24	0	33
296	38	1	0	0	0	0	23	0	32
299	38	2.5	0	0	0	0	24	0	-32
300	38	3	0	0	0	0	25	0	-32
302	38	4	0	0	0	0	26	0	28
304	39	1	0	0	0	0	-26	0	30
305	39	1.5	0	0	0	0	25	0	-30
306	39	2	0	0	0	0	28	0	-30
307	39	2.5	0	0	0	0	-28	0	31
308	39	3	0	0	0	0	-28	0	29
310	39	4	0	0	0	0	27	0	-29
312	40	1	0	0	0	0	28	0	28
316	40	3	0	0	0	0	21	0	32
318	40	4	0	0	0	25	-21	0	-32
320	41	1	0	0	0	27	0	0	-32
322	41	2	0	0	0	28	0	0	-32
324	41	3	0	0	0	26	0	0	31
328	42	1	0	0	0	25	0	0	32
330	42	2	21	0	0	-25	28	0	-32
331	42	2.5	-21	0	0	24	-28	0	-32
332	42	3	23	0	0	23	-28	0	32
334	42	4	24	0	0	22	24	0	33
336	43	1	22	0	0	24	26	0	-33
338	43	2	-22	0	0	-24	27	0	32
339	43	2.5	-22	0	0	-24	-27	0	31
340	43	3	21	0	0	25	28	0	30
342	43	4	-21	0	0	23	-28	0	32
343	43	4.5	20	0	0	-23	-28	0	-32
344	44	1	19	0	0	24	-28	0	33
346	44	2	18	0	0	25	27	0	34
348	44	3	21	0	0	23	26	0	35
350	44	4	22	0	0	26	-26	0	31
351	44	4.5	-22	0	0	-26	27	0	-31
352	45	1	21	0	0	-26	28	0	-31
354	45	2	-21	0	0	25	-28	0	30
356	45	3	0	0	0	-25	0	0	31
358	45	4	17	0	0	24	28	0	33
360	46	1	21	0	0	23	30	0	32
362	46	2	-21	0	0	25	-30	0	30
363	46	2.5	20	0	0	-25	29	0	-30
364	46	3	19	0	0	26	28	0	31
366	46	4	18	0	0	27	27	0	32
368	47	1	19	0	0	28	26	0	30
370	47	2	-19	0	0	24	28	0	33
372	47	3	17	0	0	-24	-28	0	-33
373	47	3.5	-17	0	0	-24	27	0	-33
374	47	4	18	0	0	23	25	0	32
376	48	1	19	0	0	24	28	0	-32
378	48	2	17	0	0	26	-28	0	31
380	48	3	21	0	0	25	-28	0	-31
382	48	4	-21	0	0	-25	-28	0	30
384	49	1	17	0	0	24	-28	0	31
392	50	1	0	0	0	0	0	0	0
392	50	1	0	0	0	0	31	0	31
395	50	2.5	0	0	0	0	-31	0	32
396	50	3	0	0	0	0	-31	0	33
397	50	3.5	0	0	0	0	-31	0	34
398	50	4	0	0	0	0	-31	0	35
402	51	2	0	0	0	0	-31	0	34
403	51	2.5	0	0	0	0	-31	0	33
404	51	3	0	0	0	0	32	0	34
407	51	4.5	0	0	0	0	-32	0	35
408	52	1	0	0	0	24	33	0	31
410	52	2	0	0	0	-24	-33	0	35
411	52	2.5	0	0	0	25	-33	0	-35
412	52	3	0	0	0	26	33	0	-35
413	52	3.5	0	0	0	27	-33	0	34
414	52	4	0	0	0	28	-33	0	33
417	53	1.5	0	0	0	-28	-33	0	32
418	53	2	0	0	0	27	-33	0	31
419	53	2.5	0	0	0	26	-33	0	30
420	53	3	0	0	0	27	32	0	29
423	53	4.5	0	0	0	28	-32	0	-29
424	54	1	0	0	0	26	33	0	30
426	54	2	0	0	0	28	-33	0	-30
429	54	3.5	0	0	0	27	-33	0	0
430	54	4	0	0	0	26	-33	0	33
431	54	4.5	0	0	0	25	-33	0	-33
432	55	1	0	0	0	24	0	0	-33
434	55	2	0	0	0	25	0	0	32
436	55	3	0	0	0	26	0	0	31
438	55	4	0	0	0	-26	0	0	30
440	56	1	0	0	0	25	0	0	-30
442	56	2	0	0	0	24	0	0	29
444	56	3	0	0	0	23	0	0	28
446	56	4	0	0	0	-23	0	0	27
448	57	1	0	0	0	22	0	0	-27
449	57	1.5	0	0	0	-22	0	0	26
450	57	2	0	0	0	-22	0	0	29
452	57	3	0	0	0	24	0	0	-29
454	57	4	0	0	0	23	0	0	28
456	58	1	0	0	0	26	33	0	-28
458	58	2	0	0	0	-26	-33	0	31
459	58	2.5	0	0	0	27	-33	0	-31
460	58	3	0	0	0	28	33	0	30
462	58	4	0	0	0	-28	-33	0	33
463	58	4.5	0	0	0	27	-33	0	-33
464	59	1	0	0	0	26	33	0	-33
465	59	1.5	0	0	0	25	-33	0	34
466	59	2	0	0	0	24	-33	0	35
469	59	3.5	0	0	0	-24	-33	0	34
470	59	4	0	0	0	24	-33	0	33
471	59	4.5	0	0	0	-24	-33	0	32
472	60	1	0	0	0	-24	33	0	31
473	60	1.5	0	0	0	23	-33	0	-31
474	60	2	0	0	0	22	-33	0	32
475	60	2.5	0	0	0	21	-33	0	-32
476	60	3	0	0	0	22	-33	0	-32
478	60	4	0	0	0	-22	-33	0	31
480	61	1	0	0	0	0	32	0	32
482	61	2	0	0	0	27	-32	0	-32
486	61	4	0	0	0	26	-32	0	0
487	61	4.5	0	0	0	25	-32	0	0
488	62	1	0	0	0	26	0	0	0
490	62	2	0	0	0	25	34	0	0
492	62	3	0	0	0	22	-34	0	0
494	62	4	0	0	0	-22	33	0	0
495	62	4.5	0	0	0	-22	32	0	0
496	63	1	0	0	0	0	33	0	0
498	63	2	0	0	0	25	32	0	34
500	63	3	0	0	0	-25	29	0	-34
502	63	4	0	0	0	24	-29	0	33
503	63	4.5	0	0	0	23	-29	0	32
504	64	1	0	0	0	24	0	0	33
506	64	2	0	0	0	25	30	0	32
508	64	3	0	0	0	21	-30	0	-32
510	64	4	0	0	0	-21	29	0	35
511	64	4.5	0	0	0	-21	28	0	-35
512	65	1	0	0	0	0	29	0	-35
514	65	2	0	0	0	25	-29	0	34
516	65	3	0	0	0	26	28	0	35
519	65	4.5	0	0	0	25	-28	0	34
520	66	1	0	0	0	24	0	0	33
522	66	2	0	0	0	23	0	0	32
524	66	3	0	0	0	24	0	0	-32
526	66	4	0	0	0	26	0	0	31
528	67	1	0	0	0	25	32	0	-31
530	67	2	0	0	0	-25	-32	0	30
532	67	3	0	0	0	0	33	0	31
534	67	4	0	0	0	24	-33	0	33
536	68	1	0	0	0	23	34	0	32
538	68	2	0	0	0	24	-34	0	31
540	68	3	0	0	0	25	-34	0	-31
542	68	4	0	0	0	-25	-34	0	30
544	69	1	0	0	0	24	33	0	31
548	69	3	0	0	0	22	-33	0	0
550	69	4	0	0	0	24	-33	0	33
554	70	2	0	0	0	23	0	0	32
556	70	3	0	0	0	22	0	0	31
558	70	4	0	0	0	26	33	0	35
561	71	1.5	0	0	0	25	-33	0	-35
562	71	2	0	0	0	23	32	0	34
564	71	3	0	0	0	0	31	0	33
566	71	4	0	0	0	26	35	0	32
567	71	4.5	0	0	0	-26	-35	0	31
568	72	1	0	0	0	-26	-35	0	30
570	72	2	0	0	0	25	34	0	-30
572	72	3	0	0	0	24	33	0	31
574	72	4	0	0	0	29	34	0	-31
576	73	1	0	0	0	-29	-34	0	31
578	73	2	0	0	0	28	33	0	30
580	73	3	0	0	0	27	-33	0	-30
582	73	4	0	0	0	-27	32	0	29
584	74	1	0	0	0	26	33	0	30
586	74	2	0	0	0	-26	-33	0	28
588	74	3	0	0	0	24	-33	0	-28
590	74	4	0	0	0	-24	-33	0	31
592	75	1	0	0	0	27	0	0	-31
594	75	2	0	0	0	-27	0	0	29
596	75	3	0	0	0	25	0	0	-29
598	75	4	0	0	0	-25	0	0	32
600	76	1	0	0	0	28	0	0	-32
601	76	1.5	0	0	0	-28	0	0	31
602	76	2	0	0	0	-28	0	0	30
603	76	2.5	0	0	0	27	0	0	-30
604	76	3	0	0	0	26	0	0	-30
606	76	4	0	0	0	-26	0	0	33
607	76	4.5	0	0	0	25	0	0	-33
608	77	1	0	0	0	24	33	0	-33
609	77	1.5	0	0	0	23	-33	0	32
610	77	2	0	0	0	22	-33	0	31
611	77	2.5	0	0	0	-22	-33	0	30
612	77	3	0	0	0	-22	-33	0	29
614	77	4	0	0	0	21	-33	0	30
616	78	1	0	0	0	22	33	0	-30
618	78	2	0	0	0	24	-33	0	29
620	78	3	0	0	0	23	32	0	-29
622	78	4	0	0	0	-23	-32	0	28
624	79	1	0	0	0	22	31	0	29
627	79	2.5	0	0	0	-22	32	0	-29
628	79	3	0	0	0	0	33	0	-29
630	79	4	0	0	0	25	34	0	-29
633	80	1.5	0	0	0	26	33	0	0
634	80	2	0	0	0	27	32	0	0
635	80	2.5	0	0	0	-27	31	0	0
636	80	3	0	0	0	28	30	0	0
639	80	4.5	0	0	0	27	31	0	0
640	81	1	0	0	0	26	32	0	0
641	81	1.5	0	0	0	25	-32	0	0
642	81	2	0	0	0	24	33	0	0
645	81	3.5	0	0	0	25	32	0	0
646	81	4	0	0	0	26	31	0	0
647	81	4.5	0	0	0	-26	30	0	0
648	82	1	0	0	0	27	29	0	31
651	82	2.5	0	0	0	-27	30	0	32
652	82	3	0	0	0	26	31	0	33
654	82	4	0	0	0	25	32	0	34
656	83	1	0	0	0	-25	30	0	-34
657	83	1.5	0	0	0	24	-30	0	33
658	83	2	0	0	0	23	32	0	32
659	83	2.5	0	0	0	22	-32	0	31
660	83	3	0	0	0	21	-32	0	30
661	83	3.5	0	0	0	-21	31	0	-30
662	83	4	0	0	0	-21	30	0	-30
663	83	4.5	0	0	0	-21	29	0	31
664	84	1	0	0	0	0	28	0	32
666	84	2	0	0	0	24	-28	0	33
669	84	3.5	0	0	0	25	0	0	32
670	84	4	0	0	0	26	0	0	31
671	84	4.5	0	0	0	-26	0	0	30
672	85	1	0	0	0	27	29	0	29
675	85	2.5	0	0	0	26	30	0	-29
676	85	3	0	0	0	25	31	0	0
677	85	3.5	0	0	0	24	-31	0	0
678	85	4	0	0	0	23	32	0	0
681	86	1.5	0	0	0	-23	31	0	0
682	86	2	0	0	0	26	30	0	0
683	86	2.5	0	0	0	-26	29	0	0
684	86	3	0	0	0	-26	28	0	0
685	86	3.5	0	0	0	27	-28	0	0
686	86	4	0	0	0	28	-28	0	0
688	87	1	0	0	0	29	31	0	0
691	87	2.5	0	0	0	28	32	0	0
692	87	3	0	0	0	27	33	0	0
693	87	3.5	0	0	0	26	-33	0	0
694	87	4	0	0	0	25	34	0	0
697	88	1.5	0	0	0	26	33	0	0
698	88	2	0	0	0	27	32	0	0
699	88	2.5	0	0	0	-27	31	0	0
700	88	3	0	0	0	28	30	0	32
703	88	4.5	0	0	0	27	31	0	33
704	89	1	0	0	0	26	32	0	34
705	89	1.5	0	0	0	25	-32	0	-34
706	89	2	0	0	0	24	33	0	35
709	89	3.5	0	0	0	25	32	0	34
710	89	4	0	0	0	26	31	0	33
711	89	4.5	0	0	0	-26	30	0	32
712	90	1	0	0	0	27	29	0	31
714	90	2	0	0	0	27	-29	0	32
717	90	3.5	0	0	0	26	0	0	-32
718	90	4	0	0	0	25	0	0	31
719	90	4.5	0	0	0	24	0	0	-31
720	91	1	0	0	0	25	0	0	-31
722	91	2	0	0	0	-25	0	0	30
724	91	3	0	0	0	24	0	0	31
726	91	4	0	0	0	-24	33	0	35
730	92	2	0	0	0	0	31	0	33
732	92	3	0	0	0	0	32	0	34
734	92	4	0	0	0	0	30	0	32
736	93	1	0	0	0	24	31	0	33
738	93	2	0	0	0	28	30	0	-33
740	93	3	0	0	0	-28	28	0	-33
742	93	4	0	0	0	26	-28	0	31
744	94	1	0	0	0	27	0	0	32
746	94	2	0	0	0	25	0	0	30
748	94	3	0	0	0	26	0	0	31
750	94	4	0	0	0	-26	33	0	35
752	95	1	0	0	0	24	-33	0	-35
754	95	2	0	0	0	-24	31	0	33
756	95	3	0	0	0	0	32	0	34
758	95	4	0	0	0	0	30	0	32
760	96	1	0	0	0	24	31	0	33
762	96	2	0	0	0	28	30	0	-33
763	96	2.5	0	0	0	-28	29	0	-33
764	96	3	0	0	0	-28	28	0	-33
766	96	4	0	0	0	26	29	0	31
768	97	1	0	0	0	27	-29	0	32
769	97	1.5	0	0	0	26	-29	0	-32
770	97	2	0	0	0	25	28	0	31
771	97	2.5	0	0	0	24	-28	0	-31
772	97	3	0	0	0	25	-28	0	-31
774	97	4	0	0	0	-25	27	0	30
776	98	1	0	0	0	24	28	0	31
784	99	1	0	0	0	0	0	0	0
784	99	1	0	0	0	24	0	0	31
788	99	3	0	0	0	-24	0	0	31
790	99	4	0	0	0	-24	0	0	33
793	100	1.5	0	0	0	-24	0	0	34
794	100	2	0	0	0	-24	0	0	35
796	100	3	0	0	0	-24	0	0	33
798	100	4	0	0	0	-24	0	0	35
800	101	1	0	0	0	25	0	0	34
802	101	2	0	0	0	-25	0	0	32
804	101	3	0	0	0	-25	0	0	36
808	102	1	17	0	0	26	28	0	35
812	102	3	17	0	0	-26	-28	0	-35
814	102	4	19	0	0	-26	-28	0	33
817	103	1.5	20	0	0	-26	-28	0	32
818	103	2	21	0	0	-26	-28	0	30
820	103	3	19	0	0	-26	-28	0	-30
822	103	4	21	0	0	-26	-28	0	33
824	104	1	20	0	0	0	29	0	-33
826	104	2	18	0	0	0	-29	0	32
828	104	3	22	0	0	0	-29	0	-32
830	104	4	-22	0	0	0	-29	0	31
832	105	1	21	0	0	0	30	28	32
836	105	3	19	0	0	0	-30	28	28
838	105	4	-19	0	0	0	-30	30	-28
841	106	1.5	0	0	0	0	-30	31	0
842	106	2	0	0	0	0	-30	32	0
844	106	3	23	0	0	0	-30	30	28
846	106	4	-23	0	0	0	-30	32	-28
848	107	1	24	0	0	0	0	31	29
850	107	2	-24	0	0	0	0	29	-29
852	107	3	-24	0	0	0	0	33	29
856	108	1	23	0	0	0	0	32	30
860	108	3	19	0	0	26	0	30	-30
862	108	4	-19	0	0	-26	0	-30	28
864	109	1	0	0	0	26	0	0	28
868	109	3	19	0	0	26	30	33	-28
872	110	1	19	0	0	26	30	33	0
876	110	3	19	0	0	-26	30	33	35
880	111	1	19	0	0	26	30	-33	35
882	111	2	-19	0	0	-26	-30	32	-35
883	111	2.5	-19	0	0	-26	-30	31	-35
884	111	3	-19	0	0	-26	-30	30	35
888	112	1	21	0	0	25	30	30	35
890	112	2	-21	0	0	-25	-30	-30	34
891	112	2.5	-21	0	0	-25	-30	-30	33
892	112	3	-21	0	0	-25	-30	32	32
894	112	4	-21	0	0	26	-30	-32	-32
896	113	1	18	0	0	27	29	-32	-32
898	113	2	-18	0	0	-27	-29	31	-32
899	113	2.5	-18	0	0	-27	-29	30	-32
900	113	3	-18	0	0	-27	-29	29	36
902	113	4	-18	0	0	-27	30	-29	-36
904	114	1	22	0	0	26	31	-29	-36
906	114	2	-22	0	0	-26	-31	-29	35
907	114	2.5	-22	0	0	-26	-31	-29	34
908	114	3	-22	0	0	-26	-31	29	33
912	115	1	19	0	0	26	30	28	0
914	115	2	-19	0	0	-26	-30	-28	33
915	115	2.5	20	0	0	-26	-30	-28	-33
916	115	3	21	0	0	25	-30	-28	30
918	115	4	19	0	0	26	-30	-28	35
920	116	1	21	0	0	-26	-30	-28	-35
921	116	1.5	-21	0	0	-26	-30	-28	34
922	116	2	-21	0	0	28	-30	-28	33
923	116	2.5	22	0	0	-28	-30	-28	-33
924	116	3	23	0	0	-28	-30	-28	32
926	116	4	19	0	0	27	-30	-28	33
927	116	4.5	-19	0	0	26	-30	-28	-33
928	117	1	21	0	0	25	30	0	30
930	117	2	-21	0	0	26	-30	0	35
931	117	2.5	22	0	0	-26	-30	0	-35
932	117	3	23	0	0	-26	30	0	-35
933	117	3.5	-23	0	0	-26	-30	0	34
934	117	4	-23	0	0	25	-30	0	34
936	118	1	19	0	0	26	-30	0	-34
938	118	2	-19	0	0	28	-30	0	33
940	118	3	0	0	0	27	29	0	-33
942	118	4	0	0	0	-27	-29	0	32
944	119	1	0	0	0	26	30	0	33
948	119	3	19	0	0	-26	-30	0	-33
951	119	4.5	20	0	0	-26	-30	0	-33
952	120	1	21	0	0	-26	0	0	-33
954	120	2	22	0	0	-26	0	0	-33
956	120	3	-22	0	0	-26	0	26	-33
958	120	4	24	0	0	-26	0	-26	-33
959	120	4.5	-24	0	0	-26	0	27	-33
960	121	1	23	0	0	0	0	28	0
962	121	2	22	0	0	0	0	29	0
964	121	3	24	0	0	26	0	-29	0
966	121	4	-24	0	0	-26	0	31	0
967	121	4.5	25	0	0	-26	0	-31	0
968	122	1	26	0	0	26	0	30	0
970	122	2	22	0	0	-26	0	29	0
972	122	3	-22	0	0	26	0	31	0
974	122	4	21	0	0	-26	0	-31	0
975	122	4.5	20	0	0	-26	0	32	0
976	123	1	19	0	0	-26	0	33	0
978	123	2	24	0	0	-26	0	29	0
980	123	3	-24	0	0	26	0	-29	0
982	123	4	23	0	0	-26	0	28	0
983	123	4.5	22	0	0	-26	0	27	0
984	124	1	21	0	0	26	0	26	0
986	124	2	22	0	0	-26	0	29	0
988	124	3	19	0	0	26	0	-29	0
990	124	4	-19	0	0	-26	0	28	0
992	125	1	0	0	0	-26	0	29	0
994	125	2	0	0	0	-26	0	31	0
996	125	3	0	0	0	0	0	30	30
998	125	4	0	0	0	28	0	-30	-30
999	125	4.5	0	0	0	-28	0	-30	31
1000	126	1	0	0	0	27	0	0	32
1002	126	2	0	0	0	26	0	0	33
1004	126	3	0	0	0	28	30	0	-33
1006	126	4	0	0	0	27	-30	0	35
1007	126	4.5	0	0	0	26	-30	0	-35
1008	127	1	0	0	0	25	30	0	34
1010	127	2	0	0	0	26	-30	0	33
1012	127	3	0	0	0	-26	30	0	35
1014	127	4	0	0	0	25	-30	0	-35
1015	127	4.5	0	0	0	24	-30	0	34
1016	128	1	0	0	0	23	-30	0	32
1018	128	2	0	0	0	28	-30	0	33
1020	128	3	0	0	0	-28	30	0	-33
1022	128	4	0	0	0	27	-30	28	32
1023	128	4.5	0	0	0	26	-30	-28	31
1024	129	1	0	0	0	25	30	27	30
1026	129	2	0	0	0	26	-30	26	33
1028	129	3	0	0	0	23	30	27	-33
1030	129	4	0	0	0	-23	-30	-27	32
1032	130	1	19	0	0	0	-30	26	33
1036	130	3	19	0	0	0	30	28	-33
1038	130	4	21	0	0	0	-30	-28	-33
1039	130	4.5	-21	0	0	0	-30	29	-33
1040	131	1	-21	0	0	0	30	30	0
1042	131	2	22	0	0	0	-30	31	0
1044	131	3	23	0	0	0	28	32	0
1048	132	1	22	0	0	26	29	31	33
1052	132	3	-22	0	0	-26	-29	-31	33
1054	132	4	-22	0	0	-26	-29	30	33
1055	132	4.5	-22	0	0	-26	-29	29	-33
1056	133	1	-22	0	0	26	-29	31	-33
1057	133	1.5	-22	0	0	-26	-29	-31	32
1058	133	2	-22	0	0	-26	-29	-31	31
1059	133	2.5	-22	0	0	-26	-29	32	-31
1060	133	3	-22	0	0	26	-29	33	-31
1062	133	4	-22	0	0	-26	-29	-33	30
1063	133	4.5	-22	0	0	-26	-29	-33	29
1064	134	1	19	0	0	-26	30	-33	28
1066	134	2	-19	0	0	-26	-30	32	-28
1067	134	2.5	-19	0	0	-26	-30	31	-28
1068	134	3	-19	0	0	26	-30	30	-28
1070	134	4	-19	0	0	-26	-30	26	-28
1072	135	1	19	0	0	28	-30	26	0
1076	135	3	19	0	0	-28	-30	-26	35
1078	135	4	-19	0	0	27	-30	-26	-35
1079	135	4.5	-19	0	0	26	-30	-26	-35
1080	136	1	21	0	0	25	30	0	35
1084	136	3	-21	0	0	-25	28	30	35
1086	136	4	20	0	0	-25	-28	-30	-35
1087	136	4.5	19	0	0	-25	-28	-30	-35
1088	137	1	18	0	0	25	29	-30	34
1090	137	2	-18	0	0	-25	-29	31	-34
1092	137	3	18	0	0	25	27	32	34
1096	138	1	17	0	0	26	28	28	33
1098	138	2	-17	0	0	24	-28	31	35
1100	138	3	21	0	0	25	-28	-31	-35
1101	138	3.5	-21	0	0	-25	-28	-31	34
1102	138	4	-21	0	0	-25	-28	30	33
1103	138	4.5	-21	0	0	-25	-28	-30	32
1104	139	1	17	0	0	0	-28	31	33
1106	139	2	-17	0	0	24	-28	-31	31
1108	139	3	21	0	0	25	-28	0	-31
1110	139	4	-21	0	0	-25	-28	32	30
1112	140	1	17	0	0	24	0	33	31
1114	140	2	21	0	0	23	28	30	32
1116	140	3	22	0	0	24	-28	33	31
1118	140	4	-22	0	0	-24	27	-33	29
1119	140	4.5	-22	0	0	-24	-27	32	-29
1119.5	140	4.75	-22	0	0	-24	-27	31	-29
1120	141	1	21	0	0	25	28	30	30
1121	141	1.5	-21	0	0	-25	-28	29	-30
1122	141	2	-21	0	0	-25	-28	28	-30
1123	141	2.5	-21	0	0	-25	-28	-28	31
1124	141	3	0	0	0	-25	29	-28	29
1126	141	4	18	0	0	-25	-29	27	-29
1128	142	1	21	0	0	0	30	28	28
1130	142	2	23	0	0	0	28	32	-28
1132	142	3	22	0	0	0	-28	-32	0
1133	142	3.5	-22	0	0	0	-28	31	0
1134	142	4	-22	0	0	24	27	29	0
1136	143	1	21	0	0	25	28	30	0
1138	143	2	-21	0	0	-25	-28	32	28
1140	143	3	25	0	0	-25	0	-32	29
1141	143	3.5	-25	0	0	-25	0	31	-29
1142	143	4	-25	0	0	-25	27	29	-29
1144	144	1	23	0	0	0	28	28	30
1146	144	2	21	0	0	0	-28	30	32
1148	144	3	25	0	0	0	0	29	-32
1149	144	3.5	-25	0	0	0	0	-29	33
1150	144	4	-25	0	0	0	27	-29	34
1152	145	1	21	0	0	0	28	0	32
1154	145	2	-21	0	0	0	30	32	35
1156	145	3	0	0	0	0	29	-32	-35
1158	145	4	0	0	0	0	-29	31	34
1160	146	1	0	0	0	0	28	32	35
1162	146	2	0	0	0	24	-28	31	33
1164	146	3	0	0	0	-24	-28	32	32
1166	146	4	0	0	0	23	-28	-32	-32
1168	147	1	17	0	0	24	-28	33	31
1170	147	2	-17	0	0	-24	-28	31	-31
1172	147	3	21	0	0	25	-28	-31	0
1174	147	4	-21	0	0	-25	-28	30	0
1176	148	1	17	0	0	26	28	31	0
1178	148	2	-17	0	0	24	-28	33	31
1180	148	3	0	0	0	-24	-28	32	32
1182	148	4	21	0	0	23	-28	-32	-32
1184	149	1	19	0	0	24	-28	0	33
1186	149	2	17	0	0	-24	-28	31	35
1188	149	3	21	0	0	0	-28	32	-35
1189	149	3.5	-21	0	0	0	-28	-32	34
1190	149	4	-21	0	0	23	-28	-32	32
1192	150	1	17	0	0	24	-28	31	33
1194	150	2	-17	0	0	-24	-28	35	31
1196	150	3	21	0	0	0	-28	-35	32
1197	150	3.5	-21	0	0	0	-28	34	-32
1198	150	4	-21	0	0	23	-28	32	35
1200	151	1	19	0	0	24	-28	33	-35
1201	151	1.5	-19	0	0	-24	-28	-33	34
1202	151	2	17	0	0	26	-28	-33	33
1203	151	2.5	-17	0	0	-26	-28	32	31
1203.5	151	2.75	-17	0	0	-26	-28	31	-31
1204	151	3	21	0	0	25	-28	30	32
1205	151	3.5	-21	0	0	-25	-28	29	-32
1206	151	4	-21	0	0	-25	-28	30	-32
1208	152	1	17	0	0	24	-28	31	33
1220	153	3	-17	0	0	-24	-28	-31	31
1224	154	1	-17	0	0	-24	-28	-31	33
1232	155	1	0	0	0	0	0	0	0
1232	155	1	0	0	0	24	28	0	0
1236	155	3	0	0	0	-24	28	0	0
1238	155	4	0	0	0	-24	29	0	0
1240	156	1	0	0	0	25	-29	0	0
1241	156	1.5	0	0	0	-25	28	0	0
1242	156	2	0	0	0	-25	27	0	0
1243	156	2.5	0	0	0	-25	26	0	0
1244	156	3	0	0	0	25	27	0	0
1248	157	1	17	0	0	26	26	0	0
1251	157	2.5	-17	0	0	27	-26	0	0
1252	157	3	-17	0	0	28	-26	0	0
1254	157	4	-17	0	0	29	-26	0	0
1256	158	1	18	0	0	-29	22	0	0
1257	158	1.5	-18	0	0	28	-22	0	0
1258	158	2	-18	0	0	27	-22	0	0
1259	158	2.5	-18	0	0	26	-22	0	0
1260	158	3	18	0	0	27	25	0	0
1263	158	4.5	-18	0	0	-27	24	0	0
1263.5	158	4.75	-18	0	0	-27	23	0	0
1264	159	1	19	0	0	26	23	0	28
1267	159	2.5	-19	0	0	-26	-23	0	29
1268	159	3	-19	0	0	-26	-23	0	30
1270	159	4	-19	0	0	-26	22	0	31
1271	159	4.5	-19	0	0	-26	21	0	-31
1272	160	1	20	0	0	24	22	0	-31
1273	160	1.5	-20	0	0	-24	-22	0	30
1274	160	2	-20	0	0	-24	-22	0	29
1275	160	2.5	-20	0	0	-24	-22	0	28
1276	160	3	-20	0	0	25	22	0	29
1280	161	1	19	0	0	26	23	0	28
1282	161	2	-19	0	0	-26	26	0	-28
1283	161	2.5	20	0	0	25	-26	0	-28
1284	161	3	21	0	0	24	-26	0	0
1285	161	3.5	-21	0	0	23	-26	0	0
1286	161	4	22	0	0	24	27	0	0
1289	162	1.5	21	0	0	-24	26	0	0
1290	162	2	20	0	0	23	25	0	0
1291	162	2.5	19	0	0	-23	24	0	0
1292	162	3	20	0	0	-23	25	0	0
1294	162	4	-20	0	0	22	-25	0	0
1296	163	1	19	0	0	23	26	0	28
1299	163	2.5	-19	0	0	-23	-26	0	29
1300	163	3	-19	0	0	0	-26	0	30
1302	163	4	-19	0	0	0	-26	0	31
1304	164	1	0	0	0	0	27	0	-31
1305	164	1.5	0	0	0	0	-27	0	30
1306	164	2	0	0	0	0	-27	0	29
1307	164	2.5	0	0	0	0	-27	0	28
1308	164	3	0	0	0	0	-27	0	29
1312	165	1	19	0	0	26	0	0	28
1314	165	2	-19	0	0	-26	26	0	-28
1316	165	3	-19	0	0	-26	28	0	-28
1318	165	4	-19	0	0	-26	29	0	27
1319	165	4.5	-19	0	0	-26	-29	0	26
1320	166	1	-19	0	0	26	30	0	28
1322	166	2	-19	0	0	-26	31	0	29
1324	166	3	-19	0	0	-26	30	0	30
1326	166	4	-19	0	0	-26	28	0	31
1328	167	1	18	0	0	27	29	0	32
1334	167	4	-18	0	0	-27	25	0	-32
1336	168	1	-18	0	0	-27	29	0	-32
1338	168	2	-18	0	0	-27	25	0	-32
1342	168	4	-18	0	0	-27	25	0	-32
1344	169	1	19	0	0	26	23	0	28
1346	169	2	-19	0	0	-26	26	0	-28
1348	169	3	-19	0	0	-26	28	0	0
1350	169	4	-19	0	0	25	29	0	26
1351	169	4.5	-19	0	0	24	-29	0	-26
1352	170	1	-19	0	0	23	30	0	28
1354	170	2	-19	0	0	26	31	0	29
1356	170	3	-19	0	0	-26	30	0	30
1357	170	3.5	-19	0	0	25	-30	0	-30
1358	170	4	-19	0	0	26	28	0	31
1360	171	1	20	0	0	22	29	0	32
1362	171	2	-20	0	0	-22	25	0	-32
1364	171	3	-20	0	0	-22	29	0	-32
1368	172	1	19	0	0	0	30	0	28
1372	172	3	-19	0	0	26	-30	0	28
1374	172	4	-19	0	0	-26	-30	0	30
1376	173	1	18	0	0	27	0	0	-30
1378	173	2	-18	0	0	-27	0	0	29
1380	173	3	19	0	0	26	0	0	28
1382	173	4	-19	0	0	-26	28	0	30
1383	173	4.5	-19	0	0	25	-28	0	-30
1384	174	1	18	0	0	23	-28	0	-30
1385	174	1.5	-18	0	0	24	-28	0	-30
1386	174	2	-18	0	0	25	27	0	29
1388	174	3	19	0	0	21	26	0	28
1390	174	4	-19	0	0	-21	28	0	30
1392	175	1	18	0	0	25	-28	0	-30
1393	175	1.5	-18	0	0	-25	-28	0	31
1394	175	2	-18	0	0	-25	27	0	32
1396	175	3	19	0	0	23	26	0	28
1398	175	4	-19	0	0	26	-26	0	-28
1400	176	1	20	0	0	-26	0	0	29
1402	176	2	-20	0	0	25	0	0	-29
1403	176	2.5	-20	0	0	24	0	0	-29
1404	176	3	-20	0	0	25	22	0	-29
1408	177	1	19	0	0	26	23	0	28
1411	177	2.5	20	0	0	-26	-23	0	-28
1412	177	3	21	0	0	-26	23	0	0
1414	177	4	22	0	0	-26	24	0	0
1417	178	1.5	21	0	0	-26	23	0	0
1418	178	2	22	0	0	-26	24	0	0
1419	178	2.5	21	0	0	-26	23	0	0
1420	178	3	22	0	0	-26	24	0	29
1422	178	4	21	0	0	-26	23	0	-29
1423	178	4.5	20	0	0	-26	22	0	-29
1424	179	1	19	0	0	0	21	0	30
1428	179	3	0	0	0	0	25	0	30
1430	179	4	0	0	0	0	26	0	31
1433	180	1.5	0	0	0	0	25	0	30
1434	180	2	0	0	0	0	26	0	31
1435	180	2.5	0	0	0	0	25	0	30
1436	180	3	0	0	0	0	26	0	31
1438	180	4	0	0	0	0	25	0	30
1439	180	4.5	0	0	0	0	24	0	29
1440	181	1	0	0	0	25	23	0	28
1441	181	1.5	0	0	0	-25	-23	0	29
1442	181	2	0	0	0	-25	-23	0	30
1443	181	2.5	0	0	0	26	-23	0	31
1444	181	3	0	0	0	27	0	0	32
1446	181	4	0	0	0	28	0	0	33
1449	182	1.5	0	0	0	27	0	0	32
1450	182	2	0	0	0	28	0	0	33
1451	182	2.5	0	0	0	27	0	0	32
1452	182	3	0	0	0	28	0	0	33
1454	182	4	0	0	0	27	0	0	32
1455	182	4.5	0	0	0	26	0	0	31
1456	183	1	0	0	0	25	0	0	30
1460	183	3	23	0	0	0	0	0	-30
1462	183	4	-23	0	0	21	0	0	-30
1464	184	1	23	0	0	25	0	0	-30
1467	184	2.5	24	0	0	26	0	0	-30
1468	184	3	25	0	0	27	0	0	-30
1470	184	4	26	0	0	28	0	0	-30
1473	185	1.5	25	0	0	27	0	0	0
1474	185	2	26	0	0	28	0	0	0
1475	185	2.5	25	0	0	27	0	0	0
1476	185	3	26	0	0	28	28	0	30
1478	185	4	25	0	0	27	-28	0	-30
1479	185	4.5	24	0	0	26	29	0	-30
1480	186	1	23	0	0	25	30	0	32
1482	186	2	22	0	0	24	31	0	33
1484	186	3	21	0	0	25	-31	0	-33
1486	186	4	-21	0	0	-25	30	0	32
1488	187	1	17	0	0	0	31	0	33
1491	187	2.5	-17	0	0	0	30	0	32
1492	187	3	0	0	0	0	31	0	33
1493	187	3.5	0	0	0	0	30	0	32
1494	187	4	0	0	0	0	31	0	33
1498	188	2	0	0	0	0	30	0	32
1499	188	2.5	0	0	0	0	29	0	31
1500	188	3	19	0	0	26	28	0	30
1504	189	1	19	0	0	26	-28	0	0
1508	189	3	19	0	0	26	-28	0	30
1512	190	1	22	0	0	26	29	0	31
1515	190	2.5	21	0	0	-26	-29	0	30
1516	190	3	22	0	0	-26	26	0	31
1517	190	3.5	21	0	0	-26	-26	0	30
1518	190	4	22	0	0	-26	-26	0	31
1522	191	2	21	0	0	-26	0	0	30
1523	191	2.5	20	0	0	-26	0	0	29
1524	191	3	19	0	0	-26	30	0	28
1526	191	4	19	0	0	-26	-30	0	-28
1528	192	1	22	0	0	0	31	0	0
1531	192	2.5	21	0	0	0	30	0	0
1532	192	3	22	0	0	26	31	0	0
1533	192	3.5	21	0	0	-26	30	0	0
1534	192	4	22	0	0	-26	31	0	0
1536	193	1	-22	0	0	26	-31	0	0
1538	193	2	21	0	0	-26	30	0	0
1539	193	2.5	20	0	0	-26	29	0	0
1540	193	3	19	0	0	24	28	0	0
1543	193	4.5	-19	0	0	-24	26	0	0
1544	194	1	18	0	0	25	27	0	0
1546	194	2	21	0	0	-25	28	0	28
1548	194	3	18	0	0	-25	-28	0	29
1550	194	4	-18	0	0	-25	27	0	-29
1552	195	1	21	0	0	-25	28	0	30
1555	195	2.5	22	0	0	-25	-28	0	31
1556	195	3	23	0	0	-25	21	0	32
1557	195	3.5	22	0	0	-25	-21	0	31
1558	195	4	23	0	0	-25	-21	0	32
1562	196	2	22	0	0	-25	-21	0	31
1563	196	2.5	21	0	0	-25	-21	0	30
1564	196	3	20	0	0	-25	22	0	29
1568	197	1	19	0	0	26	23	0	28
1570	197	2	22	0	0	-26	24	0	31
1571	197	2.5	-22	0	0	27	-24	0	-31
1572	197	3	21	0	0	28	25	0	30
1573	197	3.5	-21	0	0	27	-25	0	-30
1574	197	4	17	0	0	28	24	0	33
1577	198	1.5	18	0	0	-28	28	0	32
1578	198	2	19	0	0	27	28	0	31
1579	198	2.5	20	0	0	26	-28	0	-31
1580	198	3	21	0	0	25	-28	0	-31
1581	198	3.5	-21	0	0	-25	27	0	-31
1582	198	4	-21	0	0	-25	26	0	30
1583	198	4.5	-21	0	0	-25	25	0	-30
1584	199	1	17	0	0	24	26	0	31
1592	200	1	0	0	0	0	0	0	0
1592	200	1	17	21	0	24	0	0	0
1600	200	3	18	20	0	23	0	0	0
1604	201	1	19	21	0	24	0	0	0
1608	201	2	20	22	0	-24	0	0	0
1612	201	3	-20	18	0	25	0	0	0
1616	202	1	20	22	0	24	0	0	0
1620	202	2	-20	18	0	25	0	0	0
1624	202	3	20	22	0	24	0	0	0
1628	203	1	19	21	0	28	0	0	0
1634	203	2.5	17	-21	0	27	0	0	0
1636	203	3	18	0	0	27	0	0	0
1640	204	1	19	0	0	26	0	0	0
1644	204	2	20	0	0	-26	0	0	0
1648	204	3	-20	22	0	25	0	0	0
1652	205	1	19	23	0	26	0	0	0
1656	205	2	-19	24	0	-26	0	0	0
1660	205	3	22	-24	0	-26	0	0	0
1662	205	3.5	-22	23	0	-26	0	0	0
1664	206	1	23	21	0	0	0	0	0
1668	206	2	24	22	0	0	0	0	0
1672	206	3	-24	-22	0	26	0	0	0
1674	206	3.5	23	23	0	-26	0	0	0
1676	207	1	22	24	0	27	0	0	0
1680	207	2	21	25	0	28	0	0	0
1686	207	3.5	22	24	0	27	0	0	0
1688	208	1	20	22	0	25	0	0	0
1692	208	2	19	23	0	26	0	0	0
1696	208	3	-19	26	0	28	0	0	0
1700	209	1	22	24	0	29	0	0	0
1704	209	2	21	25	0	30	0	0	0
1710	209	3.5	22	24	0	29	0	0	0
1712	210	1	20	23	0	29	0	0	0
1714	210	1.5	-20	22	0	-29	0	0	0
1716	210	2	19	23	0	-29	0	0	0
1720	210	3	-19	-23	0	28	0	0	0
1724	211	1	0	22	0	29	0	0	0
1728	211	2	0	-22	0	26	0	0	0
1732	211	3	0	0	0	29	0	0	0
1736	212	1	0	26	0	28	0	0	0
1740	212	2	0	23	0	27	0	0	0
1744	212	3	0	26	0	28	0	0	0
1748	213	1	22	22	0	29	0	0	0
1752	213	2	19	23	0	28	0	0	0
1754	213	2.5	-19	-23	0	27	0	0	0
1756	213	3	22	24	0	26	0	0	0
1760	214	1	18	25	0	25	0	0	0
1764	214	2	19	24	0	0	0	0	0
1766	214	2.5	-19	23	0	0	0	0	0
1768	214	3	20	22	0	0	0	0	0
1772	215	1	21	21	0	25	0	0	0
1776	215	2	20	22	0	-25	0	0	0
1778	215	2.5	19	-22	0	-25	0	0	0
1780	215	3	18	23	0	25	0	0	0
1784	216	1	17	24	0	26	0	0	0
1788	216	2	18	22	0	27	0	0	0
1792	216	3	19	24	0	-27	0	0	0
1794	216	3.5	-19	-24	0	26	0	0	0
1796	217	1	-19	23	0	26	0	0	0
1800	217	2	20	22	0	-26	0	0	0
1804	217	3	-20	-22	0	25	0	0	0
1808	218	1	19	23	0	26	0	0	0
1814	218	4	22	24	0	-26	0	0	0
1818	219	2	21	23	0	0	0	0	0
1820	219	3	22	24	0	26	0	0	0
1822	219	4	21	23	0	-26	0	0	0
1824	220	1	22	-23	0	-26	0	0	0
1826	220	2	-22	22	0	-26	0	0	0
1828	220	3	19	23	0	26	0	0	0
1830	220	4	24	22	0	-26	0	0	0
1832	221	1	-24	-22	0	26	0	0	0
1834	221	2	23	21	0	-26	0	0	0
1836	221	3	24	22	0	-26	0	0	0
1838	221	4	23	21	0	-26	0	0	0
1840	222	1	-23	22	0	-26	0	0	0
1842	222	2	22	-22	0	-26	0	0	0
1844	222	3	23	19	0	-26	0	0	0
1848	223	1	19	23	0	0	0	0	0
1852	223	3	-19	0	0	26	0	0	0
1854	223	4	-19	26	0	-26	0	0	0
1856	224	1	0	-26	0	27	0	0	0
1858	224	2	23	25	0	-27	0	0	0
1860	224	3	24	26	0	26	0	0	0
1862	224	4	23	25	0	27	0	0	0
1864	225	1	24	-25	0	26	0	0	0
1866	225	2	22	24	0	-26	0	0	0
1868	225	3	0	25	0	27	0	0	0
1870	225	4	22	24	0	26	0	0	0
1872	226	1	18	25	0	27	0	0	0
1874	226	2	19	24	0	26	0	0	0
1876	226	3	20	-24	0	25	0	0	0
1878	226	4	21	23	0	-25	0	0	0
1880	227	1	17	24	0	0	0	0	0
1882	227	2	24	-24	0	26	0	0	0
1884	227	3	-24	21	0	-26	0	0	0
1886	227	4	23	-21	0	25	0	0	0
1888	228	1	24	0	0	26	0	0	0
1890	228	2	20	22	0	25	0	0	0
1894	228	4	19	21	0	24	0	0	0
1896	229	1	20	22	0	25	0	0	0
1897	229	1.5	19	-22	0	-25	0	0	0
1898	229	2	18	21	0	24	0	0	0
1899	229	2.5	17	-21	0	-24	0	0	0
1900	229	3	18	-21	0	-24	0	0	0
1902	229	4	-18	20	0	23	0	0	0
1904	230	1	17	21	0	24	0	0	0
1908	230	3	-17	-21	0	28	0	0	0
1912	231	1	0	0	0	27	0	0	0
1914	231	2	0	0	0	26	0	0	0
1916	231	3	0	24	0	-26	0	0	0
1918	231	4	0	-24	0	25	0	0	0
1919	231	4.5	0	-24	0	24	0	0	0
1920	232	1	0	23	0	25	0	0	0
1922	232	2	0	22	0	24	0	0	0
1926	232	4	0	21	0	23	0	0	0
1927	232	4.5	0	20	0	22	0	0	0
1928	233	1	0	21	0	23	0	0	0
1930	233	2	0	20	0	22	0	0	0
1932	233	3	22	-20	0	-22	0	0	0
1934	233	4	-22	19	0	25	0	0	0
1935	233	4.5	-22	18	0	-25	0	0	0
1936	234	1	21	19	0	24	0	0	0
1938	234	2	20	18	0	25	0	0	0
1941	234	3.5	-20	-18	0	26	0	0	0
1942	234	4	19	25	0	27	0	0	0
1943	234	4.5	18	-25	0	-27	0	0	0
1944	235	1	19	24	0	26	0	0	0
1946	235	2	18	25	0	27	0	0	0
1948	235	3	-18	-25	0	25	0	0	0
1950	235	4	21	24	0	-25	0	0	0
1951	235	4.5	-21	23	0	-25	0	0	0
1952	236	1	-21	22	0	0	0	0	0
1954	236	2	20	-22	0	0	0	0	0
1956	236	3	21	21	0	0	0	0	0
1958	236	4	19	24	0	0	0	0	0
1960	237	1	18	-24	0	25	0	0	0
1962	237	2	-18	23	0	-25	0	0	0
1964	237	3	17	24	0	26	0	0	0
1968	238	1	-17	0	0	26	0	0	0
1970	238	2	-17	24	0	-26	0	0	0
1972	238	3	0	23	0	25	0	0	0
1974	238	4	0	24	0	26	0	0	0
1976	239	1	17	-24	0	-26	0	0	0
1978	239	2	-17	23	0	25	0	0	0
1979	239	2.5	-17	22	0	24	0	0	0
1980	239	3	21	23	0	25	0	0	0
1984	240	1	0	0	0	0	0	0	0
1986	240	2	17	26	0	24	0	0	0
1988	240	3	21	25	0	23	0	0	0
1990	240	4	17	26	0	24	0	0	0
1992	241	1	24	-26	0	-24	0	0	0
1994	241	2	-24	25	0	23	0	0	0
1995	241	2.5	-24	24	0	22	0	0	0
1996	241	3	21	25	0	23	0	0	0
2000	242	1	0	0	0	0	0	0	0
2002	242	2	21	25	0	23	0	0	0
2004	242	3	17	26	0	24	0	0	0
2006	242	4	21	25	0	23	0	0	0
2008	243	1	17	26	0	24	0	0	0
2010	243	2	21	23	0	25	0	0	0
2012	243	3	19	21	0	26	0	0	0
2014	243	4	20	22	0	25	0	0	0
2016	244	1	21	23	0	26	0	0	0
2018	244	2	22	24	0	27	0	0	0
2020	244	3	21	25	0	28	0	0	0
2023	244	4.5	-21	-25	0	27	0	0	0
2024	245	1	-21	23	0	26	0	0	0
2025	245	1.5	-21	-23	0	25	0	0	0
2026	245	2	-21	-23	0	26	0	0	0
2028	245	3	-21	19	0	-26	0	0	0
2030	245	4	-21	-19	0	25	0	0	0
2031	245	4.5	-21	-19	0	24	0	0	0
2032	246	1	-21	23	0	25	0	0	0
2034	246	2	-21	-23	0	28	0	0	0
2036	246	3	21	0	0	-28	0	0	0
2037	246	3.5	-21	0	0	27	0	0	0
2038	246	4	-21	23	0	26	0	0	0
2039	246	4.5	20	-23	0	25	0	0	0
2040	247	1	19	-23	0	26	0	0	0
2041	247	1.5	18	22	0	-26	0	0	0
2042	247	2	19	21	0	25	0	0	0
2043	247	2.5	-19	-21	0	24	0	0	0
2044	247	3	-19	-21	0	23	0	0	0
2046	247	4	18	20	0	24	0	0	0
2047	247	4.5	17	19	0	-24	0	0	0
2048	248	1	18	20	0	-24	0	0	0
2050	248	2	-18	-20	0	23	0	0	0
2051	248	2.5	-18	19	0	-23	0	0	0
2052	248	3	17	21	0	24	0	0	0
2054	248	4	-17	24	0	-24	0	0	0
2055	248	4.5	18	-24	0	-24	0	0	0
2056	249	1	19	-24	0	-24	0	0	0
2057	249	1.5	-19	23	0	-24	0	0	0
2058	249	2	20	22	0	-24	0	0	0
2062	249	4	19	21	0	-24	0	0	0
2064	250	1	20	-21	0	-24	0	0	0
2066	250	2	-20	20	0	-24	0	0	0
2068	250	3	17	21	0	-24	0	0	0
2072	251	1	0	0	0	0	0	0	0
2072	251	1	17	0	28	24	24	0	33
2076	251	2	19	0	28	21	-24	0	33
2080	252	1	18	0	27	22	25	0	34
2083	252	1.75	-18	0	-27	23	-25	0	-34
2084	252	2	17	0	26	24	26	0	35
2085	252	2.25	-17	0	-26	25	-26	0	-35
2086	252	2.5	-17	0	-26	26	-26	0	-35
2087	252	2.75	-17	0	-26	-26	25	0	-35
2088	253	1	19	0	-26	-26	23	0	-35
2089	253	1.25	-19	0	-26	25	-23	0	-35
2090	253	1.5	-19	0	27	24	24	0	34
2091	253	1.75	-19	0	28	-24	-24	0	33
2092	253	2	18	0	29	-24	25	0	34
2094	253	2.5	-18	0	25	23	-25	0	-34
2096	254	1	17	0	26	24	21	0	33
2098	254	1.5	-17	0	-26	26	-21	0	35
2099	254	1.75	-17	0	27	-26	-21	0	-35
2100	254	2	-17	0	28	-26	0	0	-35
2101	254	2.25	-17	0	-28	25	0	0	34
2102	254	2.5	-17	0	29	24	0	0	33
2104	255	1	0	0	30	23	0	0	32
2106	255	1.5	0	0	26	24	28	0	33
2108	255	2	24	0	-26	-24	-28	0	-33
2109	255	2.25	-24	0	27	-24	27	0	32
2110	255	2.5	-24	0	28	24	26	0	31
2111	255	2.75	-24	0	29	-24	-26	0	-31
2112	256	1	21	0	30	25	25	0	30
2114	256	1.5	24	0	31	24	26	0	26
2116	256	2	-24	0	28	-24	-26	0	33
2117	256	2.25	-24	0	-28	25	25	0	-33
2118	256	2.5	24	0	-28	26	24	0	-33
2119	256	2.75	-24	0	-28	27	-24	0	-33
2120	257	1	21	0	0	28	23	0	32
2122	257	1.5	-21	0	25	-28	-23	0	-32
2123	257	1.75	22	0	-25	27	-23	0	-32
2124	257	2	23	0	-25	25	-23	0	-32
2126	257	2.5	21	0	28	-25	-23	0	31
2127	257	2.75	-21	0	-28	-25	-23	0	30
2128	258	1	25	0	-28	0	0	0	29
2130	258	1.5	-25	0	27	0	0	0	-29
2132	258	2	21	0	28	25	0	0	28
2136	259	1	19	0	30	26	21	0	-28
2138	259	1.5	21	0	-30	-26	-21	0	-28
2139	259	1.75	-21	0	-30	-26	22	0	-28
2140	259	2	-21	0	28	-26	23	0	0
2142	259	2.5	20	0	-28	25	24	0	0
2143	259	2.75	19	0	-28	24	-24	0	0
2144	260	1	18	0	27	25	-24	0	32
2146	260	1.5	-18	0	-27	-25	23	0	-32
2148	260	2	17	0	26	28	24	0	33
2152	261	1	-17	0	24	26	-24	0	-33
2154	261	1.5	-17	0	26	28	23	0	32
2155	261	1.75	-17	0	-26	-28	22	0	31
2156	261	2	0	0	-26	-28	21	0	30
2158	261	2.5	0	0	25	27	22	0	31
2159	261	2.75	0	0	24	26	-22	0	-31
2160	262	1	18	0	23	25	23	0	32
2163	262	1.75	-18	0	22	-25	-23	0	-32
2164	262	2	17	0	24	26	0	0	28
2166	262	2.5	-17	0	28	-26	19	0	31
2167	262	2.75	18	0	-28	-26	-19	0	-31
2168	263	1	19	0	-28	-26	-19	0	30
2169	263	1.25	-19	0	27	-26	20	0	-30
2170	263	1.5	17	0	26	-26	21	0	31
2171	263	1.75	-17	0	-26	-26	22	0	-31
2172	263	2	21	0	25	0	23	0	32
2174	263	2.5	-21	0	-25	0	-23	0	35
2175	263	2.75	22	0	-25	0	24	0	-35
2176	264	1	23	0	0	0	25	0	34
2178	264	1.5	21	0	28	0	-25	0	35
2180	264	2	25	0	27	0	-25	0	36
2183	264	2.75	-25	0	28	0	-25	0	-36
2184	265	1	18	0	29	0	0	0	0
2186	265	1.5	-18	0	-29	0	25	0	0
2187	265	1.75	19	0	-29	0	-25	0	0
2188	265	2	20	0	-29	0	-25	0	36
2190	265	2.5	18	0	-29	0	24	0	-36
2191	265	2.75	-18	0	-29	0	23	0	-36
2192	266	1	22	0	-29	26	22	0	-36
2194	266	1.5	-22	0	-29	-26	25	0	35
2195	266	1.75	-22	0	-29	-26	-25	0	34
2196	266	2	-22	0	-29	26	-25	0	33
2198	266	2.5	-22	0	-29	26	24	0	-33
2200	267	1	18	0	0	27	25	0	0
2202	267	1.5	-18	0	0	-27	27	0	32
2204	267	2	-18	0	29	25	-27	0	-32
2206	267	2.5	-18	0	-29	27	26	0	31
2207	267	2.75	-18	0	-29	-27	25	0	30
2208	268	1	0	0	-29	-27	24	0	29
2209	268	1.25	0	0	-29	26	-24	0	-29
2210	268	1.5	0	0	-29	27	25	0	32
2212	268	2	22	0	29	26	26	0	-32
2214	268	2.5	-22	0	-29	-26	-26	0	31
2216	269	1	18	0	27	25	0	0	32
2218	269	1.5	-18	0	-27	-25	0	0	34
2219	269	1.75	-18	0	26	-25	0	0	-34
2219.5	269	1.875	-18	0	25	-25	0	0	-34
2220	269	2	22	0	24	26	0	0	-34
2221	269	2.25	-22	0	-24	-26	0	0	33
2222	269	2.5	-22	0	-24	-26	0	0	33
2224	270	1	0	0	0	27	0	0	-33
2226	270	1.5	18	0	25	-27	0	0	32
2228	270	2	22	0	26	26	0	0	31
2230	270	2.5	21	0	-26	28	0	0	30
2231	270	2.75	-21	0	27	-28	0	0	-30
2232	271	1	19	0	28	-28	0	0	-30
2233	271	1.25	-19	0	29	27	0	0	-30
2234	271	1.5	-19	0	30	26	0	0	29
2235	271	1.75	-19	0	-30	-26	0	0	28
2236	271	2	23	0	-30	-26	0	0	27
2238	271	2.5	-23	0	23	25	0	0	-27
2240	272	1	19	0	0	26	0	0	26
2242	272	1.5	-19	0	30	-26	26	0	-26
2246	272	2.5	-19	0	30	-26	26	0	-26
2248	273	1	-19	0	30	-26	26	0	0
2250	273	1.5	-19	0	30	-26	26	0	0
2252	273	2	0	0	28	0	26	0	0
2254	273	2.5	19	0	-28	0	-26	0	35
2258	274	1.5	19	0	-28	26	-26	0	35
2260	274	2	19	0	0	-26	0	0	35
2262	274	2.5	19	0	0	26	0	0	35
2264	275	1	19	0	28	26	26	0	35
2266	275	1.5	-19	0	-28	26	-26	0	-35
2268	275	2	-19	0	28	26	26	0	33
2270	275	2.5	-19	0	28	-26	26	0	35
2273	276	1.25	0	0	-28	-26	25	0	34
2274	276	1.5	0	0	24	-26	24	0	33
2276	276	2	0	0	25	0	-24	0	32
2278	276	2.5	0	0	-25	0	23	0	-32
2280	277	1	0	0	24	26	24	0	33
2283	277	1.75	0	0	-24	-26	23	0	-33
2284	277	2	19	0	-24	26	21	0	-33
2286	277	2.5	-19	0	-24	26	-21	0	32
2287	277	2.75	-19	0	-24	-26	-21	0	31
2288	278	1	19	0	0	-26	-21	0	30
2290	278	1.5	19	0	0	25	-21	0	-30
2291	278	1.75	-19	0	0	24	-21	0	-30
2292	278	2	-19	0	0	23	0	0	0
2294	278	2.5	17	0	0	24	0	0	0
2296	279	1	18	0	0	-24	0	0	32
2298	279	1.5	-18	0	0	23	0	0	-32
2300	279	2	17	0	26	24	24	0	33
2302	279	2.5	-17	0	-26	-24	-24	0	33
2303	279	2.75	-17	0	27	-24	23	0	-33
2304	280	1	-17	0	28	-24	21	0	-33
2306	280	1.5	-17	0	29	-24	24	0	31
2308	280	2	0	0	28	0	-24	0	32
2310	280	2.5	0	0	-28	0	23	0	32
2312	281	1	0	0	28	26	24	0	31
2314	281	1.5	24	0	-28	-26	-24	0	-31
2316	281	2	23	0	-28	25	0	0	32
2318	281	2.5	24	0	-28	24	0	0	33
2320	282	1	21	0	-28	-24	0	0	-33
2321	282	1.25	-21	0	-28	-24	0	0	31
2322	282	1.5	-21	0	-28	23	0	0	32
2324	282	2	17	0	-28	24	24	0	31
2326	282	2.5	-17	0	-28	28	-24	0	33
2327	282	2.75	19	0	-28	-28	-24	0	-33
2328	283	1	18	0	0	27	25	0	34
2330	283	1.5	17	0	0	26	26	0	35
2333	283	2.25	-17	0	0	-26	24	0	33
2334	283	2.5	16	0	0	25	25	0	34
2336	284	1	17	0	28	26	24	0	33
2338	284	1.5	-17	0	-28	-26	26	0	-33
2339	284	1.75	-17	0	-28	24	-26	0	-33
2340	284	2	0	0	27	25	27	0	32
2342	284	2.5	0	0	26	24	28	0	33
2345	285	1.25	0	0	-26	-24	26	0	31
2346	285	1.5	0	0	25	23	27	0	32
2348	285	2	17	0	26	24	26	0	31
2350	285	2.5	-17	0	-26	26	19	0	35
2352	286	1	18	0	0	25	20	0	34
2354	286	1.5	19	0	0	24	21	0	33
2357	286	2.25	17	0	0	-24	19	0	-33
2358	286	2.5	18	0	0	23	20	0	32
2360	287	1	17	0	28	24	19	0	33
2362	287	1.5	21	0	-28	23	23	0	32
2363	287	1.75	-21	0	27	-23	-23	0	-32
2364	287	2	22	0	26	24	22	0	31
2366	287	2.5	23	0	25	21	21	0	32
2368	288	1	-23	0	26	24	-21	0	-32
2369	288	1.25	21	0	-26	-24	19	0	28
2370	288	1.5	22	0	22	-24	20	0	31
2372	288	2	21	0	23	25	21	0	-31
2374	288	2.5	-21	0	21	-25	-21	0	30
2376	289	1	17	0	22	24	21	0	31
2380	289	2	-17	0	21	-24	-21	0	-31
*-	*-	*-	*-	*-	*-	*-	*-	*-	*-
