**absq	**bar	**beat	**b7	**b7	**b7	**b7
0	1	1	26	0	0	0
4	1	3	-26	0	26	0
7	1	4.5	-26	0	27	0
8	2	1	-26	0	28	0
10	2	2	-26	0	29	0
12	2	3	-26	0	30	0
14	2	4	-26	0	31	0
16	3	1	25	0	32	0
19	3	2.5	-25	0	31	0
20	3	3	-25	25	30	0
22	3	4	-25	-25	29	0
23	3	4.5	-25	26	-29	0
24	4	1	25	27	-29	0
25	4	1.5	-25	-27	28	0
26	4	2	-25	28	28	0
28	4	3	-25	29	27	0
30	4	4	-25	30	-27	0
32	5	1	26	31	26	0
36	5	3	-26	30	0	30
39	5	4.5	-26	-30	0	31
40	6	1	23	-30	0	32
42	6	2	-23	29	0	33
43	6	2.5	-23	28	0	-33
44	6	3	-23	27	0	34
46	6	4	-23	26	0	35
48	7	1	0	27	0	36
52	7	3	0	0	26	35
55	7	4.5	0	0	27	-35
56	8	1	0	0	28	-35
58	8	2	0	0	29	34
59	8	2.5	0	0	-29	33
60	8	3	0	0	30	32
63	8	4.5	0	0	31	-32
64	9	1	0	0	32	-32
67	9	2.5	0	0	31	-32
68	9	3	0	0	30	-32
70	9	4	0	0	29	-32
72	10	1	0	0	28	-32
74	10	2	0	0	27	-32
76	10	3	19	26	26	33
79	10	4.5	20	-26	-26	-33
80	11	1	21	26	0	0
82	11	2	22	-26	0	0
84	11	3	23	25	0	0
87	11	4.5	24	-25	0	0
88	12	1	25	-25	0	0
91	12	2.5	24	-25	0	0
92	12	3	23	-25	0	0
94	12	4	22	-25	0	0
96	13	1	21	26	0	30
98	13	2	19	-26	30	-30
99	13	2.5	-19	-26	-30	31
100	13	3	23	23	-30	32
102	13	4	-23	-23	29	33
103	13	4.5	-23	-23	28	-33
104	14	1	22	0	28	34
106	14	2	21	0	26	35
108	14	3	20	0	-26	36
110	14	4	-20	0	25	-36
112	15	1	19	0	26	35
116	15	3	0	25	23	34
119	15	4.5	0	26	-23	35
120	16	1	0	27	0	36
122	16	2	0	28	0	35
124	16	3	0	29	0	33
126	16	4	0	30	0	-33
128	17	1	0	31	26	33
130	17	2	0	-31	-26	36
131	17	2.5	0	-31	27	-36
132	17	3	19	30	28	35
134	17	4	-19	-30	29	34
135	17	4.5	20	-30	-29	-34
136	18	1	21	-30	30	-34
138	18	2	22	29	31	33
139	18	2.5	-22	28	-31	-33
140	18	3	23	27	30	-33
142	18	4	-23	-27	-30	32
144	19	1	19	26	-30	33
148	19	3	0	-26	26	-33
151	19	4.5	0	-26	27	-33
152	20	1	19	-26	28	33
154	20	2	-19	-26	29	-33
155	20	2.5	20	-26	-29	-33
156	20	3	21	-26	30	-33
158	20	4	22	-26	31	-33
160	21	1	23	0	32	32
162	21	2	24	0	-32	-32
163	21	2.5	-24	0	31	-32
164	21	3	25	0	29	-32
170	22	2	24	0	-29	-32
172	22	3	23	0	30	-32
174	22	4	22	0	-30	-32
176	23	1	21	26	0	33
178	23	2	20	-26	0	-33
180	23	3	19	-26	26	-33
183	23	4.5	-19	-26	27	-33
184	24	1	-19	26	28	-33
186	24	2	-19	-26	29	-33
188	24	3	19	26	30	-33
190	24	4	-19	-26	31	-33
192	25	1	23	25	32	34
194	25	2	-23	23	-32	-34
195	25	2.5	-23	-23	31	-34
196	25	3	-23	25	30	-34
197	25	3.5	-23	-25	29	-34
198	25	4	-23	-25	30	-34
199	25	4.5	-23	26	-30	-34
200	26	1	0	27	-30	-34
202	26	2	0	28	29	-34
203	26	2.5	0	-28	28	-34
204	26	3	0	29	27	-34
206	26	4	0	30	-27	-34
208	27	1	26	31	0	33
212	27	3	26	30	26	-33
215	27	4.5	-26	-30	27	-33
216	28	1	26	-30	28	-33
218	28	2	-26	29	29	-33
220	28	3	-26	28	30	-33
222	28	4	-26	-28	31	-33
224	29	1	23	27	32	32
226	29	2	-23	-27	30	-32
227	29	2.5	-23	-27	-30	33
228	29	3	25	-27	-30	34
229	29	3.5	-25	-27	-30	35
230	29	4	-25	-27	29	36
232	30	1	24	0	-29	-36
233	30	1.5	-24	0	30	-36
234	30	2	-24	26	31	35
236	30	3	23	27	32	-35
238	30	4	-23	28	30	34
240	31	1	22	29	31	-34
242	31	2	-22	-29	31	33
244	31	3	23	27	30	-33
246	31	4	-23	-27	-30	32
248	32	1	19	26	0	33
250	32	2	-19	-26	31	-33
254	32	4	-19	-26	30	32
255	32	4.5	-19	-26	29	31
256	33	1	-19	-26	28	30
258	33	2	-19	-26	-28	26
259	33	2.5	-19	-26	29	-26
260	33	3	-19	-26	30	0
262	33	4	-19	-26	-30	35
264	34	1	0	26	26	-35
265	34	1.5	0	-26	-26	34
266	34	2	0	-26	-26	33
267	34	2.5	0	-26	-26	32
268	34	3	0	26	0	31
272	35	1	0	26	0	30
278	35	4	24	-26	0	33
281	36	1.5	23	0	0	32
282	36	2	22	0	0	31
283	36	2.5	21	0	0	30
284	36	3	20	0	25	29
288	37	1	19	0	26	28
292	37	3	-19	0	30	0
294	37	4	-19	0	-30	35
297	38	1.5	0	0	-30	34
298	38	2	0	0	-30	32
300	38	3	0	0	29	33
302	38	4	0	0	-29	34
304	39	1	0	0	28	30
306	39	2	24	0	-28	33
309	39	3.5	23	0	-28	32
310	39	4	21	0	-28	30
312	40	1	22	0	27	31
314	40	2	23	0	-27	32
316	40	3	19	0	26	28
318	40	4	26	0	28	-28
321	41	1.5	25	0	27	0
322	41	2	23	0	25	0
324	41	3	24	0	26	0
326	41	4	25	0	27	0
328	42	1	21	26	23	0
330	42	2	24	-26	28	0
332	42	3	-24	-26	29	0
333	42	3.5	23	-26	-29	0
334	42	4	22	-26	31	0
335	42	4.5	21	-26	-31	0
336	43	1	22	-26	-31	0
337	43	1.5	21	-26	30	0
338	43	2	20	-26	29	0
339	43	2.5	19	-26	28	0
340	43	3	20	25	29	0
344	44	1	19	26	28	0
347	44	2.5	-19	-26	29	0
348	44	3	-19	28	30	0
350	44	4	-19	-28	31	0
351	44	4.5	-19	27	-31	0
352	45	1	0	26	-31	0
353	45	1.5	0	-26	30	0
354	45	2	0	25	30	0
356	45	3	22	24	-30	0
358	45	4	-22	-24	29	0
360	46	1	21	23	30	0
364	46	3	21	-23	-30	0
368	47	1	22	0	0	33
372	47	3	24	26	0	-33
375	47	4.5	23	25	0	-33
376	48	1	22	24	0	-33
378	48	2	21	23	0	-33
380	48	3	20	22	0	32
384	49	1	19	23	30	33
388	49	3	-19	0	-30	35
390	49	4	-19	26	-30	-35
391	49	4.5	-19	-26	-30	34
392	50	1	0	26	30	33
394	50	2	0	-26	-30	32
396	50	3	0	27	29	31
400	51	1	0	28	30	30
404	51	3	0	-28	32	-30
407	51	4.5	0	-28	31	-30
408	52	1	23	25	30	-30
410	52	2	-23	-25	29	-30
412	52	3	-23	-25	28	-30
416	53	1	23	23	27	-30
424	54	1	0	0	0	0
424	54	1	0	0	26	33
428	54	3	0	0	26	-33
430	54	4	0	0	28	-33
432	55	1	0	26	-28	-33
434	55	2	0	-26	27	-33
435	55	2.5	0	-26	26	-33
436	55	3	0	26	28	-33
438	55	4	0	28	-28	-33
439	55	4.5	0	-28	29	-33
440	56	1	19	-28	30	-33
442	56	2	-19	27	-30	-33
443	56	2.5	-19	26	-30	-33
444	56	3	19	28	26	-33
446	56	4	21	-28	-26	-33
447	56	4.5	-21	29	-26	-33
448	57	1	-21	30	0	-33
450	57	2	20	-30	28	-33
451	57	2.5	19	-30	-28	-33
452	57	3	21	23	-28	-33
454	57	4	-21	-23	27	-33
455	57	4.5	22	-23	26	-33
456	58	1	23	0	28	32
458	58	2	-23	28	-28	-32
459	58	2.5	-23	-28	29	-32
460	58	3	-23	-28	30	-32
462	58	4	-23	27	-30	-32
463	58	4.5	-23	26	-30	-32
464	59	1	23	28	23	-32
467	59	2.5	-23	29	-23	-32
468	59	3	-23	30	0	-32
472	60	1	0	26	30	33
476	60	3	22	-26	31	-33
480	61	1	22	-26	-31	33
482	61	2	24	-26	30	-33
483	61	2.5	-24	-26	29	-33
484	61	3	-24	-26	28	-33
486	61	4	23	-26	-28	-33
487	61	4.5	22	-26	29	-33
488	62	1	24	0	26	-33
491	62	2.5	25	0	-26	-33
492	62	3	26	0	0	-33
494	62	4	-26	0	31	-33
496	63	1	22	0	-31	33
498	63	2	-22	26	30	-33
499	63	2.5	-22	-26	29	-33
500	63	3	0	-26	28	-33
502	63	4	0	25	-28	-33
503	63	4.5	0	24	29	-33
504	64	1	0	26	26	-33
507	64	2.5	0	27	-26	-33
508	64	3	0	28	0	-33
510	64	4	24	-28	0	-33
512	65	1	-24	24	0	33
514	65	2	23	-24	31	-33
515	65	2.5	22	-24	-31	-33
516	65	3	24	0	-31	-33
518	65	4	-24	28	30	-33
519	65	4.5	25	-28	29	-33
520	66	1	26	-28	28	33
522	66	2	-26	27	-28	-33
523	66	2.5	-26	26	29	-33
524	66	3	19	28	30	-33
527	66	4.5	-19	29	-30	-33
528	67	1	0	30	26	-33
531	67	2.5	0	-30	27	-33
532	67	3	0	26	28	-33
534	67	4	26	-26	-28	-33
536	68	1	-26	0	24	33
538	68	2	25	0	-24	-33
539	68	2.5	24	0	-24	-33
540	68	3	26	0	-24	-33
543	68	4.5	27	0	-24	-33
544	69	1	28	26	0	33
547	69	2.5	-28	27	0	-33
548	69	3	24	28	31	-33
551	69	4.5	25	-28	-31	-33
552	70	1	26	28	30	-33
554	70	2	-26	-28	28	-33
556	70	3	22	26	29	-33
558	70	4	-22	-26	31	-33
559	70	4.5	-22	27	-31	-33
560	71	1	26	28	30	-33
562	71	2	-26	-28	28	-33
564	71	3	22	24	29	-33
566	71	4	-22	-24	31	-33
568	72	1	26	0	30	0
570	72	2	-26	26	28	0
572	72	3	22	27	29	0
574	72	4	26	28	31	0
577	73	1.5	25	27	30	0
578	73	2	24	26	30	0
579	73	2.5	23	25	-30	0
580	73	3	24	26	-30	0
582	73	4	-24	-26	29	0
584	74	1	23	27	30	32
590	74	4	-23	-27	-30	33
592	75	1	-23	0	-30	34
594	75	2	-23	0	-30	30
596	75	3	-23	25	-30	34
602	76	2	-23	-25	-30	32
605	76	3.5	-23	-25	-30	33
606	76	4	-23	-25	-30	34
608	77	1	0	26	28	35
611	77	2.5	0	-26	29	-35
612	77	3	0	-26	30	-35
614	77	4	0	-26	31	33
617	78	1.5	0	-26	-31	34
618	78	2	0	-26	30	35
620	78	3	0	27	29	36
623	78	4.5	0	-27	30	-36
624	79	1	0	-27	31	-36
626	79	2	0	-27	32	34
629	79	3.5	0	-27	31	35
630	79	4	0	-27	29	36
632	80	1	23	28	30	32
634	80	2	-23	27	-30	-32
638	80	4	21	30	-30	-32
641	81	1.5	22	29	0	-32
642	81	2	23	28	0	-32
643	81	2.5	-23	27	0	-32
644	81	3	24	26	0	33
646	81	4	-24	-26	28	-33
647	81	4.5	-24	27	-28	-33
648	82	1	-24	28	-28	-33
650	82	2	22	29	31	-33
653	82	3.5	23	28	30	-33
654	82	4	24	27	29	-33
655	82	4.5	-24	26	28	-33
656	83	1	25	25	27	34
659	83	2.5	-25	-25	28	-34
660	83	3	-25	27	29	-34
662	83	4	23	-27	30	-34
664	84	1	-23	-27	23	-34
665	84	1.5	24	-27	-23	-34
666	84	2	25	-27	30	-34
668	84	3	26	28	-30	33
672	85	1	22	29	31	-33
680	86	1	23	27	30	32
690	87	2	0	25	32	-32
692	87	3	0	25	30	-32
694	87	4	23	25	32	-32
696	88	1	23	27	-32	-32
697	88	1.5	-23	-27	31	-32
698	88	2	23	-27	30	-32
699	88	2.5	-23	-27	29	-32
700	88	3	25	0	30	-32
702	88	4	-25	25	29	-32
704	89	1	0	25	30	-32
706	89	2	23	25	32	-32
708	89	3	23	27	30	-32
710	89	4	23	-27	32	-32
712	90	1	25	0	-32	-32
713	90	1.5	-25	0	31	-32
714	90	2	-25	23	30	-32
715	90	2.5	-25	-23	29	-32
716	90	3	0	23	30	-32
718	90	4	21	23	-30	-32
720	91	1	21	30	-30	-32
722	91	2	21	29	-30	-32
723	91	2.5	-21	28	-30	-32
724	91	3	23	27	30	-32
728	92	1	0	26	0	33
730	92	2	19	-26	30	-33
732	92	3	21	-26	30	-33
734	92	4	22	-26	29	-33
736	93	1	19	0	30	0
738	93	2	23	0	32	0
740	93	3	25	0	-32	0
741	93	3.5	-25	0	31	0
742	93	4	26	0	30	0
744	94	1	23	0	-30	0
746	94	2	19	26	29	0
747	94	2.5	-19	-26	28	0
748	94	3	23	25	27	0
750	94	4	-23	25	-27	0
752	95	1	0	26	0	0
754	95	2	0	28	30	0
758	95	4	0	25	29	0
760	96	1	0	-25	27	0
762	96	2	0	23	30	0
764	96	3	0	24	-30	0
766	96	4	22	-24	29	0
768	97	1	21	23	30	0
770	97	2	21	-23	-30	0
772	97	3	22	0	26	0
774	97	4	24	0	-26	0
777	98	1.5	23	0	-26	0
778	98	2	22	0	-26	0
779	98	2.5	21	0	-26	0
780	98	3	20	0	25	0
784	99	1	19	0	26	0
786	99	2	-19	0	28	33
788	99	3	0	0	-28	33
790	99	4	0	0	27	32
792	100	1	0	0	26	33
794	100	2	0	0	-26	35
795	100	2.5	0	0	27	-35
796	100	3	0	0	28	-35
797	100	3.5	0	0	29	34
798	100	4	0	0	30	33
799	100	4.5	0	0	-30	32
800	101	1	0	0	-30	31
802	101	2	0	0	29	-31
804	101	3	0	0	30	30
806	101	4	26	0	-30	35
808	102	1	26	0	-30	-35
810	102	2	25	0	-30	34
812	102	3	26	0	-30	35
814	102	4	28	0	-30	32
816	103	1	-28	0	-30	35
817	103	1.5	27	0	-30	-35
818	103	2	26	0	-30	-35
819	103	2.5	25	0	-30	34
820	103	3	24	22	29	33
824	104	1	23	25	30	32
827	104	2.5	-23	26	-30	-32
828	104	3	-23	27	-30	-32
830	104	4	-23	28	-30	-32
834	105	2	-23	27	-30	-32
836	105	3	-23	28	-30	-32
844	106	3	-23	27	-30	-32
848	107	1	0	0	0	0
848	107	1	0	26	0	0
852	107	3	0	26	0	0
856	108	1	0	25	30	0
860	108	3	0	26	30	0
862	108	4	0	28	-30	0
864	109	1	0	-28	29	0
866	109	2	0	27	-29	0
868	109	3	0	26	30	0
870	109	4	0	25	32	0
872	110	1	0	26	-32	0
874	110	2	0	-26	31	0
876	110	3	0	25	30	0
878	110	4	0	-25	29	0
880	111	1	0	0	30	33
882	111	2	0	28	26	-33
884	111	3	0	-28	30	-33
886	111	4	0	27	-30	-33
887	111	4.5	0	26	29	-33
887.5	111	4.75	0	-26	28	-33
888	112	1	0	28	30	32
890	112	2	0	27	29	-32
892	112	3	0	26	28	33
894	112	4	0	-26	-28	35
895	112	4.5	0	27	29	-35
896	113	1	0	28	30	-35
898	113	2	0	29	31	34
900	113	3	0	-29	-31	33
901	113	3.5	0	-29	29	-33
902	113	4	0	27	32	32
904	114	1	0	28	-32	33
906	114	2	0	29	31	-33
908	114	3	0	30	32	32
910	114	4	0	-30	30	-32
912	115	1	0	26	-30	0
914	115	2	0	-26	31	0
916	115	3	0	25	-31	0
917	115	3.5	0	-25	30	0
918	115	4	0	23	30	35
920	116	1	0	24	-30	-35
922	116	2	0	-24	29	34
923	116	2.5	0	-24	-29	33
924	116	3	0	23	30	35
926	116	4	0	-23	-30	34
928	117	1	0	0	0	30
930	117	2	0	0	30	34
932	117	3	0	0	-30	35
934	117	4	0	0	31	33
936	118	1	0	0	29	34
938	118	2	0	23	30	32
940	118	3	0	24	28	33
942	118	4	0	22	29	-33
944	119	1	0	23	27	32
946	119	2	0	25	-27	-32
947	119	2.5	0	-25	-27	33
947.5	119	2.75	0	-25	-27	34
948	119	3	0	24	26	35
950	119	4	0	-24	31	33
952	120	1	0	0	29	34
954	120	2	0	23	30	32
956	120	3	0	24	28	33
958	120	4	0	22	29	-33
960	121	1	0	23	27	32
962	121	2	0	25	30	-32
964	121	3	0	24	-30	0
966	121	4	0	-24	29	0
968	122	1	0	23	30	32
972	122	3	0	0	27	32
974	122	4	0	0	-27	32
976	123	1	0	23	27	32
978	123	2	0	-23	27	-32
980	123	3	0	23	28	0
982	123	4	0	23	27	32
984	124	1	0	23	30	-32
987	124	2.5	0	-23	29	-32
988	124	3	0	0	28	33
990	124	4	0	23	27	34
992	125	1	0	-23	30	32
995	125	2.5	0	-23	29	-32
996	125	3	0	24	28	0
998	125	4	0	25	27	32
1000	126	1	0	23	0	-32
1002	126	2	0	-23	27	-32
1004	126	3	0	0	28	33
1006	126	4	0	23	27	34
1008	127	1	0	-23	30	-34
1010	127	2	0	-23	-30	32
1011	127	2.5	0	-23	29	-32
1012	127	3	0	24	28	33
1014	127	4	0	25	27	34
1016	128	1	0	-25	30	32
1018	128	2	0	23	-30	-32
1019	128	2.5	0	-23	29	-32
1020	128	3	0	24	28	0
1022	128	4	0	25	27	32
1024	129	1	0	23	32	-32
1025	129	1.5	0	-23	-32	33
1026	129	2	0	-23	-32	34
1027	129	2.5	0	-23	31	-34
1028	129	3	0	0	30	-34
1029	129	3.5	0	0	-30	35
1030	129	4	0	0	29	36
1032	130	1	0	0	28	32
1034	130	2	0	23	27	-32
1036	130	3	0	24	26	35
1038	130	4	0	25	30	34
1040	131	1	0	26	-30	-34
1041	131	1.5	0	-26	29	33
1042	131	2	0	-26	28	33
1043	131	2.5	0	-26	27	-33
1043.5	131	2.75	0	-26	26	-33
1044	131	3	0	23	27	-33
1046	131	4	0	-23	-27	32
1048	132	1	0	0	26	33
1050	132	2	0	26	-26	-33
1053	132	3.5	0	27	0	-33
1054	132	4	0	28	0	-33
1055	132	4.5	0	29	0	-33
1056	133	1	0	30	0	0
1058	133	2	0	-30	28	0
1059	133	2.5	0	29	-28	0
1060	133	3	0	28	-28	0
1061	133	3.5	0	27	29	0
1062	133	4	0	26	30	0
1063	133	4.5	0	-26	31	0
1064	134	1	0	25	32	0
1066	134	2	0	28	-32	0
1067	134	2.5	0	-28	31	0
1068	134	3	0	-28	30	0
1070	134	4	0	27	29	0
1074	135	2	0	26	28	0
1076	135	3	0	-26	27	0
1078	135	4	0	25	-27	0
1080	136	1	0	26	26	33
1082	136	2	0	-26	31	-33
1084	136	3	0	-26	30	-33
1086	136	4	0	-26	28	-33
1088	137	1	0	0	29	33
1090	137	2	0	31	-29	-33
1092	137	3	0	30	26	-33
1094	137	4	0	28	-26	-33
1096	138	1	0	29	0	33
1098	138	2	0	-29	31	-33
1100	138	3	0	26	30	-33
1102	138	4	0	-26	28	-33
1104	139	1	0	0	29	0
1106	139	2	0	25	-29	0
1108	139	3	0	24	26	0
1110	139	4	0	22	29	0
1112	140	1	0	23	-29	0
1114	140	2	0	-23	28	0
1116	140	3	0	22	29	0
1120	141	1	0	19	0	33
1122	141	2	0	-19	28	-33
1124	141	3	0	0	29	-33
1126	141	4	0	21	30	-33
1128	142	1	0	22	31	-33
1130	142	2	0	23	-31	-33
1131	142	2.5	0	-23	30	-33
1131.5	142	2.75	0	-23	29	-33
1132	142	3	0	24	28	-33
1134	142	4	0	23	29	-33
1135	142	4.5	0	22	-29	-33
1136	143	1	0	21	30	33
1138	143	2	0	22	26	-33
1140	143	3	0	19	33	-33
1142	143	4	0	26	-33	-33
1143	143	4.5	0	-26	32	-33
1144	144	1	0	-26	31	-33
1146	144	2	0	25	30	-33
1148	144	3	0	24	-30	-33
1150	144	4	0	-24	29	-33
1152	145	1	0	23	30	32
1158	145	4	0	23	-30	32
1160	146	1	0	24	0	33
1162	146	2	0	25	0	34
1164	146	3	0	26	30	35
1166	146	4	0	-26	-30	34
1167	146	4.5	0	-26	-30	33
1168	147	1	0	23	-30	32
1170	147	2	0	-23	29	-32
1171	147	2.5	0	-23	28	-32
1172	147	3	0	0	27	0
1174	147	4	0	23	30	32
1176	148	1	0	24	-30	33
1177	148	1.5	0	-24	29	-33
1178	148	2	0	25	27	34
1180	148	3	0	26	26	35
1182	148	4	0	-26	27	36
1183	148	4.5	0	25	-27	-36
1183.5	148	4.75	0	24	-27	-36
1184	149	1	0	23	28	32
1186	149	2	0	-23	27	-32
1187	149	2.5	0	-23	-27	33
1188	149	3	0	0	-27	34
1190	149	4	0	23	30	35
1192	150	1	0	24	-30	-35
1193	150	1.5	0	-24	-30	34
1194	150	2	0	25	29	34
1196	150	3	0	26	28	-34
1198	150	4	0	-26	-28	33
1200	151	1	0	23	27	34
1202	151	2	0	28	30	32
1204	151	3	0	-28	-30	33
1206	151	4	0	27	29	34
1208	152	1	0	26	28	30
1210	152	2	0	25	27	-30
1212	152	3	0	26	28	-30
1216	153	1	0	23	27	0
1218	153	2	0	26	0	35
1222	153	4	0	25	0	34
1224	154	1	0	24	0	33
1226	154	2	0	23	32	32
1228	154	3	0	22	-32	33
1230	154	4	0	22	31	-33
1232	155	1	0	0	30	32
1234	155	2	0	25	29	-32
1236	155	3	0	-25	30	0
1238	155	4	0	24	26	0
1240	156	1	0	23	28	0
1242	156	2	0	22	29	33
1244	156	3	0	23	27	-33
1246	156	4	0	23	-27	32
1248	157	1	0	0	0	31
1250	157	2	0	26	30	30
1252	157	3	0	-26	-30	31
1254	157	4	0	27	29	-31
1256	158	1	0	28	28	30
1258	158	2	0	25	27	-30
1260	158	3	0	26	28	-30
1264	159	1	0	23	27	-30
1272	160	1	0	0	0	0
1272	160	1	22	26	0	0
1276	160	3	22	-26	0	0
1278	160	4	24	-26	0	0
1281	161	1.5	23	-26	0	0
1282	161	2	22	-26	0	0
1284	161	3	-22	-26	0	33
1286	161	4	21	-26	0	-33
1287	161	4.5	20	-26	0	-33
1288	162	1	19	-26	0	33
1290	162	2	-19	-26	0	35
1293	162	3.5	-19	-26	0	34
1294	162	4	-19	-26	0	33
1298	163	2	19	-26	0	32
1299	163	2.5	-19	-26	0	31
1300	163	3	19	-26	30	30
1302	163	4	19	-26	-30	-30
1304	164	1	21	25	30	0
1306	164	2	-21	-25	32	30
1307	164	2.5	22	-25	-32	-30
1308	164	3	23	-25	-32	30
1309	164	3.5	-23	-25	31	-30
1310	164	4	-23	-25	30	30
1312	165	1	0	-25	-30	32
1314	165	2	23	-25	29	-32
1315	165	2.5	-23	-25	28	33
1316	165	3	23	-25	27	34
1318	165	4	23	-25	-27	-34
1320	166	1	25	-25	0	0
1322	166	2	-25	-25	27	32
1323	166	2.5	26	-25	-27	-32
1324	166	3	27	-25	27	32
1326	166	4	23	-25	27	32
1328	167	1	-23	-25	27	34
1330	167	2	22	-25	-27	-34
1331	167	2.5	21	-25	-27	35
1332	167	3	20	-25	27	36
1336	168	1	19	26	0	35
1338	168	2	-19	-26	28	-35
1340	168	3	-19	-26	26	0
1342	168	4	-19	-26	28	35
1344	169	1	0	-26	-28	33
1345	169	1.5	0	-26	29	-33
1346	169	2	0	-26	30	35
1348	169	3	0	-26	26	-35
1349	169	3.5	0	-26	-26	36
1350	169	4	26	-26	-26	37
1352	170	1	24	26	0	33
1354	170	2	26	-26	0	-33
1356	170	3	-26	26	0	0
1357	170	3.5	27	-26	0	0
1358	170	4	28	-26	30	0
1360	171	1	24	26	31	0
1362	171	2	-24	-26	31	33
1364	171	3	-24	-26	-31	31
1366	171	4	-24	-26	30	33
1367	171	4.5	-24	-26	29	-33
1368	172	1	0	-26	28	-33
1369	172	1.5	0	-26	-28	34
1370	172	2	24	-26	-28	35
1372	172	3	22	-26	0	31
1374	172	4	24	-26	31	-31
1376	173	1	-24	-26	29	0
1377	173	1.5	25	-26	-29	0
1378	173	2	26	-26	31	33
1380	173	3	22	-26	-31	-33
1381	173	3.5	-22	-26	32	32
1382	173	4	-22	-26	33	31
1384	174	1	-22	0	29	-31
1386	174	2	-22	0	-29	30
1387	174	2.5	-22	0	-29	29
1388	174	3	19	0	30	28
1390	174	4	-19	0	31	29
1392	175	1	-19	0	28	30
1395	175	2.5	-19	0	29	-30
1396	175	3	-19	0	30	0
1398	175	4	-19	0	-30	35
1400	176	1	19	26	28	-35
1401	176	1.5	-19	-26	-28	34
1402	176	2	-19	-26	-28	33
1403	176	2.5	-19	-26	29	-33
1404	176	3	-19	-26	30	-33
1406	176	4	-19	-26	31	32
1407	176	4.5	-19	-26	-31	31
1408	177	1	0	25	32	30
1411	177	2.5	0	-25	-32	31
1412	177	3	23	-25	30	32
1416	178	1	-23	25	-30	32
1424	179	1	23	27	-30	-32
1432	180	1	-23	27	-30	-32
1436	180	3	-23	-27	30	-32
1440	181	1	24	26	28	33
1444	181	3	-24	-26	29	-33
1448	182	1	23	27	30	32
1450	182	2	-23	-27	-30	34
1452	182	3	25	-27	29	-34
1453	182	3.5	-25	-27	-29	35
1454	182	4	-25	-27	-29	36
1456	183	1	22	-27	31	-36
1457	183	1.5	-22	-27	-31	35
1458	183	2	-22	-27	-31	34
1459	183	2.5	-22	-27	-31	33
1460	183	3	23	-27	30	32
1463	183	4.5	-23	-27	-30	31
1464	184	1	19	26	0	33
1468	184	3	22	0	31	-33
1472	185	1	22	26	31	0
1474	185	2	22	-26	31	0
1476	185	3	21	26	30	0
1478	185	4	-21	26	-30	0
1480	186	1	0	25	0	0
1482	186	2	21	-25	30	0
1486	186	4	22	25	29	0
1487	186	4.5	-22	-25	28	0
1488	187	1	23	-25	27	0
1490	187	2	19	26	28	0
1492	187	3	23	27	25	0
1494	187	4	-23	23	-25	0
1496	188	1	-23	27	30	0
1498	188	2	-23	-27	-30	32
1500	188	3	23	28	-30	-32
1502	188	4	-23	-28	-30	33
1504	189	1	23	27	30	34
1506	189	2	-23	-27	-30	30
1508	189	3	-23	-27	30	34
1512	190	1	19	0	28	35
1515	190	2.5	-19	0	27	-35
1515.5	190	2.75	-19	0	26	-35
1516	190	3	0	0	25	34
1518	190	4	21	0	26	30
1520	191	1	-21	0	23	-30
1522	191	2	22	0	27	31
1524	191	3	23	0	-27	32
1526	191	4	19	0	28	33
1528	192	1	23	0	-28	32
1530	192	2	-23	0	27	30
1532	192	3	24	0	-27	-30
1533	192	3.5	-24	0	25	-30
1534	192	4	-24	0	26	29
1536	193	1	23	0	27	30
1540	193	3	0	27	-27	0
1542	193	4	25	-27	25	34
1544	194	1	-25	-27	25	-34
1546	194	2	23	-27	-25	32
1548	194	3	21	28	0	-32
1550	194	4	24	-28	0	33
1552	195	1	22	29	0	-33
1554	195	2	25	-29	0	34
1556	195	3	-25	27	0	-34
1558	195	4	23	-27	32	32
1560	196	1	21	28	30	-32
1562	196	2	24	-28	31	33
1564	196	3	22	29	-31	-33
1565	196	3.5	-22	-29	30	-33
1566	196	4	25	-29	29	34
1567	196	4.5	-25	-29	28	-34
1568	197	1	-25	25	29	-34
1570	197	2	23	-25	30	35
1572	197	3	24	26	-30	-35
1574	197	4	-24	-26	29	34
1575	197	4.5	-24	-26	-29	33
1576	198	1	23	27	30	32
1580	198	3	-23	28	-30	-32
1584	199	1	0	27	0	0
1586	199	2	26	26	0	0
1588	199	3	27	27	0	0
1590	199	4	25	-27	0	0
1592	200	1	26	0	0	0
1594	200	2	24	26	0	33
1596	200	3	23	26	0	34
1598	200	4	-23	25	0	-34
1600	201	1	0	26	0	35
1602	201	2	0	-26	30	-35
1604	201	3	0	25	-30	0
1606	201	4	0	-25	29	0
1608	202	1	0	23	30	0
1610	202	2	0	26	28	35
1612	202	3	0	27	27	36
1614	202	4	0	25	30	34
1616	203	1	0	26	-30	35
1618	203	2	0	24	29	33
1620	203	3	0	23	30	32
1624	204	1	0	0	0	0
1626	204	2	22	0	26	31
1628	204	3	23	0	25	32
1630	204	4	21	0	26	30
1632	205	1	22	0	24	31
1634	205	2	20	0	25	29
1636	205	3	19	0	26	28
1638	205	4	22	26	-26	31
1640	206	1	-22	27	0	-31
1641	206	1.5	-22	-27	0	30
1642	206	2	21	25	0	30
1644	206	3	19	26	0	-30
1646	206	4	20	24	29	29
1648	207	1	21	23	28	30
1651	207	2.5	22	-23	27	-30
1651.5	207	2.75	-22	-23	26	-30
1652	207	3	23	-23	25	-30
1654	207	4	24	-23	26	-30
1656	208	1	25	-23	27	-30
1660	208	3	21	-23	28	-30
1664	209	1	23	-23	27	-30
1672	210	1	0	0	0	0
1672	210	1	0	26	0	0
1676	210	3	0	25	0	0
1678	210	4	0	26	0	0
1680	211	1	22	-26	0	0
1682	211	2	-22	25	0	0
1683	211	2.5	-22	24	0	0
1684	211	3	21	23	0	0
1686	211	4	22	22	0	0
1688	212	1	-22	24	0	0
1690	212	2	21	25	0	0
1691	212	2.5	20	-25	0	0
1692	212	3	19	26	0	0
1696	213	1	0	23	30	0
1698	213	2	26	28	-30	0
1700	213	3	25	27	-30	0
1701	213	3.5	-25	26	-30	0
1702	213	4	26	28	-30	0
1706	214	2	25	27	-30	0
1707	214	2.5	24	26	-30	0
1708	214	3	23	25	-30	0
1710	214	4	19	26	-30	0
1712	215	1	28	0	-30	0
1714	215	2	-28	26	-30	0
1716	215	3	27	25	-30	0
1718	215	4	28	26	-30	0
1722	216	2	27	25	-30	0
1723	216	2.5	26	24	-30	0
1724	216	3	25	23	-30	0
1726	216	4	21	-23	-30	0
1728	217	1	25	27	29	0
1731	217	2.5	-25	28	-29	0
1732	217	3	0	29	-29	0
1734	217	4	25	-29	-29	0
1736	218	1	-25	27	-29	0
1737	218	1.5	26	-27	-29	0
1738	218	2	27	-27	-29	0
1740	218	3	25	0	-29	0
1742	218	4	-25	27	-29	0
1745	219	1.5	0	28	-29	0
1746	219	2	25	29	-29	0
1748	219	3	-25	27	-29	0
1749	219	3.5	26	-27	-29	0
1750	219	4	27	25	-29	0
1752	220	1	25	0	30	0
1754	220	2	23	25	-30	0
1757	220	3.5	0	26	-30	0
1758	220	4	23	27	-30	0
1760	221	1	-23	25	30	0
1761	221	1.5	24	-25	-30	0
1762	221	2	25	-25	-30	0
1764	221	3	23	0	-30	0
1766	221	4	21	25	-30	0
1769	222	1.5	0	26	-30	0
1770	222	2	23	27	-30	0
1772	222	3	-23	25	-30	0
1773	222	3.5	24	-25	-30	0
1774	222	4	25	23	-30	0
1776	223	1	21	0	30	0
1778	223	2	-21	23	-30	0
1780	223	3	0	-23	30	0
1781	223	3.5	0	24	-30	0
1782	223	4	21	25	-30	0
1784	224	1	-21	23	30	0
1785	224	1.5	22	-23	-30	0
1786	224	2	23	-23	-30	0
1788	224	3	21	0	-30	0
1790	224	4	19	23	-30	0
1793	225	1.5	0	24	-30	0
1794	225	2	21	25	-30	0
1796	225	3	-21	23	-30	0
1797	225	3.5	22	21	-30	0
1798	225	4	23	28	-30	0
1800	226	1	19	-28	0	0
1801	226	1.5	-19	27	0	0
1802	226	2	21	26	0	0
1804	226	3	20	-26	0	0
1806	226	4	-20	25	0	0
1808	227	1	19	26	30	0
1816	228	1	0	26	-30	0
1820	228	3	19	-26	-30	0
1824	229	1	23	25	-30	0
1832	230	1	25	27	29	0
1840	231	1	-25	-27	29	0
1848	232	1	22	26	31	0
1854	232	4	-22	27	-31	0
1855	232	4.5	-22	28	-31	0
1856	233	1	-22	29	31	0
1860	233	3	-22	29	-31	0
1864	234	1	23	27	30	0
1868	234	3	22	0	31	0
1870	234	4	-22	29	-31	0
1872	235	1	23	28	-31	0
1874	235	2	-23	-28	30	0
1875	235	2.5	-23	27	-30	0
1876	235	3	25	27	30	0
1880	236	1	24	-27	-30	0
1884	236	3	-24	26	29	0
1888	237	1	23	27	30	0
1890	237	2	-23	26	-30	0
1891	237	2.5	-23	27	-30	0
1892	237	3	-23	28	-30	0
1894	237	4	-23	27	-30	0
1897	238	1.5	-23	26	-30	0
1898	238	2	-23	26	-30	0
1902	238	4	-23	25	-30	0
1904	239	1	19	26	0	0
1907	239	2.5	20	-26	0	0
1908	239	3	21	-26	0	0
1909	239	3.5	22	-26	0	0
1910	239	4	23	-26	0	0
1912	240	1	19	26	26	0
1915	240	2.5	-19	-26	27	0
1916	240	3	0	26	28	0
1917	240	3.5	0	-26	29	0
1918	240	4	0	-26	30	0
1920	241	1	0	26	31	0
1922	241	2	0	-26	30	0
1923	241	2.5	0	-26	29	0
1924	241	3	0	-26	28	0
1926	241	4	0	-26	29	0
1927	241	4.5	0	-26	28	0
1928	242	1	22	26	29	0
1932	242	3	22	26	-29	0
1934	242	4	25	27	-29	0
1938	243	2	24	26	-29	0
1940	243	3	25	27	-29	0
1944	244	1	23	25	30	0
1947	244	2.5	-23	26	-30	0
1948	244	3	0	27	-30	0
1950	244	4	26	28	-30	0
1953	245	1.5	-26	26	-30	0
1954	245	2	25	29	-30	0
1956	245	3	26	-29	-30	0
1958	245	4	-26	28	-30	0
1960	246	1	22	29	31	0
1968	247	1	26	0	30	0
1972	247	3	26	0	0	0
1976	248	1	25	0	30	0
1979	248	2.5	-25	0	30	0
1980	248	3	26	0	30	0
1982	248	4	-26	0	30	0
1984	249	1	28	0	30	0
1988	249	3	27	0	30	0
1990	249	4	26	0	-30	0
1992	250	1	-26	0	30	0
1994	250	2	25	0	-30	0
1996	250	3	24	0	29	0
2000	251	1	23	0	30	0
2004	251	3	-23	0	32	0
2008	252	1	0	26	31	0
2010	252	2	0	-26	30	0
2012	252	3	0	26	-30	0
2014	252	4	0	26	29	0
2016	253	1	0	26	28	0
2020	253	3	23	25	27	0
2024	254	1	22	26	0	0
2026	254	2	24	-26	0	0
2028	254	3	-24	-26	28	0
2030	254	4	23	-26	-28	0
2031	254	4.5	22	-26	29	0
2032	255	1	21	28	30	0
2033	255	1.5	-21	-28	31	0
2034	255	2	-21	-28	32	0
2035	255	2.5	22	-28	-32	0
2036	255	3	23	27	-32	0
2038	255	4	24	26	31	0
2041	256	1.5	23	-26	-31	0
2042	256	2	21	25	30	0
2044	256	3	22	24	-30	0
2046	256	4	-22	-24	29	0
2048	257	1	0	23	30	0
2052	257	3	25	-23	-30	0
2060	258	3	23	-23	-30	0
2064	259	1	23	-23	-30	0
2072	260	1	0	0	0	0
2072	260	1	0	26	30	0
2075	260	2.5	0	-26	29	0
2075.5	260	2.75	0	-26	30	0
2076	260	3	0	-26	31	0
2078	260	4	0	-26	30	0
2082	261	2	0	-26	29	0
2083	261	2.5	0	-26	28	0
2084	261	3	0	-26	29	0
2085	261	3.5	0	-26	28	0
2086	261	4	0	-26	27	0
2087	261	4.5	0	-26	26	0
2088	262	1	23	25	27	34
2091	262	2.5	-23	-25	-27	33
2091.5	262	2.75	-23	-25	-27	34
2092	262	3	-23	-25	0	35
2094	262	4	-23	-25	0	34
2096	263	1	-23	25	27	-34
2098	263	2	-23	-25	-27	33
2099	263	2.5	-23	-25	-27	32
2100	263	3	-23	-25	28	33
2101	263	3.5	-23	-25	-28	32
2102	263	4	-23	-25	-28	31
2103	263	4.5	-23	-25	-28	30
2104	264	1	22	26	29	31
2107	264	2.5	-22	-26	-29	32
2108	264	3	-22	-26	-29	33
2109	264	3.5	-22	-26	-29	34
2110	264	4	-22	-26	29	33
2112	265	1	22	26	-29	-33
2113	265	1.5	-22	-26	-29	32
2114	265	2	-22	-26	28	32
2115	265	2.5	-22	-26	27	-32
2116	265	3	-22	26	26	-32
2118	265	4	-22	-26	-26	31
2120	266	1	23	0	0	32
2122	266	2	-23	0	25	-32
2126	266	4	-23	0	26	-32
2127	266	4.5	-23	0	27	-32
2128	267	1	23	0	28	0
2130	267	2	-23	0	27	32
2132	267	3	-23	0	27	-32
2134	267	4	-23	0	-27	33
2135	267	4.5	-23	0	-27	34
2136	268	1	0	0	0	35
2138	268	2	0	0	23	34
2140	268	3	0	0	-23	34
2142	268	4	0	0	24	-34
2143	268	4.5	0	0	25	-34
2144	269	1	0	0	26	0
2146	269	2	0	0	25	30
2148	269	3	0	0	25	-30
2150	269	4	0	0	-25	31
2151	269	4.5	0	0	-25	32
2152	270	1	0	0	28	33
2154	270	2	21	0	-28	32
2155	270	2.5	-21	0	29	-32
2156	270	3	-21	0	30	32
2158	270	4	22	0	-30	-32
2159	270	4.5	23	0	-30	-32
2160	271	1	24	0	29	0
2162	271	2	23	0	30	0
2164	271	3	23	0	-30	0
2165	271	3.5	-23	0	29	0
2166	271	4	-23	0	27	32
2168	272	1	0	0	-27	32
2170	272	2	21	0	30	33
2171	272	2.5	-21	0	-30	34
2172	272	3	-21	0	-30	35
2174	272	4	22	0	-30	34
2175	272	4.5	23	0	-30	-34
2176	273	1	24	0	28	-34
2177	273	1.5	-24	0	-28	33
2178	273	2	22	0	29	33
2180	273	3	23	0	27	-33
2182	273	4	-23	0	-27	32
2184	274	1	0	26	0	33
2186	274	2	19	-26	28	-33
2188	274	3	-19	26	28	-33
2190	274	4	20	-26	29	-33
2191	274	4.5	21	-26	30	-33
2192	275	1	22	26	31	33
2194	275	2	21	-26	30	-33
2196	275	3	22	26	-30	33
2197	275	3.5	-22	-26	29	-33
2198	275	4	-22	-26	29	-33
2199	275	4.5	21	-26	-29	-33
2199.5	275	4.75	20	-26	-29	-33
2200	276	1	19	26	-29	33
2202	276	2	-19	-26	28	-33
2204	276	3	22	-26	29	33
2206	276	4	-22	-26	31	-33
2208	277	1	0	-26	-31	33
2210	277	2	26	-26	30	-33
2211	277	2.5	-26	-26	29	-33
2212	277	3	-26	-26	28	-33
2213	277	3.5	25	-26	-28	-33
2214	277	4	24	-26	31	-33
2215	277	4.5	23	-26	-31	-33
2216	278	1	22	26	-31	0
2217	278	1.5	-22	-26	30	0
2218	278	2	23	-26	30	0
2220	278	3	24	-26	-30	0
2222	278	4	24	-26	29	0
2224	279	1	23	25	30	0
2230	279	4	-23	26	-30	0
2232	280	1	23	27	-30	32
2236	280	3	23	28	-30	-32
2238	280	4	-23	-28	-30	33
2240	281	1	23	25	0	34
2244	281	3	23	-25	32	35
2246	281	4	-23	26	-32	-35
2248	282	1	-23	27	-32	32
2252	282	3	21	28	30	-32
2256	283	1	22	26	31	0
2258	283	2	-22	-26	-31	33
2260	283	3	-22	-26	29	-33
2262	283	4	21	-26	-29	34
2263	283	4.5	-21	-26	-29	35
2264	284	1	20	27	-29	36
2266	284	2	19	-27	28	-36
2268	284	3	18	-27	27	-36
2270	284	4	-18	-27	26	35
2272	285	1	-18	-27	25	34
2274	285	2	-18	-27	-25	33
2276	285	3	-18	-27	25	32
2282	286	2	-18	-27	-25	36
2284	286	3	18	-27	25	-36
2288	287	1	19	26	23	35
2290	287	2	26	-26	24	-35
2294	287	4	25	0	25	34
2296	288	1	-25	29	-25	-34
2297	288	1.5	-25	-29	26	-34
2298	288	2	25	-29	27	-34
2299	288	2.5	-25	-29	28	-34
2300	288	3	24	-29	29	33
2301	288	3.5	-24	-29	30	-33
2302	288	4	-24	28	31	-33
2304	289	1	24	-28	-31	-33
2306	289	2	23	-28	32	32
2308	289	3	-23	27	30	-32
2310	289	4	22	-27	31	36
2312	290	1	-22	-27	29	-36
2313	290	1.5	23	-27	-29	-36
2314	290	2	24	26	-29	35
2315	290	2.5	25	-26	30	-35
2316	290	3	26	-26	31	-35
2317	290	3.5	-26	-26	-31	34
2318	290	4	19	-26	31	33
2319	290	4.5	-19	-26	-31	32
2320	291	1	-19	28	30	31
2321	291	1.5	20	-28	-30	30
2322	291	2	21	-28	-30	33
2323	291	2.5	22	-28	-30	-33
2324	291	3	23	27	-30	-33
2326	291	4	-23	-27	-30	32
2328	292	1	0	26	0	33
2330	292	2	0	-26	30	-33
2332	292	3	26	-26	30	0
2334	292	4	-26	-26	31	0
2336	293	1	26	-26	-31	33
2338	293	2	26	-26	30	-33
2339	293	2.5	-26	-26	29	-33
2340	293	3	-26	-26	28	33
2342	293	4	26	-26	-28	33
2344	294	1	24	0	31	-33
2346	294	2	-24	0	-31	33
2348	294	3	25	0	29	32
2350	294	4	-25	0	30	32
2352	295	1	22	0	31	33
2354	295	2	-22	0	29	33
2356	295	3	21	0	30	35
2358	295	4	19	0	28	-35
2359	295	4.5	-19	0	29	34
2360	296	1	-19	0	30	33
2361	296	1.5	20	0	31	-33
2362	296	2	21	0	30	32
2364	296	3	22	26	-30	31
2366	296	4	-22	-26	29	-31
2368	297	1	19	26	30	30
2370	297	2	-19	26	-30	-30
2374	297	4	-19	26	0	-30
2376	298	1	0	25	30	0
2378	298	2	0	25	-30	0
2380	298	3	0	26	30	0
2382	298	4	0	26	30	0
2384	299	1	0	28	-30	0
2386	299	2	0	-28	30	0
2388	299	3	0	25	29	0
2392	300	1	0	23	30	0
2396	300	3	23	-23	32	0
2399	300	4.5	22	-23	31	0
2400	301	1	21	0	30	33
2402	301	2	22	0	29	-33
2404	301	3	19	0	28	33
2406	301	4	26	0	-28	33
2410	302	2	26	0	-28	33
2412	302	3	23	0	27	32
2414	302	4	23	0	-27	32
2416	303	1	24	0	0	33
2418	303	2	-24	0	0	33
2420	303	3	24	0	26	35
2422	303	4	24	28	-26	-35
2423	303	4.5	-24	-28	27	34
2424	304	1	24	-28	28	33
2425	304	1.5	-24	27	-28	32
2426	304	2	-24	26	29	31
2427	304	2.5	-24	25	-29	-31
2428	304	3	22	24	-29	-31
2429	304	3.5	-22	-24	-29	32
2430	304	4	24	-24	28	33
2431	304	4.5	-24	25	27	-33
2432	305	1	-24	26	28	-33
2433	305	1.5	23	-26	-28	32
2434	305	2	22	26	29	31
2435	305	2.5	21	-26	-29	30
2436	305	3	22	-26	26	29
2437	305	3.5	-22	25	-26	28
2438	305	4	-22	24	-26	31
2439	305	4.5	-22	23	-26	-31
2440	306	1	-22	22	26	-31
2441	306	1.5	-22	-22	-26	30
2442	306	2	21	23	-26	30
2444	306	3	22	24	-26	-30
2446	306	4	-22	-24	-26	29
2448	307	1	19	23	-26	30
2456	308	1	0	-23	27	-30
2460	308	3	23	-23	-27	-30
2464	309	1	23	-23	-27	-30
2472	310	1	0	0	0	0
2472	310	1	0	26	0	30
2476	310	3	0	25	0	30
2478	310	4	0	26	0	31
2480	311	1	22	-26	0	-31
2482	311	2	-22	25	0	30
2483	311	2.5	-22	24	0	29
2484	311	3	21	23	0	30
2486	311	4	22	22	0	31
2488	312	1	-22	24	0	-31
2490	312	2	21	25	0	30
2491	312	2.5	20	-25	0	29
2492	312	3	19	26	0	28
2494	312	4	-19	-26	0	35
2496	313	1	0	23	30	34
2498	313	2	26	28	-30	33
2500	313	3	25	27	-30	34
2501	313	3.5	-25	26	-30	-34
2502	313	4	26	28	-30	33
2506	314	2	25	27	-30	0
2507	314	2.5	24	26	-30	0
2508	314	3	23	25	-30	0
2510	314	4	19	26	-30	35
2512	315	1	28	0	-30	35
2514	315	2	-28	26	-30	33
2516	315	3	27	25	-30	34
2518	315	4	28	26	-30	33
2520	316	1	-28	-26	-30	30
2522	316	2	27	25	-30	34
2523	316	2.5	26	24	-30	-34
2524	316	3	25	23	-30	-34
2526	316	4	21	-23	-30	35
2528	317	1	25	27	29	34
2530	317	2	-25	-27	-29	32
2531	317	2.5	-25	28	-29	-32
2532	317	3	0	29	-29	34
2534	317	4	25	-29	-29	-34
2535	317	4.5	-25	-29	-29	35
2536	318	1	-25	27	-29	36
2537	318	1.5	26	-27	-29	-36
2538	318	2	27	-27	-29	-36
2540	318	3	25	0	-29	34
2542	318	4	-25	27	-29	32
2544	319	1	0	-27	-29	32
2545	319	1.5	0	28	-29	-32
2546	319	2	25	29	-29	-32
2548	319	3	-25	27	-29	0
2549	319	3.5	26	-27	-29	0
2550	319	4	27	25	-29	32
2552	320	1	25	0	30	-32
2553	320	1.5	-25	0	-30	33
2554	320	2	23	25	-30	34
2556	320	3	0	-25	-30	32
2557	320	3.5	0	26	-30	-32
2558	320	4	23	27	-30	-32
2560	321	1	-23	25	30	0
2561	321	1.5	24	-25	-30	0
2562	321	2	25	-25	-30	32
2564	321	3	23	0	-30	32
2566	321	4	21	25	-30	-32
2567	321	4.5	-21	-25	-30	33
2568	322	1	0	-25	-30	34
2569	322	1.5	0	26	-30	-34
2570	322	2	23	27	-30	32
2572	322	3	-23	25	-30	30
2573	322	3.5	24	-25	-30	-30
2574	322	4	25	23	-30	30
2576	323	1	21	0	30	-30
2577	323	1.5	-21	0	-30	31
2578	323	2	-21	23	-30	32
2580	323	3	0	-23	30	30
2581	323	3.5	0	24	-30	-30
2582	323	4	21	25	-30	28
2584	324	1	-21	23	30	0
2585	324	1.5	22	-23	-30	0
2586	324	2	23	-23	-30	30
2588	324	3	21	0	-30	30
2590	324	4	19	23	-30	-30
2591	324	4.5	-19	-23	-30	31
2592	325	1	0	-23	-30	32
2593	325	1.5	0	24	-30	-32
2594	325	2	21	25	-30	30
2596	325	3	-21	23	-30	28
2597	325	3.5	22	21	-30	-28
2598	325	4	23	28	-30	32
2600	326	1	19	-28	0	33
2601	326	1.5	-19	27	0	-33
2602	326	2	21	26	0	-33
2604	326	3	20	-26	0	34
2606	326	4	-20	25	0	-34
2608	327	1	19	26	30	35
2614	327	4	-19	0	-30	33
2616	328	1	0	26	-30	33
2620	328	3	19	-26	-30	0
2622	328	4	-19	-26	-30	35
2624	329	1	23	25	-30	-35
2626	329	2	-23	-25	-30	34
2627	329	2.5	-23	-25	-30	33
2628	329	3	-23	-25	-30	34
2630	329	4	-23	-25	-30	32
2632	330	1	25	27	29	32
2635	330	2.5	-25	-27	-29	33
2636	330	3	-25	-27	-29	34
2637	330	3.5	-25	-27	-29	35
2638	330	4	-25	-27	-29	36
2640	331	1	-25	-27	29	-36
2641	331	1.5	-25	-27	-29	35
2642	331	2	-25	-27	-29	34
2643	331	2.5	-25	-27	-29	33
2644	331	3	-25	-27	-29	32
2648	332	1	22	26	31	33
2654	332	4	-22	27	-31	-33
2655	332	4.5	-22	28	-31	-33
2656	333	1	-22	29	31	33
2660	333	3	-22	29	-31	-33
2662	333	4	-22	-29	-31	32
2663	333	4.5	-22	-29	-31	31
2664	334	1	23	27	30	32
2668	334	3	22	0	31	33
2670	334	4	-22	29	-31	-33
2672	335	1	23	28	-31	0
2674	335	2	-23	-28	30	0
2675	335	2.5	-23	27	-30	0
2676	335	3	25	27	30	32
2680	336	1	24	-27	-30	33
2684	336	3	-24	26	29	33
2688	337	1	23	27	30	32
2690	337	2	-23	26	-30	-32
2691	337	2.5	-23	27	-30	-32
2692	337	3	-23	28	-30	32
2694	337	4	-23	27	-30	-32
2697	338	1.5	-23	26	-30	-32
2698	338	2	-23	26	-30	33
2700	338	3	-23	-26	-30	34
2702	338	4	-23	25	-30	-34
2704	339	1	19	26	0	35
2706	339	2	-19	-26	0	33
2707	339	2.5	20	-26	0	-33
2708	339	3	21	-26	0	-33
2709	339	3.5	-21	-26	0	32
2710	339	4	22	-26	0	31
2712	340	1	19	26	26	30
2714	340	2	-19	-26	-26	35
2715	340	2.5	-19	-26	27	-35
2716	340	3	0	26	28	-35
2717	340	3.5	0	-26	29	34
2718	340	4	0	-26	30	33
2719	340	4.5	0	-26	-30	32
2720	341	1	0	26	31	33
2722	341	2	0	-26	30	32
2723	341	2.5	0	-26	29	31
2724	341	3	0	-26	28	30
2726	341	4	0	-26	29	-30
2727	341	4.5	0	-26	28	-30
2728	342	1	22	26	29	0
2730	342	2	-22	-26	-29	29
2732	342	3	22	26	-29	31
2734	342	4	25	27	-29	32
2736	343	1	-25	-27	-29	33
2738	343	2	24	26	-29	-33
2740	343	3	25	27	-29	32
2744	344	1	23	25	30	0
2746	344	2	-23	-25	-30	32
2747	344	2.5	-23	26	-30	-32
2748	344	3	23	27	-30	-32
2750	344	4	26	28	-30	33
2753	345	1.5	-26	26	-30	-33
2754	345	2	25	29	-30	34
2756	345	3	26	-29	-30	35
2758	345	4	-26	28	-30	-35
2760	346	1	22	29	31	33
2762	346	2	-22	-29	-31	34
2764	346	3	-22	-29	-31	33
2766	346	4	-22	-29	-31	36
2768	347	1	26	0	30	-36
2770	347	2	-26	0	-30	35
2771	347	2.5	-26	0	-30	34
2772	347	3	26	0	0	35
2774	347	4	-26	0	0	33
2776	348	1	25	0	30	34
2779	348	2.5	-25	0	30	-34
2780	348	3	26	0	30	33
2782	348	4	-26	0	30	-33
2784	349	1	28	0	30	0
2790	349	4	27	0	-30	0
2792	350	1	26	0	30	33
2794	350	2	25	0	-30	-33
2795	350	2.5	-25	0	-30	33
2796	350	3	24	0	29	33
2798	350	4	-24	0	-29	33
2800	351	1	23	0	30	32
2804	351	3	-23	0	32	-32
2806	351	4	-23	0	-32	32
2808	352	1	0	26	31	33
2810	352	2	0	-26	30	35
2812	352	3	0	26	-30	-35
2814	352	4	0	26	29	34
2816	353	1	0	26	28	33
2819	353	2.5	0	-26	-28	32
2819.5	353	2.75	0	-26	-28	31
2820	353	3	23	25	27	30
2824	354	1	22	26	0	31
2826	354	2	24	-26	0	33
2828	354	3	-24	26	28	-33
2830	354	4	23	-26	-28	32
2831	354	4.5	22	-26	29	31
2832	355	1	21	28	30	30
2833	355	1.5	-21	-28	31	-30
2834	355	2	-21	-28	32	-30
2835	355	2.5	22	-28	-32	31
2836	355	3	23	27	-32	32
2838	355	4	24	26	31	33
2841	356	1.5	23	-26	-31	32
2842	356	2	21	25	30	30
2844	356	3	22	24	-30	31
2846	356	4	-22	-24	29	-31
2848	357	1	0	23	30	32
2851	357	2.5	0	-23	29	-32
2852	357	3	25	-23	27	-32
2854	357	4	-25	-23	28	30
2856	358	1	-25	-23	-28	30
2858	358	2	-25	-23	27	-30
2860	358	3	23	-23	28	-30
2864	359	1	23	-23	27	-30
*-	*-	*-	*-	*-	*-	*-
