**absq	**bar	**beat	**b7	**b7	**b7	**b7
0	1	1	0	0	29	29
3	1	2.5	0	0	-29	30
4	1	3	0	0	29	31
5	1	3.5	0	0	-29	32
6	1	4	0	0	29	33
8	2	1	0	0	28	-33
10	2	2	0	0	-28	32
11	2	2.5	0	0	-28	31
12	2	3	0	0	-28	32
14	2	4	0	0	27	33
15	2	4.5	0	0	26	-33
16	3	1	0	25	25	34
19	3	2.5	0	-25	26	-34
20	3	3	0	25	27	-34
21	3	3.5	0	-25	28	-34
22	3	4	0	25	29	-34
24	4	1	0	24	-29	33
26	4	2	0	-24	28	-33
27	4	2.5	0	-24	27	-33
28	4	3	0	-24	28	-33
30	4	4	0	23	29	-33
31	4	4.5	0	22	-29	-33
32	5	1	21	21	30	0
35	5	2.5	-21	22	-30	0
36	5	3	21	23	-30	0
37	5	3.5	-21	24	-30	0
38	5	4	21	25	-30	0
40	6	1	20	-25	29	0
42	6	2	-20	24	-29	0
43	6	2.5	-20	23	-29	0
44	6	3	-20	24	-29	0
46	6	4	19	25	-29	0
47	6	4.5	18	-25	-29	0
48	7	1	17	26	0	35
52	7	3	-17	-26	0	35
54	7	4	-17	-26	0	35
56	8	1	18	25	29	34
59	8	2.5	19	-25	-29	-34
60	8	3	20	-25	29	-34
61	8	3.5	21	-25	-29	-34
62	8	4	22	24	29	33
63	8	4.5	-22	23	-29	32
64	9	1	-22	22	-29	31
66	9	2	21	-22	30	-31
67	9	2.5	20	-22	-30	-31
68	9	3	21	0	-30	0
70	9	4	22	26	29	31
72	10	1	23	25	-29	32
74	10	2	-23	24	28	33
75	10	2.5	-23	-24	27	-33
76	10	3	-23	25	29	34
78	10	4	-23	26	-29	-34
79	10	4.5	-23	-26	28	33
79.5	10	4.75	-23	-26	-28	32
80	11	1	22	27	29	31
82	11	2	-22	-27	-29	32
83	11	2.5	-22	26	-29	-32
83.5	11	2.75	-22	25	-29	-32
84	11	3	-22	26	-29	-32
86	11	4	-22	-26	-29	31
88	12	1	0	25	0	32
90	12	2	18	-25	29	-32
92	12	3	18	-25	29	-32
94	12	4	18	-25	29	-32
96	13	1	21	0	30	-32
98	13	2	21	25	30	-32
100	13	3	20	25	29	-32
102	13	4	-20	25	-29	-32
104	14	1	19	28	0	0
106	14	2	-19	28	28	0
108	14	3	0	27	29	0
110	14	4	22	-27	31	0
112	15	1	-22	26	-31	0
114	15	2	21	-26	30	0
116	15	3	22	0	31	0
118	15	4	20	29	24	0
120	16	1	18	-29	25	0
122	16	2	21	28	26	0
124	16	3	-21	29	0	0
125	16	3.5	20	-29	0	0
125.5	16	3.75	19	-29	0	0
126	16	4	20	27	22	29
128	17	1	21	25	23	32
130	17	2	23	28	-23	32
132	17	3	22	-28	24	31
134	17	4	-22	27	-24	31
136	18	1	21	28	25	30
142	18	4	19	-28	26	-30
144	19	1	20	0	-26	0
146	19	2	-20	0	25	0
148	19	3	19	0	26	0
150	19	4	-19	0	24	33
152	20	1	0	0	22	-33
154	20	2	0	0	25	32
156	20	3	0	0	24	33
157	20	3.5	0	0	23	-33
158	20	4	0	29	24	31
160	21	1	0	-29	25	29
162	21	2	0	28	26	33
164	21	3	0	29	22	31
166	21	4	0	27	25	32
168	22	1	18	25	-25	-32
170	22	2	-18	28	25	31
171	22	2.5	-18	-28	-25	30
172	22	3	-18	-28	-25	29
173	22	3.5	-18	-28	24	-29
174	22	4	-18	27	22	-29
176	23	1	21	28	0	0
178	23	2	-21	-28	25	0
180	23	3	-21	-28	-25	30
184	24	1	19	28	26	30
188	24	3	-19	28	-26	31
190	24	4	-19	-28	24	-31
192	25	1	18	27	-24	32
194	25	2	-18	-27	23	-32
195	25	2.5	-18	-27	22	-32
196	25	3	-18	27	23	-32
200	26	1	17	26	24	33
204	26	3	17	26	-24	0
206	26	4	-17	26	-24	35
207	26	4.5	18	-26	-24	-35
208	27	1	19	-26	0	35
210	27	2	20	25	0	34
211	27	2.5	-20	24	0	-34
212	27	3	18	23	0	-34
214	27	4	-18	22	0	34
216	28	1	17	24	28	33
219	28	2.5	18	-24	27	32
220	28	3	19	23	26	30
221	28	3.5	-19	-23	25	-30
222	28	4	15	22	24	31
224	29	1	-15	26	-24	-31
225	29	1.5	16	-26	-24	32
226	29	2	17	-26	28	33
228	29	3	18	25	27	29
230	29	4	15	24	26	33
232	30	1	17	26	-26	-33
234	30	2	-17	-26	29	32
235	30	2.5	-17	-26	-29	31
236	30	3	16	25	-29	32
238	30	4	-16	-25	28	-32
240	31	1	15	26	29	31
248	32	1	0	0	29	0
250	32	2	0	24	-29	0
252	32	3	0	25	29	0
254	32	4	0	27	29	0
256	33	1	0	-27	28	0
258	33	2	0	26	-28	0
260	33	3	22	27	27	31
262	33	4	-22	-27	24	-31
263	33	4.5	-22	-27	25	-31
264	34	1	22	0	26	31
265	34	1.5	-22	0	24	-31
266	34	2	22	0	27	31
268	34	3	21	0	-27	30
270	34	4	-21	0	26	-30
272	35	1	20	27	27	29
274	35	2	-20	-27	26	-29
275	35	2.5	-20	-27	25	-29
276	35	3	-20	27	29	0
278	35	4	19	27	-29	32
279	35	4.5	18	-27	-29	-32
280	36	1	22	26	29	-32
282	36	2	-22	-26	-29	31
284	36	3	0	25	0	32
286	36	4	18	-25	29	34
288	37	1	18	0	29	34
290	37	2	18	0	29	34
292	37	3	17	0	-29	33
293	37	3.5	-17	0	28	-33
294	37	4	17	0	26	33
296	38	1	18	0	27	32
298	38	2	-18	27	25	-32
299	38	2.5	-18	-27	-25	31
300	38	3	-18	27	-25	30
301	38	3.5	-18	-27	24	29
302	38	4	-18	27	22	32
304	39	1	15	26	29	-32
306	39	2	-15	26	-29	31
308	39	3	0	25	-29	32
310	39	4	20	-25	-29	-32
311	39	4.5	-20	24	-29	-32
312	40	1	20	23	0	0
313	40	1.5	-20	22	0	0
314	40	2	20	25	0	0
316	40	3	19	-25	0	0
318	40	4	19	24	0	0
320	41	1	18	25	29	29
323	41	2.5	-18	-25	-29	30
324	41	3	15	0	29	31
325	41	3.5	-15	0	-29	32
326	41	4	-15	0	29	33
328	42	1	0	0	28	-33
330	42	2	0	0	-28	32
331	42	2.5	0	0	-28	31
332	42	3	0	0	-28	32
334	42	4	0	0	27	33
335	42	4.5	0	0	26	-33
336	43	1	0	25	25	34
339	43	2.5	0	-25	26	-34
340	43	3	0	25	27	-34
341	43	3.5	0	-25	28	-34
342	43	4	0	25	29	-34
344	44	1	0	24	-29	33
346	44	2	0	-24	28	-33
347	44	2.5	0	-24	27	-33
348	44	3	0	-24	28	-33
350	44	4	0	23	29	-33
351	44	4.5	0	22	-29	-33
352	45	1	21	21	30	0
355	45	2.5	-21	22	-30	0
356	45	3	21	23	-30	0
357	45	3.5	-21	24	-30	0
358	45	4	21	25	-30	0
360	46	1	20	-25	29	0
362	46	2	-20	24	-29	0
363	46	2.5	-20	23	-29	0
364	46	3	-20	24	-29	0
366	46	4	19	25	-29	0
367	46	4.5	18	-25	-29	0
368	47	1	17	26	0	35
372	47	3	-17	26	0	35
374	47	4	-17	-26	0	35
376	48	1	18	25	29	34
379	48	2.5	19	-25	-29	-34
380	48	3	20	-25	-29	-34
381	48	3.5	21	-25	-29	-34
382	48	4	22	24	29	33
383	48	4.5	-22	23	-29	32
384	49	1	-22	22	29	31
386	49	2	21	-22	30	-31
387	49	2.5	20	-22	-30	-31
388	49	3	21	0	-30	0
390	49	4	22	26	29	31
392	50	1	23	25	-29	32
394	50	2	-23	28	28	33
395	50	2.5	-23	-28	27	-33
396	50	3	-23	-28	29	34
397	50	3.5	-23	27	-29	-34
398	50	4	-23	26	-29	35
399	50	4.5	-23	25	28	-35
400	51	1	22	24	29	-35
401	51	1.5	-22	-24	-29	34
402	51	2	-22	25	-29	33
403	51	2.5	-22	-25	-29	32
404	51	3	-22	26	-29	31
406	51	4	-22	-26	-29	32
407	51	4.5	-22	-26	-29	31
408	52	1	18	25	29	32
*-	*-	*-	*-	*-	*-	*-
