**absq	**bar	**beat	**b7	**b7	**b7	**b7	**b7
0	40	1	0	0	28	0	0
4	40	3	0	0	29	0	0
6	40	4	0	0	30	0	0
8	41	1	24	0	31	0	0
12	41	3	26	0	-31	0	0
14	41	4	27	0	-31	0	0
16	42	1	28	0	30	0	0
20	42	3	27	0	29	0	0
22	42	4	26	0	31	0	0
24	43	1	27	0	-31	0	0
25	43	1.5	-27	0	30	0	0
26	43	2	-27	0	29	0	0
27	43	2.5	26	0	28	0	0
28	43	3	25	0	27	0	0
29	43	3.5	24	0	26	0	0
30	43	4	23	0	25	0	0
31	43	4.5	22	0	24	0	0
32	44	1	23	0	25	0	28
34	44	2	24	0	26	0	-28
36	44	3	-24	0	-26	0	29
37	44	3.5	-24	0	27	0	-29
38	44	4	23	0	28	0	30
40	45	1	22	0	27	0	31
42	45	2	-22	24	26	0	-31
44	45	3	-22	26	-26	0	-31
46	45	4	-22	27	25	0	-31
47	45	4.5	-22	-27	24	0	-31
48	46	1	21	28	25	0	30
50	46	2	-21	-28	28	0	-30
52	46	3	0	27	31	0	29
54	46	4	0	26	-31	0	31
55	46	4.5	0	-26	30	0	-31
56	47	1	0	27	29	31	-31
57	47	1.5	0	-27	28	-31	30
58	47	2	0	-27	29	-31	29
60	47	3	0	26	30	33	28
62	47	4	0	25	32	34	29
64	48	1	0	26	31	35	28
66	48	2	0	-26	30	-35	-28
68	48	3	0	25	-30	34	32
69	48	3.5	0	-25	29	-34	-32
70	48	4	0	24	31	33	33
72	49	1	0	25	30	34	32
74	49	2	0	-25	29	-34	-32
75	49	2.5	0	-25	-29	-34	31
76	49	3	0	26	-29	33	30
78	49	4	0	-26	28	-33	-30
79	49	4.5	0	-26	-28	32	-30
80	50	1	20	27	29	31	0
81	50	1.5	-20	-27	-29	30	0
82	50	2	-20	-27	-29	31	29
83	50	2.5	-20	-27	28	-31	-29
84	50	3	22	0	27	-31	31
86	50	4	23	0	-27	30	32
87	50	4.5	-23	0	-27	29	-32
88	51	1	24	0	26	28	33
90	51	2	-24	24	-26	-28	-33
91	51	2.5	23	-24	-26	-28	32
92	51	3	22	26	0	29	31
94	51	4	-22	27	0	-29	-31
96	52	1	21	28	0	32	30
98	52	2	-21	-28	28	-32	30
99	52	2.5	-21	27	-28	-32	-30
100	52	3	0	26	30	28	-30
102	52	4	28	-26	31	-28	29
103	52	4.5	-28	-26	-31	-28	28
104	53	1	-28	25	32	0	29
106	53	2	27	-25	-32	0	-29
107	53	2.5	26	-25	-32	0	28
108	53	3	27	-25	-32	0	29
110	53	4	28	21	-32	0	30
112	54	1	26	24	31	0	28
114	54	2	27	20	-31	0	29
116	54	3	-27	24	-31	0	-29
117	54	3.5	27	-24	-31	0	-29
118	54	4	26	-24	-31	35	28
120	55	1	25	0	0	-35	30
122	55	2	-25	0	32	34	29
123	55	2.5	-25	0	-32	33	28
124	55	3	-25	0	-32	34	29
126	55	4	26	0	31	35	28
127	55	4.5	-26	0	30	-35	-28
128	56	1	24	0	31	33	29
130	56	2	25	0	29	34	-29
132	56	3	22	0	29	-34	0
133	56	3.5	-22	0	-29	34	0
134	56	4	24	0	28	33	31
136	57	1	21	0	-28	32	-31
137	57	1.5	-21	0	28	-32	-31
138	57	2	-21	28	28	-32	30
140	57	3	0	-28	25	-32	-30
142	57	4	0	27	-25	-32	29
143	57	4.5	0	26	-25	-32	28
144	58	1	0	27	25	-32	29
146	58	2	0	28	28	-32	30
148	58	3	0	26	28	31	31
150	58	4	0	27	29	-31	29
152	59	1	0	-27	-29	-31	27
153	59	1.5	0	27	-29	-31	-27
154	59	2	0	26	28	-31	28
156	59	3	0	25	-28	0	29
157	59	3.5	0	-25	27	0	-29
157.5	59	3.75	0	-25	26	0	-29
158	59	4	0	-25	27	32	-29
159	59	4.5	0	24	-27	-32	-29
160	60	1	0	23	28	-32	28
162	60	2	24	24	-28	33	-28
164	60	3	-24	21	-28	-33	0
166	60	4	23	-21	-28	32	0
167	60	4.5	22	-21	-28	31	0
168	61	1	23	0	0	32	28
170	61	2	24	0	26	33	-28
172	61	3	22	0	27	31	29
174	61	4	23	0	-27	32	27
175	61	4.5	-23	0	26	-32	-27
176	62	1	-23	0	25	-32	34
177	62	1.5	23	0	-25	32	-34
178	62	2	22	0	27	31	-34
180	62	3	21	0	28	-31	33
181	62	3.5	-21	0	-28	30	-33
182	62	4	-21	0	-28	30	32
184	63	1	22	0	26	29	-32
185	63	1.5	-22	0	-26	-29	31
186	63	2	20	0	27	-29	31
188	63	3	21	0	25	28	-31
190	63	4	-21	0	-25	-28	30
192	64	1	24	0	26	0	31
194	64	2	-24	24	-26	33	-31
195	64	2.5	-24	-24	-26	-33	30
195.5	64	2.75	-24	-24	-26	-33	29
196	64	3	0	-24	0	-33	28
198	64	4	0	23	28	32	-28
199	64	4.5	0	22	-28	31	-28
200	65	1	0	23	28	32	0
202	65	2	0	24	26	33	28
204	65	3	0	22	27	31	29
206	65	4	0	23	-27	32	25
208	66	1	0	-23	-27	-32	27
209	66	1.5	0	23	-27	32	-27
210	66	2	0	22	24	31	-27
212	66	3	0	21	25	-31	28
214	66	4	0	-21	-25	30	28
216	67	1	0	20	27	31	29
218	67	2	27	-20	-27	29	-29
219	67	2.5	-27	-20	-27	-29	30
220	67	3	-27	0	24	-29	31
222	67	4	26	24	-24	28	-31
223	67	4.5	25	-24	-24	27	-31
224	68	1	26	-24	0	28	31
226	68	2	27	20	31	29	-31
228	68	3	24	22	-31	26	0
230	68	4	27	-22	29	31	0
231	68	4.5	-27	23	-29	-31	0
232	69	1	-27	24	28	-31	31
233	69	1.5	26	-24	-28	-31	-31
234	69	2	26	-24	-28	28	-31
235	69	2.5	-26	-24	-28	-28	31
236	69	3	27	20	31	29	29
238	69	4	-27	-20	-31	-29	27
239	69	4.5	-27	-20	30	-29	28
240	70	1	20	27	29	31	29
241	70	1.5	-20	-27	-29	-31	30
242	70	2	-20	-27	-29	-31	31
244	70	3	-20	-27	-29	31	29
245	70	3.5	-20	-27	-29	-31	30
246	70	4	-20	-27	-29	-31	31
247	70	4.5	-20	-27	-29	-31	32
248	71	1	24	26	28	-31	33
*-	*-	*-	*-	*-	*-	*-	*-
