**absq	**bar	**beat	**b7	**b7	**b7	**b7	**b7
0	1	1	0	0	0	32	32
3	1	2.5	0	0	0	-32	33
4	1	3	0	0	0	-32	34
5	1	3.5	0	0	0	-32	35
6	1	4	0	0	0	32	36
8	2	1	0	0	0	32	32
10	2	2	0	0	0	-32	34
12	2	3	0	0	0	31	33
16	3	1	0	29	25	34	36
19	3	2.5	0	-29	26	33	35
20	3	3	0	-29	27	32	34
21	3	3.5	0	-29	28	-32	-34
22	3	4	0	29	29	31	33
24	4	1	0	29	25	32	34
26	4	2	0	-29	27	29	32
28	4	3	0	28	26	30	33
32	5	1	0	31	29	0	33
34	5	2	0	-31	-29	29	38
35	5	2.5	0	30	30	-29	-38
36	5	3	0	29	31	-29	-38
37	5	3.5	0	-29	32	-29	-38
38	5	4	0	28	33	30	37
40	6	1	0	29	-33	31	36
42	6	2	0	26	33	28	37
44	6	3	0	27	32	29	-37
45	6	3.5	0	-27	31	-29	36
46	6	4	0	-27	31	-29	36
47	6	4.5	0	-27	30	-29	-36
47.5	6	4.75	0	-27	29	-29	-36
48	7	1	0	26	30	33	-36
50	7	2	0	-26	-30	-33	35
52	7	3	25	27	29	32	36
54	7	4	-25	-27	-29	-32	32
55	7	4.5	-25	28	-29	-32	33
56	8	1	-25	29	0	0	34
57	8	1.5	-25	-29	0	0	35
58	8	2	25	-29	25	0	36
59	8	2.5	-25	-29	26	0	-36
60	8	3	25	-29	27	29	32
61	8	3.5	-25	-29	28	-29	-32
62	8	4	-25	25	29	-29	34
63	8	4.5	-25	-25	-29	30	-34
64	9	1	24	26	-29	31	33
65	9	1.5	-24	-26	28	32	-33
66	9	2	-24	-26	31	33	-33
68	9	3	27	0	-31	29	34
69	9	3.5	-27	0	30	-29	-34
70	9	4	-27	25	29	-29	-34
71	9	4.5	26	26	28	-29	35
72	10	1	25	27	27	0	36
73	10	1.5	-25	28	-27	0	-36
74	10	2	24	29	26	33	-36
76	10	3	25	-29	27	32	-36
78	10	4	22	29	24	33	-36
80	11	1	23	28	25	-33	0
81	11	1.5	-23	27	-25	32	0
82	11	2	-23	27	-25	32	0
83	11	2.5	-23	26	-25	-32	0
83.5	11	2.75	-23	25	-25	-32	0
84	11	3	22	29	26	-32	36
86	11	4	-22	-29	-26	31	-36
87	11	4.5	-22	-29	-26	-31	35
88	12	1	25	29	25	32	34
90	12	2	-25	-29	32	-32	33
91	12	2.5	-25	-29	-32	-32	32
92	12	3	29	0	-32	0	33
94	12	4	-29	29	31	0	-33
95	12	4.5	28	-29	-31	0	-33
96	13	1	27	-29	32	0	32
98	13	2	26	30	-32	32	-32
99	13	2.5	25	-30	-32	-32	-32
100	13	3	26	-30	28	-32	0
102	13	4	-26	28	-28	31	35
104	14	1	25	0	29	32	-35
106	14	2	-25	0	-29	-32	34
108	14	3	0	0	30	28	35
110	14	4	0	0	26	-28	-35
112	15	1	0	0	27	29	31
113	15	1.5	0	0	28	-29	-31
114	15	2	0	31	29	-29	-31
116	15	3	0	30	28	30	32
118	15	4	28	28	-28	-30	-32
120	16	1	-28	29	25	29	32
122	16	2	27	32	-25	-29	-32
123	16	2.5	-27	31	-25	-29	-32
124	16	3	28	30	0	28	-32
125	16	3.5	-28	29	0	-28	-32
126	16	4	-28	30	0	-28	-32
128	17	1	24	31	0	-28	33
130	17	2	-24	31	28	-28	-33
132	17	3	25	29	-28	0	32
134	17	4	-25	32	27	0	-32
136	18	1	26	-32	28	0	0
138	18	2	-26	31	-28	35	0
140	18	3	25	32	30	-35	0
142	18	4	-25	-32	29	34	0
143	18	4.5	24	-32	-29	-34	0
144	19	1	23	28	-29	35	0
145	19	1.5	-23	-28	28	-35	0
146	19	2	24	-28	28	-35	0
148	19	3	22	29	-28	31	0
149	19	3.5	-22	-29	27	-31	0
150	19	4	-22	-29	27	-31	0
151	19	4.5	-22	-29	26	-31	0
152	20	1	21	30	28	32	0
154	20	2	-21	30	-28	-32	39
156	20	3	0	29	0	33	-39
158	20	4	0	-29	29	-33	38
160	21	1	0	25	-29	34	39
162	21	2	0	-25	30	-34	-39
164	21	3	0	26	-30	33	35
166	21	4	0	-26	31	-33	-35
167	21	4.5	0	-26	-31	32	-35
168	22	1	0	27	-31	31	36
169	22	1.5	0	-27	29	-31	-36
170	22	2	0	-27	32	34	-36
172	22	3	0	28	-32	32	37
174	22	4	0	32	28	32	37
176	23	1	0	-32	29	34	36
178	23	2	0	31	-29	33	-36
180	23	3	0	32	25	34	-36
182	23	4	25	-32	-25	-34	-36
183	23	4.5	-25	31	-25	-34	-36
184	24	1	-25	30	0	-34	0
186	24	2	24	31	28	33	0
188	24	3	25	29	-28	32	36
190	24	4	-25	32	27	-32	-36
191	24	4.5	-25	31	-27	-32	-36
192	25	1	21	30	28	-32	37
193	25	1.5	-21	29	-28	-32	-37
194	25	2	-21	30	-28	35	37
195	25	2.5	-21	-30	-28	34	-37
196	25	3	22	-30	24	33	38
197	25	3.5	-22	29	-24	32	-38
198	25	4	-22	29	-24	33	31
200	26	1	23	-29	25	-33	34
201	26	1.5	-23	-29	-25	32	-34
202	26	2	-23	28	-25	32	32
204	26	3	22	29	26	-32	36
206	26	4	-22	-29	26	31	-36
208	27	1	25	0	25	32	34
210	27	2	-25	29	-25	-32	-34
211	27	2.5	-25	-29	-25	-32	35
212	27	3	0	29	-25	0	36
214	27	4	25	29	-25	34	-36
216	28	1	25	32	0	34	-36
218	28	2	25	-32	0	34	-36
220	28	3	29	31	0	33	-36
222	28	4	-29	29	0	31	-36
224	29	1	28	30	0	32	0
226	29	2	26	31	0	33	0
228	29	3	27	-31	0	31	0
229	29	3.5	-27	30	0	-31	0
230	29	4	-27	29	0	34	36
231	29	4.5	26	28	0	-34	-36
232	30	1	25	27	0	-34	36
233	30	1.5	-25	28	0	-34	-36
234	30	2	24	29	0	33	36
236	30	3	23	-29	0	32	39
238	30	4	-23	28	0	-32	-39
239	30	4.5	-23	-28	0	33	-39
240	31	1	22	29	0	34	38
242	31	2	-22	-29	29	33	36
243	31	2.5	-22	-29	-29	32	-36
244	31	3	-22	0	29	33	38
246	31	4	-22	26	29	-33	-38
247	31	4.5	-22	-26	-29	-33	37
248	32	1	0	27	32	0	36
250	32	2	0	28	-32	30	35
252	32	3	0	29	31	31	34
254	32	4	0	25	29	32	-34
256	33	1	0	29	31	33	33
258	33	2	0	-29	-31	29	33
259	33	2.5	0	30	30	-29	-33
260	33	3	0	31	29	0	34
261	33	3.5	0	32	-29	0	-34
262	33	4	0	33	28	30	35
264	34	1	0	-33	27	31	36
266	34	2	0	32	-27	32	-36
268	34	3	0	31	26	33	-36
270	34	4	26	30	-26	-33	35
272	35	1	27	29	0	32	36
274	35	2	28	32	0	-32	35
275	35	2.5	-28	-32	0	-32	34
276	35	3	29	-32	0	0	33
278	35	4	-29	31	29	0	-33
280	36	1	25	32	30	0	32
282	36	2	-25	-32	29	0	36
284	36	3	0	-32	27	0	-36
286	36	4	0	-32	28	32	37
288	37	1	0	0	32	34	-37
290	37	2	0	0	-32	-34	36
292	37	3	0	0	-32	-34	34
294	37	4	0	0	31	33	35
295	37	4.5	0	0	30	-33	-35
296	38	1	0	0	29	31	36
298	38	2	0	29	-29	31	-36
300	38	3	0	-29	25	32	34
302	38	4	0	30	-25	-32	-34
303	38	4.5	0	-30	-25	31	33
304	39	1	0	-30	0	32	34
305	39	1.5	0	-30	0	33	35
306	39	2	0	29	0	34	36
308	39	3	0	27	0	-34	-36
309	39	3.5	0	-27	0	33	-36
310	39	4	0	28	0	32	35
311	39	4.5	0	-28	0	-32	34
312	40	1	22	29	0	-32	33
314	40	2	-22	-29	0	31	34
316	40	3	23	25	0	32	-34
317	40	3.5	-23	-25	0	-32	33
318	40	4	-23	27	25	25	32
320	41	1	-23	-27	27	25	-32
321	41	1.5	-23	28	-27	26	-32
322	41	2	22	29	-27	27	31
323	41	2.5	-22	-29	-27	28	-31
324	41	3	20	-29	-27	29	32
326	41	4	21	28	26	30	33
327	41	4.5	-21	27	-26	-30	-33
328	42	1	22	26	24	29	-33
330	42	2	-22	29	25	-29	32
332	42	3	-22	29	26	0	-32
334	42	4	-22	-29	-26	33	31
336	43	1	25	29	25	34	32
338	43	2	-25	27	-25	-34	36
340	43	3	21	28	0	32	37
342	43	4	-21	-28	25	35	-37
343	43	4.5	22	-28	-25	-35	-37
344	44	1	23	0	-25	-35	-37
345	44	1.5	24	0	26	-35	-37
346	44	2	25	29	27	34	36
347	44	2.5	-25	-29	28	33	-36
348	44	3	-25	-29	29	32	34
350	44	4	21	28	30	-32	35
352	45	1	25	-28	-30	-32	36
354	45	2	-25	27	29	32	-36
356	45	3	21	28	-29	32	37
357	45	3.5	-21	-28	28	-32	-37
358	45	4	-21	-28	28	-32	-37
360	46	1	25	29	-28	32	36
362	46	2	-25	-29	27	-32	-36
363	46	2.5	-25	-29	26	-32	-36
364	46	3	-25	-29	27	-32	-36
368	47	1	-25	-29	27	-32	-36
*-	*-	*-	*-	*-	*-	*-	*-
