**absq	**bar	**beat	**b7	**b7	**b7	**b7	**b7
0	1	1	0	0	0	0	30
4	1	3	0	0	0	0	32
8	2	1	0	0	0	0	31
12	2	3	0	0	0	26	30
16	3	1	0	0	0	28	-30
18	3	2	0	0	0	-28	33
20	3	3	0	0	0	27	34
22	3	4	0	0	0	-27	32
24	4	1	0	0	0	26	35
27	4	2.5	0	0	0	-26	34
28	4	3	0	0	0	29	33
30	4	4	0	0	0	-29	32
31	4	4.5	0	0	0	-29	31
32	5	1	0	0	0	30	32
34	5	2	0	0	0	28	33
36	5	3	0	0	0	31	29
37	5	3.5	0	0	0	-31	30
38	5	4	0	0	0	-31	31
39	5	4.5	0	0	0	30	32
40	6	1	0	0	0	29	33
42	6	2	0	0	0	28	-33
43	6	2.5	0	0	0	27	32
44	6	3	0	0	0	28	30
46	6	4	0	0	0	29	31
48	7	1	23	0	0	27	32
50	7	2	-23	0	0	30	-32
51	7	2.5	-23	0	0	-30	33
52	7	3	25	0	0	-30	34
53	7	3.5	-25	0	0	-30	35
54	7	4	-25	0	0	29	34
55	7	4.5	-25	0	0	28	-34
56	8	1	24	0	0	29	-34
57	8	1.5	-24	0	0	28	33
58	8	2	-24	0	0	28	33
59	8	2.5	-24	0	0	27	-33
59.5	8	2.75	-24	0	0	26	-33
60	8	3	23	0	0	27	-33
62	8	4	-23	0	0	-27	32
64	9	1	19	23	0	30	35
68	9	3	20	25	0	29	34
70	9	4	18	-25	0	-29	-34
72	10	1	22	24	0	0	33
74	10	2	-22	-24	0	29	-33
75	10	2.5	-22	-24	0	-29	34
76	10	3	21	23	25	30	35
78	10	4	23	-23	-25	32	34
80	11	1	25	-23	27	-32	-34
81	11	1.5	-25	-23	-27	31	-34
82	11	2	-25	-23	-27	30	32
84	11	3	24	0	26	-30	33
86	11	4	-24	26	-26	29	-33
88	12	1	23	27	25	30	0
90	12	2	-23	25	-25	-30	0
92	12	3	21	28	-25	-30	0
94	12	4	-21	-28	-25	-30	32
95	12	4.5	22	-28	-25	-30	-32
96	13	1	23	27	0	0	-32
98	13	2	24	26	28	0	33
100	13	3	22	-26	29	0	-33
102	13	4	-22	25	27	0	34
103	13	4.5	-22	24	-27	0	-34
104	14	1	21	25	30	28	35
106	14	2	-21	26	-30	-28	30
107	14	2.5	-21	-26	-30	27	-30
108	14	3	0	22	29	26	31
110	14	4	0	23	28	25	32
112	15	1	0	24	-28	28	33
114	15	2	0	-24	27	29	-33
115	15	2.5	0	-24	26	-29	-33
116	15	3	0	23	27	30	32
118	15	4	21	-23	28	-30	-32
120	16	1	22	0	24	29	31
122	16	2	23	0	25	28	30
124	16	3	24	0	26	-28	-30
125	16	3.5	-24	0	-26	-28	29
125.5	16	3.75	-24	0	-26	-28	28
126	16	4	-24	0	-26	27	29
127	16	4.5	-24	0	-26	26	-29
128	17	1	23	0	25	27	30
130	17	2	-23	23	-25	28	-30
132	17	3	0	24	0	-28	29
134	17	4	0	25	0	27	-29
136	18	1	0	26	0	28	28
138	18	2	0	-26	0	28	35
140	18	3	0	25	0	29	-35
142	18	4	0	-25	25	30	34
144	19	1	22	0	26	31	33
146	19	2	-22	0	27	-31	29
148	19	3	23	0	28	30	32
150	19	4	24	0	-28	26	31
151	19	4.5	-24	0	-28	-26	30
152	20	1	25	0	27	27	29
154	20	2	23	25	-27	-27	30
155	20	2.5	-23	-25	-27	28	-30
156	20	3	22	26	0	29	31
158	20	4	18	27	0	-29	32
160	21	1	21	28	0	30	-32
161	21	1.5	-21	-28	0	-30	30
162	21	2	-21	-28	0	-30	33
163	21	2.5	22	-28	0	-30	-33
164	21	3	23	27	0	30	-33
166	21	4	-23	-27	27	-30	32
168	22	1	19	26	28	-30	33
170	22	2	22	-26	29	31	-33
172	22	3	-22	0	30	30	-33
174	22	4	21	0	-30	26	-33
176	23	1	22	0	29	31	-33
177	23	1.5	23	0	-29	-31	-33
178	23	2	24	0	-29	-31	-33
179	23	2.5	25	0	-29	-31	-33
180	23	3	26	0	28	30	0
182	23	4	19	26	-28	-30	35
183	23	4.5	-19	-26	-28	29	-35
184	24	1	21	-26	0	30	-35
186	24	2	22	24	0	31	33
188	24	3	20	25	0	29	34
192	25	1	19	26	0	0	35
194	25	2	-19	-26	28	30	33
196	25	3	-19	-26	-28	-30	30
198	25	4	-19	-26	26	28	31
200	26	1	18	22	27	29	32
204	26	3	21	0	28	30	-32
208	27	1	19	0	-28	-30	0
210	27	2	26	0	-28	26	35
212	27	3	-26	0	24	28	-35
214	27	4	24	0	-24	29	33
216	28	1	25	0	0	-29	34
218	28	2	-25	0	0	30	-34
220	28	3	26	0	0	0	35
222	28	4	-26	28	0	30	-35
223	28	4.5	25	-28	0	-30	34
223.5	28	4.75	24	-28	0	-30	33
224	29	1	23	-28	0	-30	32
226	29	2	24	26	0	28	33
228	29	3	22	27	0	29	31
232	30	1	21	28	0	30	30
234	30	2	-21	-28	30	-30	32
235	30	2.5	22	27	-30	29	-32
235.5	30	2.75	-22	26	-30	28	-32
236	30	3	23	25	-30	27	-32
238	30	4	19	26	28	28	30
240	31	1	22	24	29	26	31
242	31	2	-22	24	-29	27	-31
244	31	3	21	25	30	28	30
246	31	4	-21	-25	-30	-28	32
247	31	4.5	22	-25	29	27	-32
247.5	31	4.75	-22	-25	28	26	-32
248	32	1	23	0	27	25	-32
249	32	1.5	-23	0	-27	-25	31
250	32	2	-23	0	28	-25	30
252	32	3	24	0	26	0	-30
254	32	4	-24	26	26	0	29
256	33	1	23	26	27	0	30
258	33	2	-23	25	-27	0	-30
260	33	3	26	28	0	0	-30
262	33	4	-26	-28	0	28	-30
263	33	4.5	25	27	0	-28	-30
264	34	1	24	26	0	29	0
266	34	2	23	25	28	30	32
268	34	3	22	24	28	31	33
270	34	4	-22	-24	27	29	34
272	35	1	21	23	30	32	35
274	35	2	-21	-23	-30	-32	28
275	35	2.5	-21	-23	29	31	29
276	35	3	-21	0	28	30	30
277	35	3.5	-21	0	-28	29	31
278	35	4	-21	0	27	30	32
280	36	1	22	0	26	29	-32
282	36	2	-22	0	-26	-29	31
283	36	2.5	-22	0	-26	28	-31
284	36	3	18	0	25	27	30
285	36	3.5	-18	0	-25	26	-30
286	36	4	-18	0	-25	27	29
288	37	1	19	0	0	26	28
290	37	2	26	28	0	-26	-28
291	37	2.5	-26	-28	0	-26	29
292	37	3	26	28	0	23	30
294	37	4	25	27	0	-23	-30
296	38	1	28	30	0	0	0
298	38	2	-28	-30	0	0	32
299	38	2.5	27	29	0	0	-32
300	38	3	26	28	0	0	33
302	38	4	25	27	30	0	34
304	39	1	24	26	30	0	35
306	39	2	-24	-26	29	0	33
308	39	3	23	25	32	0	34
310	39	4	21	-25	-32	28	35
311	39	4.5	22	-25	31	-28	-35
312	40	1	23	-25	30	28	32
313	40	1.5	24	-25	-30	-28	-32
314	40	2	25	-25	29	27	-32
316	40	3	21	0	28	30	-32
317	40	3.5	22	0	-28	-30	-32
318	40	4	23	0	-28	-30	-32
319	40	4.5	24	0	-28	-30	-32
320	41	1	25	0	27	29	0
322	41	2	-25	0	-27	-29	32
324	41	3	23	0	-27	25	32
325	41	3.5	-23	0	-27	26	-32
326	41	4	-23	0	-27	27	30
327	41	4.5	-23	0	-27	28	-30
328	42	1	22	24	0	29	33
331	42	2.5	23	25	0	-29	32
332	42	3	24	26	0	28	31
333	42	3.5	-24	27	0	-28	-31
334	42	4	21	28	0	32	30
336	43	1	25	-28	0	-32	29
337	43	1.5	-25	-28	0	31	-29
337.5	43	1.75	-25	-28	0	30	-29
338	43	2	-25	27	0	29	-29
340	43	3	0	28	26	30	28
342	43	4	24	-28	-26	26	-28
343	43	4.5	-24	27	27	-26	-28
344	44	1	24	26	28	-26	0
345	44	1.5	-24	-26	29	-26	0
346	44	2	23	25	30	27	0
348	44	3	26	24	-30	28	0
350	44	4	-26	-24	29	26	33
352	45	1	19	23	30	28	33
354	45	2	21	-23	-30	-28	32
355	45	2.5	-21	-23	-30	27	-32
355.5	45	2.75	-21	-23	-30	26	-32
356	45	3	-21	-23	-30	25	35
357	45	3.5	20	-23	-30	-25	-35
358	45	4	19	-23	-30	26	-35
362	46	2	18	-23	-30	27	34
364	46	3	19	-23	-30	28	33
368	47	1	23	-23	-30	27	32
*-	*-	*-	*-	*-	*-	*-	*-
