**absq	**bar	**beat	**b7	**b7	**b7	**b7
0	1	1	0	0	0	32
8	2	1	0	0	0	32
12	2	3	0	0	0	33
16	3	1	0	0	32	34
22	3	4	0	0	-32	32
24	4	1	0	0	32	34
28	4	3	0	0	33	35
32	5	1	0	25	34	36
35	5	2.5	0	-25	-34	35
36	5	3	0	-25	-34	36
38	5	4	0	-25	33	37
40	6	1	0	25	32	-37
42	6	2	0	-25	31	36
44	6	3	0	26	30	-36
46	6	4	0	-26	-30	35
48	7	1	25	27	29	36
54	7	4	-25	25	-29	-36
56	8	1	25	27	0	0
60	8	3	26	28	0	0
64	9	1	27	29	0	0
67	9	2.5	-27	28	0	0
68	9	3	-27	29	0	0
70	9	4	26	30	0	0
72	10	1	25	-30	0	0
74	10	2	24	29	0	0
76	10	3	23	-29	0	0
78	10	4	-23	28	32	0
80	11	1	22	29	-32	0
82	11	2	-22	-29	31	36
84	11	3	0	0	30	-36
86	11	4	0	0	30	35
88	12	1	0	0	29	34
90	12	2	0	0	32	34
92	12	3	0	0	-32	33
94	12	4	0	0	31	36
96	13	1	0	0	29	-36
98	13	2	0	0	30	35
100	13	3	0	0	31	33
102	13	4	0	29	-31	34
106	14	2	0	28	30	33
108	14	3	0	27	29	-33
110	14	4	25	27	-29	32
112	15	1	-25	26	0	33
114	15	2	24	-26	29	-33
116	15	3	23	0	-29	0
118	15	4	23	32	28	0
120	16	1	22	-32	29	0
122	16	2	-22	31	-29	33
124	16	3	0	30	26	-33
126	16	4	25	30	27	32
128	17	1	-25	29	-27	33
130	17	2	24	-29	26	-33
132	17	3	25	0	0	32
134	17	4	22	29	0	31
136	18	1	26	-29	0	30
138	18	2	-26	28	0	-30
140	18	3	22	29	0	29
142	18	4	-22	26	0	-29
144	19	1	-22	27	0	0
146	19	2	-22	-27	29	0
148	19	3	0	26	31	33
150	19	4	0	-26	-31	35
152	20	1	0	0	30	-35
154	20	2	0	0	32	34
156	20	3	0	0	-32	36
158	20	4	0	0	29	-36
160	21	1	0	0	31	33
162	21	2	0	0	-31	35
164	21	3	0	0	30	-35
166	21	4	0	0	32	34
168	22	1	0	0	-32	36
170	22	2	22	0	29	-36
172	22	3	24	26	0	33
174	22	4	-24	28	0	-33
176	23	1	23	-28	0	0
178	23	2	25	27	0	0
180	23	3	-25	29	0	0
182	23	4	22	-29	0	0
184	24	1	24	26	0	0
186	24	2	-24	28	0	0
188	24	3	23	-28	0	0
190	24	4	25	27	32	0
192	25	1	-25	29	-32	0
194	25	2	22	-29	31	36
196	25	3	0	26	30	-36
198	25	4	0	-26	-30	35
200	26	1	0	0	29	34
202	26	2	0	0	-29	33
204	26	3	0	0	31	-33
206	26	4	0	0	-31	35
207	26	4.5	0	0	31	-35
208	27	1	0	0	31	-35
209	27	1.5	0	0	-31	35
210	27	2	0	0	30	35
212	27	3	0	0	29	34
214	27	4	0	0	29	33
216	28	1	0	0	30	0
218	28	2	0	0	31	33
220	28	3	0	0	32	34
222	28	4	0	0	30	35
224	29	1	0	0	31	36
226	29	2	0	29	-31	-36
227	29	2.5	0	-29	30	35
228	29	3	0	-29	31	36
230	29	4	0	28	32	37
232	30	1	0	27	-32	-37
233	30	1.5	0	-27	31	-37
234	30	2	0	-27	29	36
236	30	3	0	26	30	-36
238	30	4	0	-26	-30	35
240	31	1	0	0	29	36
242	31	2	25	0	-29	-36
246	31	4	24	29	-29	-36
248	32	1	23	-29	0	0
250	32	2	-23	28	0	0
252	32	3	22	27	0	0
254	32	4	-22	26	0	0
256	33	1	24	-26	0	0
258	33	2	-24	28	0	0
259	33	2.5	24	-28	0	0
260	33	3	24	-28	0	0
261	33	3.5	-24	28	0	0
262	33	4	23	28	0	0
264	34	1	22	27	0	0
266	34	2	22	26	0	0
268	34	3	23	0	0	0
270	34	4	24	26	0	0
272	35	1	25	27	0	0
274	35	2	23	28	0	0
276	35	3	24	29	0	0
278	35	4	22	-29	0	33
279	35	4.5	-22	28	0	-33
280	36	1	25	27	0	34
282	36	2	24	26	0	35
284	36	3	27	25	0	36
286	36	4	-27	-25	29	32
288	37	1	26	28	30	33
289	37	1.5	-26	-28	-30	34
290	37	2	-26	-28	31	35
291	37	2.5	-26	-28	-31	33
292	37	3	25	29	32	34
295	37	4.5	-25	-29	-32	33
295.5	37	4.75	-25	-29	-32	32
296	38	1	-25	-29	0	34
298	38	2	24	-29	26	33
300	38	3	23	25	27	-33
302	38	4	-23	-25	28	32
304	39	1	22	26	29	-32
306	39	2	-22	-26	-29	31
308	39	3	25	25	-29	32
312	40	1	0	0	0	0
314	40	2	25	29	32	34
316	40	3	25	29	32	34
318	40	4	25	29	32	34
320	41	1	25	29	32	34
322	41	2	25	29	32	34
324	41	3	21	30	32	35
326	41	4	21	30	32	35
328	42	1	25	29	32	34
330	42	2	-25	-29	-32	36
331	42	2.5	26	28	-32	-36
332	42	3	27	29	-32	-36
333	42	3.5	25	27	-32	-36
334	42	4	28	30	-32	35
336	43	1	25	-30	-32	-35
338	43	2	-25	29	-32	34
340	43	3	26	-29	0	35
342	43	4	-26	28	30	-35
343	43	4.5	-26	-28	-30	34
343.5	43	4.75	-26	-28	-30	33
344	44	1	25	29	32	34
347	44	2.5	-25	-29	31	-34
348	44	3	-25	0	32	0
350	44	4	-25	0	30	34
352	45	1	0	0	29	36
355	45	2.5	0	0	-29	35
356	45	3	0	0	32	36
358	45	4	0	27	-32	34
360	46	1	0	29	33	33
362	46	2	0	-29	-33	38
363	46	2.5	0	28	-33	-38
364	46	3	0	29	31	-38
365	46	3.5	0	-29	-31	37
366	46	4	0	27	32	36
368	47	1	0	26	30	-36
370	47	2	0	-26	-30	35
372	47	3	0	0	29	36
374	47	4	25	27	-29	-36
376	48	1	25	29	0	-36
379	48	2.5	23	28	0	-36
380	48	3	24	29	0	0
382	48	4	25	27	0	0
384	49	1	26	26	0	0
386	49	2	-26	31	0	0
388	49	3	25	30	0	0
390	49	4	24	29	0	0
392	50	1	23	-29	0	0
394	50	2	-23	28	0	0
396	50	3	22	29	0	0
398	50	4	-22	-29	29	0
400	51	1	-22	-29	31	0
402	51	2	-22	-29	31	33
404	51	3	26	0	30	35
406	51	4	-26	0	28	35
408	52	1	23	0	0	34
410	52	2	-23	0	28	32
412	52	3	0	0	29	0
414	52	4	0	0	30	32
416	53	1	0	0	31	33
418	53	2	0	0	30	34
419	53	2.5	0	0	29	-34
420	53	3	0	0	28	35
421	53	3.5	0	0	29	-35
422	53	4	26	0	30	34
423	53	4.5	-26	0	-30	33
424	54	1	28	0	-30	32
426	54	2	28	0	26	33
428	54	3	27	0	29	32
430	54	4	25	0	-29	34
434	55	2	0	0	29	33
434.5	55	2.25	0	0	28	-33
435	55	2.5	0	0	27	-33
435.5	55	2.75	0	0	26	-33
436	55	3	0	0	27	-33
438	55	4	0	29	-27	32
440	56	1	0	31	26	33
442	56	2	22	31	-26	-33
444	56	3	26	30	0	-33
445	56	3.5	25	-30	0	-33
446	56	4	26	28	30	-33
447	56	4.5	27	-28	-30	-33
448	57	1	28	0	-30	-33
450	57	2	26	28	30	-33
452	57	3	0	29	31	-33
454	57	4	21	30	30	-33
456	58	1	22	31	29	-33
458	58	2	23	-31	-29	-33
460	58	3	24	-31	-29	-33
462	58	4	25	-31	-29	-33
464	59	1	26	30	28	-33
468	59	3	0	-30	26	-33
470	59	4	26	-30	28	-33
472	60	1	28	0	-28	0
474	60	2	-28	30	26	0
476	60	3	26	30	28	0
478	60	4	28	30	26	0
480	61	1	-28	30	-26	0
481	61	1.5	27	-30	-26	0
482	61	2	26	31	28	0
484	61	3	25	30	27	0
486	61	4	24	29	26	0
488	62	1	23	-29	-26	0
490	62	2	-23	28	25	0
492	62	3	22	29	26	0
494	62	4	-22	-29	-26	36
496	63	1	-22	29	-26	38
498	63	2	-22	31	-26	-38
500	63	3	-22	-31	0	36
502	63	4	-22	29	33	38
504	64	1	-22	31	33	-38
506	64	2	-22	-31	33	36
507	64	2.5	-22	30	-33	-36
508	64	3	0	29	33	-36
509	64	3.5	0	28	-33	37
510	64	4	22	29	33	38
512	65	1	26	28	33	37
514	65	2	27	29	32	36
516	65	3	26	30	33	-36
518	65	4	-26	-30	-33	35
520	66	1	22	29	31	36
522	66	2	25	29	32	34
524	66	3	25	29	32	34
526	66	4	25	29	32	34
528	67	1	21	30	32	35
529	67	1.5	22	-30	-32	-35
530	67	2	23	-30	-32	-35
531	67	2.5	24	-30	-32	-35
532	67	3	25	29	-32	34
534	67	4	26	28	30	33
536	68	1	24	-28	31	-33
538	68	2	25	27	29	32
540	68	3	22	26	-29	-32
542	68	4	22	26	29	31
544	69	1	25	25	27	32
545	69	1.5	-25	-25	26	-32
546	69	2	-25	-25	27	-32
547	69	2.5	-25	-25	28	-32
548	69	3	-25	0	29	-32
552	70	1	0	27	0	0
554	70	2	23	-27	0	0
556	70	3	-23	28	0	0
558	70	4	24	-28	0	0
560	71	1	-24	26	0	0
562	71	2	22	-26	0	0
564	71	3	-22	26	0	0
566	71	4	22	27	0	0
568	72	1	23	28	0	0
570	72	2	24	29	0	0
572	72	3	25	-29	0	0
574	72	4	-25	27	0	0
576	73	1	23	-27	0	0
578	73	2	-23	28	0	0
580	73	3	24	-28	0	0
582	73	4	-24	26	0	0
584	74	1	22	29	0	0
586	74	2	25	-29	0	0
587	74	2.5	-25	28	0	0
588	74	3	-25	27	0	0
589	74	3.5	24	26	0	0
590	74	4	23	27	0	34
591	74	4.5	22	-27	0	-34
592	75	1	23	25	0	34
594	75	2	21	-25	0	35
596	75	3	0	0	0	34
598	75	4	0	0	30	33
599	75	4.5	0	0	-30	32
600	76	1	0	0	30	34
602	76	2	0	0	31	33
604	76	3	0	0	30	32
606	76	4	0	0	29	36
607	76	4.5	0	0	28	-36
608	77	1	0	0	27	-36
610	77	2	0	32	28	35
612	77	3	0	32	29	-35
614	77	4	0	31	29	34
616	78	1	0	30	28	35
618	78	2	28	-30	-28	-35
619	78	2.5	-28	29	27	-35
619.5	78	2.75	-28	28	-27	-35
620	78	3	28	30	26	0
622	78	4	27	29	-26	0
624	79	1	26	28	0	0
626	79	2	28	-28	0	32
627	79	2.5	-28	29	0	-32
628	79	3	28	30	0	-32
629	79	3.5	27	-30	0	-32
630	79	4	26	31	28	33
632	80	1	25	-31	29	34
634	80	2	25	30	27	-34
636	80	3	24	31	28	33
640	81	1	0	0	0	0
642	81	2	24	31	28	33
644	81	3	24	31	28	33
646	81	4	24	31	28	33
648	82	1	25	29	32	34
650	82	2	27	29	32	36
652	82	3	26	30	33	36
654	82	4	26	30	33	35
656	82	1	22	29	31	36
664	82	3	0	0	0	0
668	83	1	25	29	32	34
676	83	3	26	28	31	35
684	84	2	25	29	32	34
688	84	3	25	27	29	36
690	84	3.5	-25	-27	28	-36
692	85	1	-25	-27	29	-36
694	85	1.5	-25	-27	30	-36
696	85	2	26	28	31	35
700	85	3	25	29	32	34
706	86	1.5	25	29	32	34
708	86	2	25	29	32	34
712	86	3	23	30	32	34
716	86	1	25	29	32	34
722	86	4	25	0	-32	-34
724	87	1	-25	29	0	0
726	87	2	22	-29	0	0
728	87	3	24	26	0	0
730	87	4	-24	28	0	0
732	88	1	21	-28	0	0
734	88	2	23	25	0	0
736	88	3	-23	27	0	0
737	88	3.5	24	-27	0	0
738	88	4	25	-27	0	0
740	89	1	-25	26	0	0
742	89	2	24	-26	0	0
744	89	3	25	25	0	0
746	89	4	-25	-25	32	0
748	90	1	0	0	-32	36
750	90	2	0	0	29	-36
752	90	3	0	0	31	33
754	90	4	0	0	-31	35
756	91	1	0	0	28	-35
758	91	2	0	0	30	32
760	91	3	0	0	-30	34
761	91	3.5	0	0	31	-34
762	91	4	0	0	32	-34
764	92	1	0	0	-32	33
766	92	2	0	0	31	-33
768	92	3	25	0	32	32
770	92	4	-25	29	-32	-32
772	93	1	22	-29	0	0
774	93	2	24	26	0	0
776	93	3	-24	28	0	0
778	93	4	21	-28	0	0
780	94	1	23	25	0	0
782	94	2	-23	27	0	0
783	94	2.5	24	-27	0	0
784	94	3	25	-27	32	0
785	94	3.5	-25	28	-32	0
786	94	4	-25	29	-32	36
787	94	4.5	-25	30	-32	-36
788	95	1	0	31	29	-36
790	95	2	0	24	31	33
792	95	3	0	-24	-31	35
793	95	3.5	0	25	-31	-35
794	95	4	0	26	28	-35
795	95	4.5	0	27	-28	-35
796	96	1	0	28	30	32
798	96	2	0	25	-30	34
799	96	2.5	0	-25	31	-34
800	96	3	0	-25	32	-34
801	96	3.5	0	26	-32	35
802	96	4	0	27	-32	36
803	96	4.5	0	28	-32	-36
804	97	1	25	29	0	-36
806	97	2	-25	30	0	35
807	97	2.5	-25	-30	0	34
808	97	3	22	31	29	33
809	97	3.5	-22	-31	-29	32
810	97	4	24	-31	-29	33
811	97	4.5	-24	30	-29	34
812	98	1	-24	28	26	35
813	98	1.5	23	-28	-26	-35
814	98	2	21	-28	28	-35
815	98	2.5	-21	29	-28	33
816	98	3	-21	30	-28	35
817	98	3.5	22	-30	-28	-35
818	98	4	23	-30	25	34
819	98	4.5	24	-30	-25	-34
820	99	1	25	29	27	-34
821	99	1.5	-25	-29	-27	33
822	99	2	23	25	-27	32
823	99	2.5	-23	-25	28	-32
824	99	3	22	26	29	-32
826	99	4	-22	-26	-29	31
828	100	1	25	25	-29	32
830	100	2	-25	-25	28	-32
831	100	2.5	-25	-25	27	-32
832	100	3	-25	-25	30	-32
836	100	1	-25	-25	29	-32
852	100	1	0	0	0	0
852	100	1	0	0	29	36
856	100	2	0	0	32	36
860	101	1	0	0	33	35
864	101	2	0	0	32	34
866	101	2.5	0	0	34	32
869	102	1.25	0	0	33	33
870	102	1.5	0	0	32	34
871	102	1.75	0	0	-32	32
872	102	2	22	29	-32	33
874	102	2.5	-22	-29	31	33
876	103	1	25	29	32	32
880	103	2	26	28	0	0
884	104	1	25	27	0	0
886	104	1.5	27	25	0	0
889	104	2.25	26	26	0	0
890	104	2.5	25	27	0	0
891	104	2.75	-25	25	0	0
892	105	1	-25	26	0	0
894	105	1.5	24	26	0	0
896	105	2	25	25	29	36
900	106	1	-25	0	32	36
904	106	2	0	0	33	35
908	107	1	0	0	32	34
910	107	1.5	0	0	34	36
913	107	2.25	0	0	33	35
914	107	2.5	0	0	32	34
916	108	1	22	29	-32	33
918	108	1.5	-22	-29	31	33
920	108	2	25	29	32	32
924	109	1	26	28	0	0
928	109	2	25	27	0	0
930	109	2.5	27	29	0	0
933	110	1.25	26	28	0	0
934	110	1.5	25	27	0	0
936	110	2	-25	26	0	0
938	110	2.5	24	26	0	0
940	111	1	23	25	0	0
942	111	1.5	25	-25	0	0
943	111	1.75	-25	26	0	0
944	111	2	-25	27	0	0
945	111	2.25	-25	25	0	0
946	111	2.5	24	28	0	0
947	111	2.75	23	-28	0	0
948	112	1	22	-28	0	0
950	112	1.5	-22	27	0	0
952	112	2	21	28	0	0
954	112	2.5	-21	-28	30	0
955	112	2.75	-21	27	-30	0
956	113	1	0	25	32	0
958	113	1.5	0	-25	-32	34
959	113	1.75	0	-25	32	-34
960	113	2	0	0	32	36
962	113	2.5	0	0	31	-36
963	113	2.75	0	0	-31	36
964	114	1	0	0	32	36
966	114	1.5	0	0	30	35
968	114	2	0	0	29	36
970	114	2.5	0	0	29	34
972	115	1	0	0	31	33
974	115	1.5	0	0	-31	33
975	115	1.75	0	0	31	-33
976	115	2	0	0	31	35
978	115	2.5	0	0	30	-35
979	115	2.75	0	0	-30	35
980	116	1	0	0	31	35
982	116	1.5	0	0	29	34
984	116	2	0	0	28	35
986	116	2.5	0	0	-28	33
988	117	1	0	0	0	32
990	117	1.5	23	0	0	-32
992	117	2	25	0	0	-32
994	117	2.5	-25	27	0	-32
995	117	2.75	25	-27	0	-32
996	118	1	25	29	0	0
998	118	1.5	24	-29	0	0
999	118	1.75	-24	29	0	0
1000	118	2	25	29	0	0
1002	118	2.5	23	28	0	0
1004	119	1	22	29	0	0
1006	119	1.5	22	27	0	0
1008	119	2	24	26	0	0
1010	119	2.5	-24	26	0	0
1011	119	2.75	24	-26	0	0
1012	120	1	24	28	0	0
1014	120	1.5	23	-28	0	0
1015	120	1.75	-23	28	0	0
1016	120	2	24	28	0	0
1018	120	2.5	22	27	0	36
1020	121	1	21	28	0	37
1022	121	1.5	-21	26	0	35
1024	121	2	0	25	0	36
1026	121	2.5	0	-25	32	34
1028	122	1	0	0	33	35
1030	122	1.5	0	29	31	33
1032	122	2	0	30	32	32
1034	122	2.5	0	28	30	-32
1036	123	1	0	29	31	0
1038	123	1.5	25	27	29	0
1040	123	2	26	28	28	0
1042	123	2.5	24	26	-28	0
1044	124	1	25	25	0	0
1046	124	1.5	23	-25	32	0
1048	124	2	24	0	33	0
1050	124	2.5	22	0	31	36
1052	125	1	21	0	32	37
1054	125	1.5	-21	0	30	35
1056	125	2	0	0	31	36
1058	125	2.5	25	0	29	34
1060	126	1	26	0	28	35
1062	126	1.5	24	0	-28	33
1064	126	2	25	29	0	32
1066	126	2.5	23	30	32	-32
1068	127	1	24	28	33	0
1070	127	1.5	22	29	31	36
1072	127	2	21	0	32	37
1074	127	2.5	25	27	30	-37
1075	127	2.75	-25	-27	-30	36
1076	128	1	26	28	31	35
1078	128	1.5	28	26	-31	35
1080	128	2	28	25	29	36
1082	128	2.5	27	32	-29	36
1084	129	1	28	32	28	37
1086	129	1.5	26	31	-28	-37
1087	129	1.75	-26	-31	-28	36
1087.5	129	1.875	-26	-31	-28	35
1088	129	2	25	32	29	34
1092	130	1	0	0	0	0
1094	130	1.5	25	32	29	34
1096	130	2	25	32	29	34
1098	130	2.5	25	32	29	34
1100	131	1	25	32	29	34
1102	131	1.5	25	32	29	34
1104	131	2	25	32	29	34
1106	131	2.5	25	32	29	34
1108	132	1	22	31	29	33
1110	132	1.5	-22	-31	26	-33
1112	132	2	-22	-31	27	0
1114	132	2.5	-22	-31	26	33
1116	133	1	-22	-31	29	34
1118	133	1.5	-22	-31	-29	33
1119	133	1.75	-22	-31	28	-33
1120	133	2	-22	-31	27	36
1122	133	2.5	-22	-31	26	-36
1123	133	2.75	-22	-31	-26	35
1124	134	1	0	0	25	34
1126	134	1.5	22	0	31	33
1128	134	2	23	0	32	32
1130	134	2.5	22	26	33	36
1132	135	1	25	27	29	-36
1133	135	1.25	-25	-27	-29	35
1134	135	1.5	-25	25	-29	34
1135	135	1.75	-25	-25	-29	33
1136	135	2	-25	29	25	34
1138	135	2.5	24	-29	26	33
1140	136	1	23	25	27	-33
1142	136	1.5	-23	-25	28	32
1144	136	2	22	26	29	-32
1146	136	2.5	-22	26	-29	31
1148	137	1	25	25	-29	32
1156	138	1	0	0	32	0
1160	138	2	0	0	31	0
1162	138	2.5	0	0	30	0
1164	139	1	0	0	29	36
1167	139	1.75	0	0	30	-36
1168	139	2	0	0	31	35
1170	139	2.5	0	0	32	34
1172	140	1	0	0	33	33
1174	140	1.5	0	0	-33	38
1176	140	2	0	29	-33	-38
1178	140	2.5	0	-29	32	37
1179	140	2.75	0	-29	31	36
1180	141	1	0	28	32	37
1182	141	1.5	0	27	29	36
1184	141	2	0	26	30	-36
1186	141	2.5	0	-26	-30	35
1188	142	1	25	0	29	36
1192	142	2	24	0	0	0
1194	142	2.5	23	0	0	0
1196	143	1	22	29	0	0
1199	143	1.75	23	-29	0	0
1200	143	2	24	28	0	0
1202	143	2.5	25	27	0	0
1204	144	1	26	26	0	0
1206	144	1.5	-26	31	0	0
1210	144	2.5	25	30	0	0
1211	144	2.75	24	29	0	0
1212	145	1	25	30	0	0
1214	145	1.5	22	29	0	0
1216	145	2	23	-29	0	0
1218	145	2.5	-23	28	0	0
1220	146	1	22	29	0	0
1222	146	1.5	-22	-29	31	33
1224	146	2	0	0	32	34
1227	146	2.75	0	0	31	33
1228	147	1	0	0	32	34
1230	147	1.5	0	0	31	33
1232	147	2	0	0	32	34
1234	147	2.5	0	0	30	35
1236	148	1	0	0	29	33
1238	148	1.5	22	26	-29	-33
1240	148	2	25	27	-29	0
1243	148	2.75	24	26	-29	0
1244	149	1	25	27	0	0
1246	149	1.5	24	26	29	0
1248	149	2	25	27	29	0
1250	149	2.5	23	28	30	0
1252	150	1	22	26	31	0
1254	150	1.5	-22	-26	-31	33
1256	150	2	-22	0	29	33
1258	150	2.5	-22	0	-29	34
1260	151	1	0	0	30	35
1262	151	1.5	0	0	31	-35
1263	151	1.75	0	0	-31	34
1264	151	2	0	0	-31	33
1265	151	2.25	0	0	30	32
1266	151	2.5	0	0	29	34
1267	151	2.75	0	0	28	-34
1268	152	1	0	0	29	-34
1269	152	1.25	0	0	28	-34
1270	152	1.5	22	0	27	33
1271	152	1.75	-22	0	26	-33
1272	152	2	22	0	27	-33
1274	152	2.5	23	0	-27	32
1276	153	1	24	0	26	33
1278	153	1.5	-24	26	-26	-33
1280	153	2	22	26	0	0
1282	153	2.5	-22	27	0	0
1284	154	1	23	28	0	0
1286	154	1.5	24	26	0	0
1288	154	2	25	27	0	0
1290	154	2.5	-25	-27	29	0
1291	154	2.75	-25	28	-29	0
1292	155	1	0	29	31	0
1294	155	1.5	0	-29	31	33
1296	155	2	0	0	31	35
1298	155	2.5	0	0	-31	35
1299	155	2.75	0	0	30	-35
1299.5	155	2.875	0	0	29	-35
1300	156	1	0	0	28	35
1302	156	1.5	0	0	29	-35
1303	156	1.75	0	0	-29	34
1303.5	156	1.875	0	0	-29	33
1304	156	2	0	0	30	32
1306	156	2.5	0	0	31	33
1308	157	1	0	0	32	34
1310	157	1.5	0	0	33	35
1312	157	2	0	25	-33	36
1314	157	2.5	0	-25	32	34
1316	158	1	0	29	-32	33
1318	158	1.5	0	-29	31	-33
1320	158	2	21	30	32	32
1324	159	1	25	29	-32	34
1326	159	1.5	-25	30	-32	-34
1328	159	2	26	-30	30	35
1330	159	2.5	-26	28	-30	-35
1332	160	1	24	-28	33	35
1334	160	1.5	-24	31	-33	-35
1336	160	2	28	-31	32	-35
1338	160	2.5	-28	30	-32	-35
1340	161	1	29	31	31	33
1342	161	1.5	-29	-31	33	38
1343	161	1.75	-29	30	-33	-38
1344	161	2	-29	29	-33	-38
1345	161	2.25	-29	-29	32	-38
1346	161	2.5	26	28	33	37
1348	162	1	27	29	31	-37
1350	162	1.5	-27	-29	32	36
1352	162	2	26	30	33	-36
1353	162	2.25	-26	-30	-33	35
1354	162	2.5	-26	-30	-33	35
1356	163	1	22	29	31	36
1364	164	1	-22	-29	-31	36
1368	164	2	-22	-29	-31	36
1370	164	2.5	-22	-29	-31	36
1372	165	1	0	0	0	35
1376	165	2	0	0	32	34
1378	165	2.5	0	0	-32	34
1380	166	1	0	0	32	-34
1382	166	1.5	0	0	32	33
1383	166	1.75	0	0	-32	32
1384	166	2	0	0	31	33
1386	166	2.5	0	0	-31	33
1388	167	1	0	32	30	32
1390	167	1.5	0	-32	30	-32
1391	167	1.75	0	-32	-30	33
1392	167	2	0	32	-30	34
1393	167	2.25	0	-32	-30	32
1394	167	2.5	0	32	29	35
1395	167	2.75	0	-32	28	-35
1396	168	1	0	31	29	-35
1398	168	1.5	0	-31	29	34
1400	168	2	28	30	28	35
1402	168	2.5	-28	30	-28	-35
1404	169	1	28	-30	0	-35
1406	169	1.5	28	29	0	-35
1407	169	1.75	-28	28	0	-35
1408	169	2	27	29	0	0
1410	169	2.5	-27	29	0	0
1412	170	1	26	28	0	0
1414	170	1.5	26	-28	0	0
1415	170	1.75	-26	29	0	0
1416	170	2	-26	30	0	0
1417	170	2.25	-26	28	0	0
1418	170	2.5	25	31	0	0
1419	170	2.75	24	-31	0	0
1420	171	1	25	-31	0	0
1422	171	1.5	-25	30	0	0
1424	171	2	24	29	0	0
1426	171	2.5	24	-29	0	0
1427	171	2.75	-24	28	0	0
1427.5	171	2.875	-24	27	0	0
1428	172	1	-24	26	0	0
1430	172	1.5	23	29	0	0
1431	172	1.75	22	-29	0	0
1432	172	2	23	-29	0	0
1434	172	2.5	-23	28	0	0
1436	173	1	22	29	0	36
1440	173	2	-22	-29	0	36
1442	173	2.5	-22	-29	0	36
1444	174	1	0	0	0	35
1448	174	2	0	0	32	34
1450	174	2.5	0	0	-32	34
1452	175	1	0	0	32	-34
1454	175	1.5	0	0	32	33
1455	175	1.75	0	0	-32	32
1456	175	2	0	0	31	33
1458	175	2.5	0	0	-31	33
1460	176	1	0	32	30	32
1462	176	1.5	0	-32	30	-32
1463	176	1.75	0	-32	-30	33
1464	176	2	0	32	-30	34
1465	176	2.25	0	-32	-30	32
1466	176	2.5	0	32	29	35
1467	176	2.75	0	-32	28	-35
1468	177	1	0	31	29	-35
1470	177	1.5	0	-31	29	34
1472	177	2	28	30	28	35
1474	177	2.5	-28	30	-28	-35
1476	178	1	28	-30	0	-35
1478	178	1.5	28	29	0	-35
1479	178	1.75	-28	28	0	-35
1480	178	2	27	29	0	0
1482	178	2.5	-27	29	0	0
1484	179	1	26	28	0	0
1486	179	1.5	26	-28	0	0
1487	179	1.75	-26	29	0	0
1488	179	2	-26	30	0	0
1489	179	2.25	-26	28	0	0
1490	179	2.5	25	31	0	0
1491	179	2.75	24	-31	0	0
1492	180	1	25	-31	0	0
1494	180	1.5	-25	30	0	0
1496	180	2	24	29	0	0
1498	180	2.5	24	28	0	0
1499	180	2.75	-24	27	0	0
1500	181	1	-24	26	0	0
1502	181	1.5	23	29	0	0
1503	181	1.75	22	-29	0	0
1504	181	2	23	-29	0	0
1506	181	2.5	-23	28	0	0
1508	182	1	22	29	0	33
1510	182	1.5	-22	-29	29	34
1512	182	2	0	0	30	32
1514	182	2.5	0	0	28	33
1516	183	1	0	0	29	34
1518	183	1.5	0	0	30	35
1520	183	2	0	26	31	33
1522	183	2.5	22	27	29	36
1524	184	1	23	25	32	0
1526	184	1.5	21	26	0	0
1528	184	2	22	27	0	0
1530	184	2.5	23	28	0	0
1532	185	1	24	26	0	0
1534	185	1.5	-24	29	26	0
1536	185	2	23	-29	27	0
1538	185	2.5	-23	28	25	0
1540	186	1	22	29	26	0
1542	186	1.5	-22	-29	27	36
1544	186	2	0	0	28	37
1546	186	2.5	0	0	26	35
1548	187	1	0	0	29	38
1551	187	1.75	0	0	30	37
1552	187	2	0	0	31	35
1553	187	2.25	0	0	-31	36
1554	187	2.5	0	0	32	37
1557	188	1.25	0	0	31	36
1558	188	1.5	0	0	29	36
1560	188	2	0	0	30	-36
1562	188	2.5	0	26	-30	35
1564	189	1	0	27	29	36
1566	189	1.5	25	25	-29	-36
1568	189	2	24	26	-29	-36
1570	189	2.5	25	27	-29	-36
1572	190	1	26	28	0	0
1574	190	1.5	24	26	0	35
1576	190	2	25	29	0	34
1578	190	2.5	24	-29	26	33
1580	191	1	25	-29	27	32
1582	191	1.5	-25	-29	25	34
1583	191	1.75	24	-29	-25	-34
1584	191	2	22	29	26	33
1586	191	2.5	-22	-29	27	32
1587	191	2.75	-22	28	-27	31
1588	192	1	0	26	28	30
1590	192	1.5	24	28	26	33
1592	192	2	25	27	29	32
1594	192	2.5	24	26	-29	33
1596	193	1	25	27	-29	-33
1598	193	1.5	-25	-27	-29	32
1599	193	1.75	-25	25	-29	-32
1600	193	2	22	26	-29	-32
1602	193	2.5	-22	26	-29	31
1604	194	1	25	25	-29	32
1608	194	2	0	0	0	0
1612	195	1	25	29	32	34
1620	196	1	25	29	32	34
1624	196	2	25	29	32	34
1628	197	1	21	30	32	35
1636	198	1	25	29	32	34
1646	199	1.5	23	0	-32	-34
1650	199	2.5	25	27	-32	-34
1654	200	1.5	24	29	0	0
1656	200	2	26	-29	0	0
1658	200	2.5	-26	28	30	0
1660	201	1	25	30	-30	0
1662	201	1.5	-25	-30	32	34
1664	201	2	0	29	-32	-34
1666	201	2.5	0	-29	31	36
1668	202	1	0	0	33	-36
1670	202	1.5	0	0	-33	35
1672	202	2	0	0	32	37
1675	202	2.75	0	0	30	-37
1676	203	1	0	0	31	36
1678	203	1.5	0	27	29	-36
1679	203	1.75	0	-27	-29	35
1680	203	2	0	-27	-29	34
1681	203	2.25	0	-27	30	33
1682	203	2.5	0	29	31	34
1683	203	2.75	0	-29	29	-34
1684	204	1	0	-29	31	-34
1685	204	1.25	0	-29	32	-34
1686	204	1.5	0	28	33	35
1688	204	2	0	30	-33	-35
1689	204	2.25	0	-30	-33	34
1690	204	2.5	0	-30	32	33
1691	204	2.75	0	-30	-32	32
1692	205	1	0	29	-32	33
1694	205	1.5	22	-29	31	-33
1696	205	2	23	0	32	32
1698	205	2.5	21	0	30	-32
1700	206	1	23	0	28	-32
1702	206	1.5	-23	25	30	-32
1703	206	1.75	24	-25	-30	-32
1704	206	2	25	27	29	-32
1706	206	2.5	-25	25	-29	-32
1708	207	1	-25	27	-29	-32
1711	207	1.75	-25	28	-29	-32
1712	207	2	-25	29	0	0
1713	207	2.25	-25	30	0	0
1714	207	2.5	-25	29	27	32
1716	208	1	0	-29	-27	36
1717	208	1.25	0	28	-27	-36
1718	208	1.5	25	27	29	-36
1719	208	1.75	-25	26	-29	35
1720	208	2	-25	27	-29	34
1722	208	2.5	21	25	28	35
1724	209	1	25	27	30	34
1726	209	1.5	21	28	-30	32
1728	209	2	22	26	29	-32
1730	209	2.5	-22	-26	-29	31
1732	210	1	0	25	0	32
1734	210	1.5	29	-25	27	-32
1737	210	2.25	28	-25	-27	-32
1738	210	2.5	27	-25	29	-32
1739	210	2.75	26	-25	-29	-32
1740	211	1	27	-25	-29	-32
1742	211	1.5	21	-25	28	-32
1744	211	2	-21	-25	30	-32
1745	211	2.25	22	-25	-30	-32
1746	211	2.5	23	-25	-30	-32
1747	211	2.75	21	-25	-30	-32
1748	212	1	25	-25	29	-32
*-	*-	*-	*-	*-	*-	*-
