**absq	**bar	**beat	**b7	**b7	**b7	**b7
0	1	1	25	0	29	0
6	1	2.5	-25	0	32	0
8	1	3	26	0	-32	0
9	1	3.25	-26	0	31	0
9.5	1	3.375	-26	0	30	0
10	1	3.5	-26	0	31	0
12	2	1	25	25	32	0
14	2	1.5	23	-25	-32	0
17	2	2.25	22	-25	-32	0
18	2	2.5	21	-25	30	0
20	2	3	-21	28	-30	0
21	2	3.25	22	-28	31	0
22	2	3.5	21	-28	30	0
23	2	3.75	20	-28	29	0
23.5	2	3.875	19	-28	28	0
24	3	1	18	27	29	32
26	3	1.5	-18	-27	25	-32
27	3	1.75	-18	26	-25	-32
28	3	2	21	25	-25	-32
29	3	2.25	-21	24	-25	-32
30	3	2.5	-21	23	28	-32
34	3	3.5	20	22	29	-32
36	4	1	19	23	28	35
39	4	1.75	-19	-23	29	-35
40	4	2	-19	21	30	-35
42	4	2.5	-19	-21	31	-35
44	4	3	18	22	32	34
46	4	3.5	25	23	-32	-34
47	4	3.75	-25	-23	-32	33
47.5	4	3.875	-25	-23	-32	32
48	5	1	24	22	0	33
50	5	1.5	-24	29	0	-33
51	5	1.75	23	-29	0	-33
51.5	5	1.875	22	-29	0	-33
52	5	2	23	-29	25	32
54	5	2.5	-23	28	-25	30
56	5	3	22	29	26	31
59	5	3.75	23	-29	-26	32
60	6	1	24	-29	-26	33
62	6	1.5	25	-29	25	34
64	6	2	-25	29	27	-34
65	6	2.25	24	-29	-27	33
66	6	2.5	25	-29	-27	32
67	6	2.75	-25	-29	28	-32
68	6	3	22	-29	26	-32
70	6	3.5	-22	-29	-26	31
72	7	1	18	29	0	32
74	7	1.5	-18	-29	29	-32
76	7	2	21	25	30	0
78	7	2.5	-21	-25	-30	32
79	7	2.75	22	-25	29	-32
80	7	3	23	-25	28	-32
81	7	3.25	-23	-25	27	31
82	7	3.5	-23	-25	28	30
83	7	3.75	-23	-25	-28	29
83.5	7	3.875	-23	-25	-28	30
84	8	1	22	29	0	31
86	8	1.5	-22	-29	29	-31
87	8	1.75	-22	-29	-29	29
87.5	8	1.875	-22	-29	30	-29
88	8	2	-22	-29	31	-29
89	8	2.25	-22	-29	-31	28
90	8	2.5	-22	-29	-31	27
91	8	2.75	-22	-29	-31	26
91.5	8	2.875	-22	-29	-31	25
92	8	3	-22	29	-31	26
96	9	1	23	28	32	25
99	9	1.75	-23	-28	30	-25
101	9	2.25	-23	-28	29	-25
102	9	2.5	-23	-28	28	-25
103	9	2.75	-23	-28	27	-25
104	9	3	24	28	26	-25
107	9	3.75	-24	-28	25	-25
107.5	9	3.875	-24	-28	26	-25
108	10	1	25	27	27	0
110	10	1.5	27	25	29	0
111	10	1.75	-27	26	-29	0
112	10	2	-27	27	-29	32
113	10	2.25	26	28	28	-32
114	10	2.5	25	29	27	-32
115	10	2.75	-25	-29	26	-32
115.5	10	2.875	-25	-29	27	-32
116	10	3	24	26	28	33
116.5	10	3.125	-24	-26	27	-33
117	10	3.25	-24	-26	26	-33
117.5	10	3.375	-24	-26	25	-33
118	10	3.5	-24	28	26	-33
119	10	3.75	23	-28	-26	-33
119.5	10	3.875	24	-28	-26	-33
120	11	1	25	27	25	34
122	11	1.5	-25	25	0	-34
123	11	1.75	-25	-25	32	-34
124	11	2	0	25	-32	-34
125	11	2.25	0	-25	31	-34
125.5	11	2.375	0	-25	30	-34
126	11	2.5	0	-25	29	-34
128	11	3	21	0	30	35
131	11	3.75	-21	0	31	34
131.5	11	3.875	-21	0	-31	33
132	12	1	18	25	32	34
134	12	1.5	21	-25	30	32
137	12	2.25	-21	-25	29	31
138	12	2.5	-21	-25	28	30
139	12	2.75	-21	-25	27	-30
139.5	12	2.875	-21	-25	28	-30
140	12	3	18	25	29	29
141	12	3.25	-18	-25	27	-29
142	12	3.5	25	-25	-27	-29
143	12	3.75	-25	-25	26	-29
144	13	1	0	26	28	28
146	13	1.5	24	-26	-28	-28
147	13	1.75	-24	25	27	-28
148	13	2	-24	24	26	-28
149	13	2.25	23	-24	25	-28
149.5	13	2.375	-23	-24	24	-28
150	13	2.5	21	28	23	-28
152	13	3	22	-28	24	0
154	13	3.5	-22	27	-24	0
155	13	3.75	-22	-27	23	0
155.5	13	3.875	-22	-27	24	0
156	14	1	21	28	25	30
158	14	1.5	-21	-28	-25	32
161	14	2.25	-21	-28	0	31
162	14	2.5	-21	-28	32	30
164	14	3	-21	25	-32	-30
165	14	3.25	-21	-25	33	31
166	14	3.5	-21	-25	32	30
167	14	3.75	-21	-25	31	29
167.5	14	3.875	-21	-25	30	28
168	15	1	0	0	29	27
169	15	1.25	0	0	-29	28
170	15	1.5	18	25	27	29
171	15	1.75	-18	-25	28	-29
172	15	2	20	-25	29	-29
173	15	2.25	-20	-25	-29	28
174	15	2.5	21	25	30	28
176	15	3	18	25	29	-28
178	15	3.5	-18	25	-29	27
180	16	1	0	21	28	28
181	16	1.25	0	22	-28	-28
182	16	1.5	21	23	-28	-28
183	16	1.75	-21	24	-28	29
184	16	2	-21	25	0	30
185	16	2.25	19	-25	0	31
186	16	2.5	20	-25	0	29
187	16	2.75	-20	26	0	-29
188	16	3	18	27	0	32
189	16	3.25	-18	28	0	-32
190	16	3.5	25	29	0	-32
191	16	3.75	-25	-29	0	33
192	17	1	-25	25	0	34
193	17	1.25	23	-25	0	35
194	17	1.5	24	26	0	33
195	17	1.75	22	-26	0	-33
196	17	2	25	27	0	-33
197	17	2.25	-25	-27	0	32
198	17	2.5	27	25	0	32
200	17	3	26	22	0	-32
202	17	3.5	-26	-22	0	31
204	18	1	0	23	0	32
206	18	1.5	25	-23	0	-32
207	18	1.75	-25	24	0	-32
208	18	2	-25	25	32	-32
210	18	2.5	23	-25	-32	-32
212	18	3	-23	0	30	-32
213	18	3.25	24	0	-30	-32
214	18	3.5	25	0	-30	-32
215	18	3.75	-25	0	31	-32
216	19	1	21	0	32	0
217.5	19	1.375	-21	0	31	0
218	19	1.5	25	0	29	0
219	19	1.75	-25	0	28	0
219.5	19	1.875	-25	0	29	0
220	19	2	-25	0	30	0
221	19	2.25	24	0	-30	0
222	19	2.5	23	0	28	0
224	19	3	22	0	-28	0
225	19	3.25	-22	0	27	0
225.5	19	3.375	-22	0	26	0
226	19	3.5	-22	0	27	0
228	20	1	21	0	28	32
230	20	1.5	-21	21	-28	-32
232	20	2	-21	-21	0	32
233	20	2.25	-21	22	0	-32
234	20	2.5	-21	23	25	32
235	20	2.75	-21	24	-25	-32
236	20	3	18	25	-25	-32
237	20	3.25	-18	-25	26	31
238	20	3.5	-18	-25	27	29
239	20	3.75	19	24	28	-29
240	21	1	20	22	29	-29
241	21	1.25	21	-22	-29	30
242	21	1.5	22	-22	-29	31
243	21	1.75	-22	23	28	32
243.5	21	1.875	-22	-23	27	-32
244	21	2	-22	24	26	33
246	21	2.5	18	22	25	34
247	21	2.75	-18	23	-25	-34
248	21	3	22	24	26	33
249	21	3.25	23	25	-26	-33
250	21	3.5	24	26	-26	-33
252	22	1	25	27	25	0
254	22	1.5	23	25	28	32
255.5	22	1.875	-23	-25	27	-32
256	22	2	22	-25	29	33
257	22	2.25	-22	24	-29	-33
258	22	2.5	-22	24	-29	-33
259	22	2.75	21	-24	-29	34
259.5	22	2.875	20	-24	-29	-34
260	22	3	19	-24	28	35
261	22	3.25	-19	23	-28	-35
262	22	3.5	-19	21	26	-35
264	23	1	18	22	27	34
266	23	1.5	-18	-22	-27	32
267	23	1.75	-18	-22	28	-32
268	23	2	-18	25	29	-32
269	23	2.25	-18	-25	-29	31
270	23	2.5	-18	-25	30	30
271	23	2.75	-18	26	31	29
272	23	3	-18	27	32	29
274	23	3.5	-18	25	-32	-29
276	24	1	-18	-25	32	30
278	24	1.5	-18	27	-32	29
279	24	1.75	-18	-27	31	-29
279.5	24	1.875	-18	-27	30	-29
280	24	2	-18	-27	29	-29
281	24	2.25	-18	26	-29	-29
282	24	2.5	-18	25	-29	32
284	24	3	-18	-25	29	-32
285	24	3.25	-18	-25	-29	33
286	24	3.5	-18	25	-29	34
288	25	1	0	26	28	33
290	25	1.5	0	-26	-28	35
291	25	1.75	0	-26	27	-35
292	25	2	0	24	26	-35
293	25	2.25	0	-24	25	34
294	25	2.5	0	-24	28	33
296	25	3	0	25	-28	-33
297	25	3.25	0	-25	27	-33
297.5	25	3.375	0	-25	26	-33
298	25	3.5	0	-25	27	32
300	26	1	22	24	26	33
302	26	1.5	24	26	-26	-33
303	26	1.75	-24	-26	27	-33
304	26	2	-24	-26	28	0
305	26	2.25	-24	-26	29	0
306	26	2.5	23	25	28	0
308	26	3	22	24	-28	0
309	26	3.25	-22	-24	27	0
310	26	3.5	-22	-24	27	0
311	26	3.75	-22	-24	26	0
312	27	1	23	25	28	32
314	27	1.5	25	21	0	-32
316	27	2	-25	21	30	32
317	27	2.25	24	-21	-30	-32
318	27	2.5	25	-21	-30	30
319	27	2.75	-25	-21	31	-30
320	27	3	23	-21	32	-30
321	27	3.25	-23	-21	-32	31
322	27	3.5	21	-21	30	32
324	28	1	18	0	29	-32
325	28	1.25	-18	0	-29	31
326	28	1.5	-18	0	-29	29
328	28	2	-18	25	-29	32
331	28	2.75	-18	-25	-29	33
332	28	3	18	-25	29	34
334	28	3.5	-18	25	-29	34
336	29	1	21	25	28	35
339	29	1.75	-21	-25	-28	34
340	29	2	0	-25	-28	32
342	29	2.5	0	26	-28	33
343	29	2.75	0	27	-28	-33
344	29	3	0	28	-28	32
345	29	3.25	0	-28	-28	31
346	29	3.5	0	24	-28	30
347	29	3.75	0	-24	-28	29
348	30	1	19	23	0	30
351	30	1.75	-19	24	0	-30
351.5	30	1.875	-19	25	0	-30
352	30	2	26	26	24	29
356	30	3	-26	22	24	-29
358	30	3.5	26	-22	-24	-29
359	30	3.75	-26	-22	23	-29
359.5	30	3.875	-26	-22	24	-29
360	31	1	25	23	25	0
362	31	1.5	-25	25	-25	0
363	31	1.75	24	-25	-25	0
363.5	31	1.875	23	-25	-25	0
364	31	2	22	-25	26	33
366	31	2.5	-22	24	-26	-33
367	31	2.75	-22	23	25	-33
368	31	3	-22	24	26	-33
372	32	1	18	25	25	34
375	32	1.75	19	-25	-25	-34
376	32	2	20	-25	0	34
378	32	2.5	21	-25	0	32
380	32	3	18	0	0	-32
381	32	3.25	-18	0	0	31
382	32	3.5	21	0	0	30
383	32	3.75	-21	0	0	29
384	33	1	-21	25	0	32
385	33	1.25	20	-25	0	-32
386	33	1.5	18	-25	0	-32
387	33	1.75	-18	26	0	31
388	33	2	0	27	0	29
390	33	2.5	21	28	0	25
391	33	2.75	22	-28	0	-25
392	33	3	23	25	0	-25
393	33	3.25	24	-25	0	26
394	33	3.5	25	-25	0	27
395	33	3.75	-25	26	0	28
396	34	1	-25	27	0	29
397	34	1.25	24	-27	0	-29
398	34	1.5	22	-27	0	-29
399	34	1.75	-22	-27	0	30
400	34	2	-22	26	0	31
402	34	2.5	24	26	0	29
404	34	3	23	-26	0	-29
405	34	3.25	-23	-26	0	28
406	34	3.5	-23	25	0	28
407	34	3.75	-23	-25	0	27
408	35	1	22	26	0	29
410	35	1.5	24	-26	0	-29
411	35	1.75	25	-26	0	-29
412	35	2	26	24	0	28
414	35	2.5	27	25	0	27
415	35	2.75	25	-25	0	-27
416	35	3	-25	22	0	26
417	35	3.25	24	-22	0	-26
418	35	3.5	24	-22	0	-26
419	35	3.75	23	-22	0	-26
420	36	1	25	0	25	0
422	36	1.5	-25	0	27	25
424	36	2	18	25	-27	27
425	36	2.25	-18	-25	28	-27
426	36	2.5	-18	-25	29	-27
427	36	2.75	-18	-25	-29	28
428	36	3	-18	27	25	29
430	36	3.5	-18	27	29	25
432	37	1	21	28	30	0
434	37	1.5	-21	-28	-30	32
435	37	1.75	-21	-28	29	-32
435.5	37	1.875	-21	-28	28	-32
436	37	2	18	27	29	-32
437	37	2.25	-18	-27	-29	33
438	37	2.5	-18	-27	-29	34
439	37	2.75	-18	26	-29	-34
440	37	3	-18	25	27	-34
441	37	3.25	-18	24	-27	33
442	37	3.5	-18	25	-27	32
443	37	3.75	-18	-25	-27	31
443.5	37	3.875	-18	-25	-27	32
444	38	1	22	24	26	33
446	38	1.5	20	-24	27	29
447	38	1.75	-20	-24	29	-29
448	38	2	-20	24	-29	-29
449	38	2.25	21	-24	28	30
450	38	2.5	22	24	27	31
451	38	2.75	-22	-24	26	-31
452	38	3	21	23	28	32
453.5	38	3.375	-21	-23	29	-32
454	38	3.5	-21	25	30	28
455	38	3.75	-21	-25	28	-28
456	39	1	18	-25	29	0
458	39	1.5	-18	25	27	29
460	39	2	-18	25	-27	-29
461	39	2.25	-18	-25	26	28
462	39	2.5	-18	-25	27	29
464	39	3	21	25	28	30
465.5	39	3.375	-21	-25	29	-30
466	39	3.5	-21	25	30	28
467	39	3.75	22	-25	31	-28
468	40	1	23	25	32	-28
469	40	1.25	22	-25	-32	29
470	40	1.5	25	-25	30	30
471	40	1.75	-25	-25	-30	31
472	40	2	23	-25	28	32
474	40	2.5	21	-25	30	35
476	40	3	25	0	29	-35
477	40	3.25	-25	0	-29	34
478	40	3.5	-25	25	-29	34
479	40	3.75	-25	-25	-29	33
480	41	1	21	-25	28	35
481	41	1.25	-21	24	-28	-35
482	41	1.5	-21	23	0	-35
483	41	1.75	-21	22	0	-35
484	41	2	-21	23	32	0
486	41	2.5	-21	-23	-32	32
487	41	2.75	-21	24	31	-32
488	41	3	-21	25	30	-32
489	41	3.25	-21	-25	29	31
490	41	3.5	-21	25	30	30
491	41	3.75	-21	-25	-30	29
492	42	1	25	21	-30	30
493	42	1.25	-25	-21	31	-30
494	42	1.5	23	-21	32	-30
495	42	1.75	-23	-21	-32	31
496	42	2	-23	-21	32	32
497	42	2.25	22	-21	-32	-32
498	42	2.5	21	-21	28	32
499	42	2.75	20	-21	-28	-32
500	42	3	19	0	-28	28
501	42	3.25	-19	0	29	-28
502	42	3.5	-19	28	30	-28
503	42	3.75	-19	-28	28	-28
504	43	1	18	27	29	32
506	43	1.5	21	28	30	-32
508	43	2	-21	25	-30	-32
509	43	2.25	22	-25	29	-32
510	43	2.5	23	-25	28	-32
511	43	2.75	-23	-25	27	-32
512	43	3	24	28	26	33
516	44	1	25	27	25	34
517	44	1.25	-25	-27	27	-34
518	44	1.5	-25	-27	-27	32
519	44	1.75	24	26	28	33
520	44	2	22	27	29	-33
521	44	2.25	-22	-27	-29	32
522	44	2.5	23	28	25	32
524	44	3	22	29	26	-32
526	44	3.5	-22	-29	-26	31
528	45	1	18	0	25	32
530	45	1.5	-18	22	-25	-32
532	45	2	-18	23	0	0
534	45	2.5	-18	22	0	29
536	45	3	-18	25	0	-29
538	45	3.5	-18	-25	0	30
539	45	3.75	-18	26	0	-30
540	46	1	-18	27	29	29
542	46	1.5	-18	-27	30	32
544	46	2	0	-27	29	-32
545	46	2.25	0	-27	-29	31
546	46	2.5	18	25	32	29
548	46	3	-18	25	-32	-29
549	46	3.25	19	-25	31	28
550	46	3.5	20	-25	29	27
551	46	3.75	21	-25	-29	-27
552	47	1	22	24	-29	26
553	47	1.25	-22	-24	28	-26
553.5	47	1.375	-22	-24	27	-26
554	47	1.5	-22	-24	26	-26
555	47	1.75	-22	-24	-26	29
556	47	2	0	-24	-26	28
558	47	2.5	22	24	26	29
560	47	3	19	23	26	-29
562	47	3.5	-19	-23	-26	28
564	48	1	26	22	24	29
566	48	1.5	24	-22	26	-29
568	48	2	-24	24	-26	-29
569	48	2.25	25	-24	27	-29
570	48	2.5	26	-24	28	28
571	48	2.75	-26	-24	-28	27
572	48	3	24	0	-28	26
574	48	3.5	-24	0	29	-26
575	48	3.75	23	0	-29	-26
576	49	1	25	29	27	0
578	49	1.5	18	-29	25	27
579	49	1.75	-18	29	-25	-27
580	49	2	-18	29	32	-27
581	49	2.25	-18	-29	-32	26
582	49	2.5	21	28	-32	25
583	49	2.75	-21	-28	31	-25
584	49	3	-21	28	30	32
585	49	3.25	20	-28	29	-32
586	49	3.5	18	29	29	34
588	50	1	25	27	-29	-34
589	50	1.25	-25	-27	-29	33
590	50	1.5	-25	-27	30	32
591	50	1.75	24	-27	-30	-32
592	50	2	22	26	31	33
594	50	2.5	-22	-26	29	31
596	50	3	26	0	-29	30
598	50	3.5	-26	0	28	-30
600	51	1	22	0	29	29
604	51	2	0	0	25	29
606.667	51	2.66667	0	0	-25	30
608	51	3	0	0	26	-30
609.333	51	3.33333	0	0	-26	31
610.667	51	3.66667	0	0	27	-31
612	52	1	0	0	-27	32
613.333	52	1.33333	0	0	28	-32
614.667	52	1.66667	0	0	-28	33
616	52	2	0	0	29	34
617.333	52	2.33333	0	0	30	32
618.667	52	2.66667	0	0	28	-32
620	52	3	0	0	-28	35
621.333	52	3.33333	0	0	29	-35
622.667	52	3.66667	0	0	-29	34
624	53	1	0	0	28	35
625.333	53	1.33333	0	0	26	-35
626	53	1.5	0	0	-26	34
626.667	53	1.66667	0	0	-26	33
627.333	53	1.83333	0	0	-26	32
628	53	2	0	0	25	34
629.333	53	2.33333	0	0	28	33
630.667	53	2.66667	0	0	29	-33
631.333	53	2.83333	0	0	-29	32
632	53	3	0	0	27	32
633.333	53	3.33333	0	0	26	-32
634.667	53	3.66667	0	0	-26	31
636	54	1	18	25	25	32
640	54	2	-18	-25	29	0
642	54	2.5	18	-25	32	0
644	54	3	-18	25	-32	32
646	54	3.5	21	-25	30	-32
648	55	1	-21	28	-30	-32
649	55	1.25	-21	-28	31	-32
650	55	1.5	-21	-28	32	35
652	55	2	21	-28	30	-35
653	55	2.25	-21	-28	-30	34
654	55	2.5	24	-28	31	33
655	55	2.75	-24	-28	33	-33
656	55	3	-24	28	-33	-33
657	55	3.25	25	-28	32	34
658	55	3.5	26	-28	30	33
659	55	3.75	24	-28	31	-33
660	56	1	25	27	29	32
661.5	56	1.375	-25	-27	-29	31
662	56	1.5	-25	-27	32	29
664	56	2	0	26	31	-29
666	56	2.5	0	-26	-31	28
667	56	2.75	0	-26	33	-28
668	56	3	0	-26	-33	28
668.5	56	3.125	0	-26	32	-28
669	56	3.25	0	-26	31	-28
669.5	56	3.375	0	-26	30	-28
670	56	3.5	0	-26	31	-28
671	56	3.75	0	-26	-31	27
671.5	56	3.875	0	-26	-31	28
672	57	1	0	25	32	29
674	57	1.5	29	-25	-32	-29
677	57	2.25	28	-25	-32	-29
678	57	2.5	29	-25	-32	29
680	57	3	27	-25	0	-29
681	57	3.25	-27	-25	0	28
682	57	3.5	25	-25	0	29
684	58	1	0	-25	29	27
686	58	1.5	27	-25	-29	25
687	58	1.75	-27	-25	28	-25
688	58	2	-27	-25	29	-25
689	58	2.25	25	-25	-29	-25
690	58	2.5	27	-25	27	32
691.5	58	2.875	28	-25	-27	-32
692	58	3	29	-25	25	-32
693	58	3.25	-29	-25	-25	31
694	58	3.5	27	-25	29	32
696	59	1	26	0	0	33
697.5	59	1.375	25	0	0	-33
698	59	1.5	26	0	28	-33
699	59	1.75	-26	0	-28	32
700	59	2	24	0	26	33
702	59	2.5	22	0	-26	31
703	59	2.75	23	0	25	-31
704	59	3	24	0	26	29
705	59	3.25	25	0	27	30
706	59	3.5	26	0	28	31
707	59	3.75	-26	0	-28	32
708	60	1	-26	0	-28	33
710	60	1.5	25	0	29	34
713	60	2.25	23	0	-29	33
714	60	2.5	24	0	28	33
716	60	3	25	29	27	-33
718	60	3.5	-25	-29	-27	32
720	61	1	22	-29	26	33
724	61	2	-22	29	-26	0
726	61	2.5	-22	-29	-26	31
729	61	3.25	-22	-29	-26	30
730	61	3.5	-22	-29	-26	31
732	62	1	23	25	0	32
734	62	1.5	25	-25	27	-32
735	62	1.75	-25	-25	-27	31
736	62	2	-25	-25	-27	30
737	62	2.25	24	-25	26	29
738	62	2.5	23	-25	25	30
739	62	2.75	22	-25	-25	-30
740	62	3	23	-25	32	-30
741	62	3.25	-23	-25	-32	28
742	62	3.5	-23	-25	30	-28
743	62	3.75	-23	-25	-30	27
744	63	1	0	0	31	29
746	63	1.5	22	0	-31	-29
748	63	2	20	29	-31	0
750	63	2.5	-20	-29	29	31
751	63	2.75	21	-29	-29	-31
752	63	3	22	-29	-29	-31
753	63	3.25	-22	-29	30	32
754	63	3.5	22	-29	31	33
755	63	3.75	-22	-29	32	-33
756	64	1	-22	29	33	-33
757	64	1.25	23	-29	-33	-33
757.5	64	1.375	24	-29	-33	-33
758	64	1.5	25	-29	32	34
760	64	2	26	28	30	35
761	64	2.25	-26	-28	31	-35
762	64	2.5	-26	-28	-31	33
762.5	64	2.625	-26	-28	32	-33
763	64	2.75	-26	-28	33	-33
764.5	64	3.125	-26	-28	32	-33
765	64	3.25	-26	-28	30	32
766	64	3.5	-26	-28	31	33
768	65	1	25	27	32	34
770	65	1.5	-25	-27	29	32
772	65	2	22	26	-29	33
773	65	2.25	-22	-26	30	-33
774	65	2.5	-22	-26	29	-33
775	65	2.75	-22	-26	28	31
775.5	65	2.875	-22	-26	27	-31
776	65	3	-22	-26	26	-31
776.5	65	3.125	-22	-26	-26	32
777	65	3.25	-22	-26	-26	33
778	65	3.5	-22	-26	29	31
779	65	3.75	-22	-26	-29	30
780	66	1	18	25	-29	32
781	66	1.25	-18	-25	28	-32
782	66	1.5	-18	-25	27	-32
783	66	1.75	-18	-25	26	-32
784	66	2	-18	-25	27	-32
786	66	2.5	-18	-25	25	-32
788	66	3	-18	-25	27	-32
792	67	1	0	0	0	0
792	67	1	25	25	29	0
796	67	3	27	-25	-29	32
798	67	4	-27	26	-29	-32
800	68	1	-27	27	29	-32
802	68	2	26	28	30	-32
803	68	2.5	-26	-28	31	-32
804	68	3	25	29	32	32
806	68	4	-25	-29	-32	33
807	68	4.5	-25	-29	-32	34
808	69	1	21	28	32	35
810	69	2	24	26	31	-35
812	69	3	-24	-26	-31	35
813	69	3.5	-24	-26	30	-35
814	69	4	25	27	29	34
816	70	1	23	25	-29	-34
817	70	1.5	-23	-25	-29	33
818	70	2	-23	-25	28	32
820	70	3	22	26	29	-32
822	70	4	-22	-26	-29	31
824	71	1	0	25	0	32
826	71	2	25	-25	0	-32
828	71	3	24	0	33	0
830	71	4	-24	29	-33	0
831	71	4.5	23	-29	-33	0
832	72	1	22	-29	33	36
833	72	1.5	-22	30	-33	-36
834	72	2	-22	31	33	-36
836	72	3	22	-31	29	36
837	72	3.5	-22	30	-29	-36
838	72	4	-22	29	-29	36
839	72	4.5	-22	28	-29	-36
840	73	1	25	27	29	32
842	73	2	-25	25	-29	-32
844	73	3	25	27	29	32
846	73	4	25	-27	-29	-32
847	73	4.5	-25	28	-29	-32
848	74	1	-25	29	0	32
849	74	1.5	26	-29	0	-32
850	74	2	27	-29	0	-32
852	74	3	26	28	33	0
854	74	4	22	26	-33	0
856	75	1	-22	-26	33	36
857	75	1.5	23	25	-33	-36
858	75	2	24	24	33	-36
859	75	2.5	25	23	-33	-36
860	75	3	26	22	-33	36
862	75	4	-26	-22	33	36
864	76	1	0	25	32	-36
866	76	2	26	22	31	36
868	76	3	24	26	-31	35
869	76	3.5	-24	-26	30	-35
870	76	4	25	27	29	34
872	77	1	23	25	-29	-34
873	77	1.5	-23	-25	-29	33
874	77	2	-23	-25	28	32
876	77	3	22	26	29	-32
878	77	4	-22	-26	-29	31
880	78	1	0	25	0	32
882	78	2	25	-25	0	-32
884	78	3	-25	-25	29	0
885	78	3.5	26	-25	-29	0
886	78	4	27	-25	-29	0
888	79	1	-27	0	29	32
889	79	1.5	26	0	-29	-32
890	79	2	27	0	-29	-32
892	79	3	25	23	28	32
896	80	1	26	22	29	31
900	80	3	25	29	27	32
902	80	4	-25	29	-27	-32
904	81	1	0	-29	26	30
906	81	2	26	28	-26	-30
908	81	3	27	29	0	29
912	82	1	-27	29	29	0
914	82	2	25	27	-29	0
916	82	3	-25	-27	29	32
917	82	3.5	24	26	-29	-32
918	82	4	25	27	29	-32
920	83	1	23	25	28	32
922	83	2	-23	-25	-28	32
924	83	3	22	26	29	31
928	84	1	18	25	27	32
930	84	2	-18	26	-27	-32
931	84	2.5	-18	27	-27	-32
932	84	3	0	28	26	30
936	85	1	25	27	29	29
938	85	2	25	-27	-29	-29
940	85	3	21	25	30	32
944	86	1	0	24	29	33
946	86	2	0	-24	28	-33
947	86	2.5	0	23	-28	-33
947.5	86	2.75	0	22	-28	-33
948	86	3	21	23	-28	32
949	86	3.5	-21	-23	27	-32
950	86	4	22	24	26	31
952	87	1	20	22	-26	-31
953	87	1.5	-20	-22	-26	30
954	87	2	-20	-22	25	29
956	87	3	19	23	26	-29
958	87	4	-19	-23	-26	28
960	88	1	0	22	-26	29
964	88	3	26	-22	0	-29
968	89	1	27	0	29	0
970	89	2	-27	25	-29	0
972	89	3	27	-25	-29	32
974	89	4	-27	26	-29	-32
976	90	1	-27	27	29	-32
978	90	2	26	28	30	-32
979	90	2.5	-26	-28	31	-32
980	90	3	25	29	32	32
982	90	4	-25	-29	-32	33
983	90	4.5	-25	-29	-32	34
984	91	1	21	28	-32	35
986	91	2	24	26	31	-35
989	91	3.5	-24	-26	30	-35
990	91	4	25	27	29	34
992	92	1	23	25	-29	-34
993	92	1.5	-23	-25	-29	33
994	92	2	-23	-25	28	32
996	92	3	22	26	29	-32
998	92	4	-22	-26	-29	31
1000	93	1	0	25	0	32
1002	93	2	25	-25	0	-32
1004	93	3	24	0	33	0
1006	93	4	-24	29	-33	0
1007	93	4.5	23	-29	-33	0
1008	94	1	22	-29	33	36
1009	94	1.5	-22	30	-33	-36
1010	94	2	-22	31	-33	-36
1012	94	3	22	-31	29	36
1013	94	3.5	-22	30	-29	-36
1014	94	4	-22	29	-29	-36
1015	94	4.5	-22	28	-29	-36
1016	95	1	25	27	0	32
1018	95	2	27	25	0	-32
1020	95	3	26	28	33	0
1022	95	4	22	26	-33	0
1024	96	1	-22	-26	33	36
1025	96	1.5	23	25	-33	-36
1026	96	2	24	24	-33	-36
1027	96	2.5	25	23	-33	-36
1028	96	3	26	22	33	36
1032	97	1	0	25	32	36
1034	97	2	26	22	31	-36
1036	97	3	24	26	-31	35
1037	97	3.5	-24	-26	30	-35
1038	97	4	25	27	29	34
1040	98	1	23	25	-29	-34
1041	98	1.5	-23	-25	-29	33
1042	98	2	-23	-25	28	32
1044	98	3	22	26	29	-32
1046	98	4	-22	-26	-29	31
1048	99	1	18	25	-29	32
1056	100	1	0	0	0	0
1056	100	1	22	26	29	0
1064	101	1	-22	27	29	0
1068	101	3	-22	26	-29	0
1070	101	4	-22	-26	28	0
1071	101	4.5	-22	-26	27	0
1072	102	1	22	29	26	0
1076	102	3	25	-29	27	0
1078	102	4	-25	28	28	0
1080	103	1	-25	27	29	0
1082	103	2	-25	26	28	0
1083	103	2.5	-25	25	27	0
1084	103	3	24	26	28	0
1086	103	4	-24	29	26	0
1088	104	1	23	-29	-26	0
1090	104	2	-23	28	25	0
1092	104	3	-23	28	25	0
1094	104	4	-23	27	24	0
1095	104	4.5	-23	-27	25	0
1096	105	1	22	29	26	31
1098	105	2	-22	-29	24	-31
1100	105	3	-22	-29	-24	33
1102	105	4	-22	-29	31	-33
1106	106	2	0	-29	30	32
1108	106	3	0	-29	29	31
1110	106	4	0	-29	28	30
1111	106	4.5	0	-29	27	29
1112	107	1	26	0	28	30
1114	107	2	-26	0	29	31
1116	107	3	-26	0	30	30
1118	107	4	-26	0	31	33
1120	108	1	26	0	-31	-33
1122	108	2	-26	0	30	32
1123	108	2.5	-26	0	29	31
1124	108	3	26	0	28	30
1127	108	4.5	-26	0	27	-30
1128	109	1	22	26	29	29
1132	109	3	-22	24	-29	-29
1134	109	4	-22	-24	-29	28
1135	109	4.5	-22	-24	-29	27
1136	110	1	22	-24	0	26
1138	110	2	-22	25	0	-26
1140	110	3	-22	26	0	0
1142	110	4	-22	24	0	26
1144	111	1	0	25	0	27
1148	111	3	26	24	0	28
1150	111	4	-26	26	0	-28
1151	111	4.5	-26	-26	0	29
1152	112	1	-26	-26	0	30
1153	112	1.5	-26	25	0	-30
1154	112	2	-26	24	0	31
1155	112	2.5	-26	23	0	-31
1156	112	3	26	22	0	-31
1157	112	3.5	-26	-22	0	32
1158	112	4	-26	-22	0	33
1160	113	1	26	22	0	31
1163	113	2.5	-26	-22	0	30
1164	113	3	25	29	0	32
1166	113	4	-25	27	0	-32
1168	114	1	-25	-27	0	30
1170	114	2	24	26	0	29
1171	114	2.5	-24	25	0	30
1172	114	3	22	26	0	31
1174	114	4	-22	-26	0	29
1176	115	1	23	-26	0	-29
1178	115	2	-23	25	0	28
1179	115	2.5	-23	24	0	-28
1180	115	3	-23	25	0	28
1182	115	4	-23	-25	0	27
1183	115	4.5	-23	-25	0	28
1184	116	1	22	26	29	29
1188	116	3	-22	-26	26	-29
1190	116	4	-22	27	29	-29
1194	117	2	-22	26	28	0
1195	117	2.5	-22	25	27	0
1196	117	3	-22	24	26	33
1199	117	4.5	-22	23	-26	-33
1200	118	1	0	25	0	34
1202	118	2	0	-25	25	-34
1206	118	4	0	24	26	35
1209	119	1.5	0	25	27	34
1210	119	2	0	26	28	33
1211	119	2.5	0	-26	-28	32
1212	119	3	0	22	29	31
1215	119	4.5	0	23	28	32
1216	120	1	0	24	26	33
1218	120	2	0	25	27	29
1219	120	2.5	0	26	28	-29
1220	120	3	0	27	29	-29
1221	120	3.5	0	28	-29	30
1222	120	4	0	29	-29	31
1223	120	4.5	0	-29	30	32
1224	121	1	0	-29	31	33
1225	121	1.5	0	28	-31	-33
1226	121	2	0	27	29	32
1228	121	3	0	26	-29	-32
1230	121	4	0	-26	28	31
1232	122	1	0	25	29	32
1236	122	3	25	-25	0	-32
1238	122	4	-25	-25	25	-32
1240	123	1	21	-25	-25	0
1242	123	2	-21	-25	28	0
1246	123	4	20	-25	29	0
1248	124	1	19	0	30	35
1250	124	2	-19	0	28	-35
1253	124	3.5	-19	0	29	-35
1254	124	4	-19	0	30	-35
1256	125	1	-19	0	-30	35
1258	125	2	-19	0	31	-35
1260	125	3	18	0	32	34
1266	126	2	-18	0	31	-34
1267	126	2.5	-18	0	30	-34
1268	126	3	-18	0	29	34
1272	127	1	19	0	28	35
1276	127	3	20	0	29	34
1278	127	4	21	0	30	32
1281	128	1.5	20	0	29	-32
1282	128	2	18	0	32	34
1284	128	3	22	0	-32	33
1286	128	4	-22	0	31	-33
1288	129	1	0	25	32	32
1290	129	2	23	-25	-32	-32
1292	129	3	-23	23	0	-32
1293	129	3.5	24	-23	0	-32
1294	129	4	25	-23	0	-32
1295	129	4.5	-25	24	0	-32
1296	130	1	21	25	32	0
1298	130	2	23	21	-32	0
1300	130	3	-23	23	-32	0
1301	130	3.5	24	-23	-32	0
1302	130	4	25	-23	-32	0
1303	130	4.5	-25	24	-32	0
1304	131	1	-25	25	-32	0
1305	131	1.5	26	-25	-32	0
1306	131	2	27	-25	-32	0
1308	131	3	26	22	31	0
1310	131	4	29	-22	-31	0
1313	132	1.5	28	-22	-31	0
1314	132	2	27	-22	-31	0
1316	132	3	26	22	31	0
1320	133	1	25	23	32	0
1324	133	3	0	21	30	25
1328	134	1	18	25	29	27
1332	134	3	-18	-25	-29	27
1334	134	4	-18	-25	-29	29
1336	135	1	18	-25	0	-29
1337	135	1.5	-18	-25	0	28
1338	135	2	-18	-25	0	27
1339	135	2.5	-18	-25	0	26
1340	135	3	18	-25	32	27
1344	136	1	22	24	33	26
1347	136	2.5	-22	-24	-33	27
1348	136	3	19	26	-33	28
1350	136	4	-19	-26	-33	29
1351	136	4.5	20	-26	-33	-29
1352	137	1	21	0	32	30
1356	137	3	22	26	31	29
1360	138	1	19	26	30	-29
1362	138	2	-19	25	-30	28
1363	138	2.5	-19	24	-30	27
1364	138	3	-19	23	-30	28
1368	139	1	22	24	29	29
1374	139	4	-22	22	-29	26
1376	140	1	0	22	0	-26
1378	140	2	0	-22	0	29
1380	140	3	0	-22	26	-29
1381	140	3.5	0	-22	-26	28
1382	140	4	0	-22	-26	29
1383	140	4.5	0	-22	-26	30
1384	141	1	0	22	29	31
1387	141	2.5	0	-22	30	32
1388	141	3	0	-22	31	33
1390	141	4	0	-22	29	34
1392	142	1	0	22	-29	-34
1393	142	1.5	0	-22	28	-34
1394	142	2	0	-22	27	33
1395	142	2.5	0	-22	-27	32
1396	142	3	0	22	26	31
1399	142	4.5	0	-22	-26	30
1400	143	1	0	25	25	32
1402	143	2	0	-25	27	-32
1405	143	3.5	0	-25	28	-32
1406	143	4	0	-25	29	-32
1408	144	1	0	25	-29	0
1410	144	2	0	-25	30	0
1412	144	3	0	24	29	33
1414	144	4	0	-24	30	-33
1415	144	4.5	0	-24	31	-33
1416	145	1	0	23	32	32
1417	145	1.5	0	-23	31	-32
1418	145	2	0	-23	30	-32
1419	145	2.5	0	-23	29	-32
1420	145	3	0	-23	28	32
1421	145	3.5	0	-23	-28	31
1422	145	4	0	-23	-28	30
1423	145	4.5	0	-23	27	29
1424	146	1	0	22	29	31
1428	146	3	26	-22	31	-31
1430	146	4	-26	-22	-31	30
1431	146	4.5	-26	-22	-31	29
1432	147	1	26	0	30	28
1436	147	3	26	26	30	28
1440	148	1	22	26	29	29
1444	148	3	-22	26	0	31
1448	149	1	0	22	29	-31
1450	149	2	0	-22	-29	30
1452	149	3	26	-22	-29	31
1454	149	4	-26	-22	28	32
1455	149	4.5	-26	-22	27	-32
1456	150	1	-26	0	28	33
1458	150	2	25	0	-28	-33
1460	150	3	24	26	-28	-33
1462	150	4	23	-26	-28	32
1463	150	4.5	22	-26	-28	31
1464	151	1	21	-26	0	30
1466	151	2	22	-26	0	29
1468	151	3	-22	26	0	30
1470	151	4	21	-26	0	-30
1472	152	1	22	26	24	29
1478	152	4	-22	-26	25	28
1479	152	4.5	-22	-26	-25	27
1480	153	1	19	26	26	28
1482	153	2	-19	-26	-26	29
1483	153	2.5	-19	-26	27	-29
1484	153	3	-19	26	28	30
1486	153	4	20	-26	-28	-30
1487	153	4.5	21	-26	-28	-30
1488	154	1	22	26	24	31
1490	154	2	-22	-26	25	-31
1491	154	2.5	-22	-26	26	-31
1492	154	3	18	25	27	32
1495	154	4.5	-18	-25	-27	31
1496	155	1	21	-25	28	30
1498	155	2	-21	-25	-28	29
1500	155	3	22	24	26	29
1504	156	1	19	23	-26	-29
1506	156	2	-19	-23	25	28
1508	156	3	-19	-23	26	28
1510	156	4	-19	-23	-26	27
1511	156	4.5	-19	-23	-26	28
1512	157	1	0	22	24	29
1516	157	3	20	-22	24	-29
1520	158	1	20	-22	24	0
1522	158	2	21	-22	-24	0
1524	158	3	22	-22	-24	26
1528	159	1	18	0	25	27
1532	159	3	-18	25	-25	27
1534	159	4	-18	-25	26	-27
1535	159	4.5	-18	-25	27	-27
1536	160	1	0	24	28	26
1538	160	2	0	26	-28	28
1540	160	3	0	-26	24	-28
1541	160	3.5	0	25	-24	27
1542	160	4	0	24	-24	26
1543	160	4.5	0	23	-24	25
1544	161	1	0	25	0	27
1546	161	2	0	26	24	28
1548	161	3	22	24	-24	26
1549	161	3.5	-22	-24	25	-26
1550	161	4	-22	-24	26	-26
1552	162	1	18	25	27	0
1554	162	2	21	-25	28	25
1557	162	3.5	-21	0	-28	26
1558	162	4	20	22	29	27
1560	163	1	22	-22	-29	26
1561	163	1.5	-22	23	28	-26
1562	163	2	-22	24	26	29
1564	163	3	0	25	27	-29
1565	163	3.5	0	-25	-27	30
1566	163	4	0	26	28	31
1568	164	1	0	-26	-28	30
1570	164	2	0	27	29	32
1572	164	3	0	28	30	-32
1573	164	3.5	0	-28	31	33
1574	164	4	25	29	32	34
1576	165	1	-25	-29	-32	33
1577	165	1.5	-25	28	-32	-33
1578	165	2	24	26	33	35
1580	165	3	26	28	30	-35
1581	165	3.5	-26	-28	-30	34
1582	165	4	24	-28	31	33
1583	165	4.5	-24	27	-31	32
1584	166	1	-24	26	-31	35
1585	166	1.5	25	25	-31	-35
1586	166	2	26	28	30	-35
1588	166	3	25	29	32	34
1590	166	4	22	-29	31	-34
1591	166	4.5	-22	-29	-31	33
1591.5	166	4.75	-22	-29	-31	34
1592	167	1	24	28	-31	33
1593	167	1.5	-24	-28	30	32
1594	167	2	25	27	29	32
1596	167	3	22	26	-29	-32
1597	167	3.5	-22	-26	28	-32
1598	167	4	-22	-26	26	31
1600	168	1	18	25	27	32
1606	168	4	-18	-25	28	-32
1608	169	1	-18	-25	29	-32
1616	170	1	0	0	0	0
1616	170	1	18	25	0	32
1620	170	3	-18	25	0	-32
1621	170	3.5	-18	24	0	-32
1622	170	4	19	23	0	-32
1623	170	4.5	20	22	0	-32
1624	171	1	21	23	0	32
1626	171	2	20	22	0	-32
1628	171	3	-20	-22	0	32
1629	171	3.5	19	-22	0	-32
1630	171	4	18	25	0	-32
1632	172	1	19	-25	0	35
1634	172	2	-19	24	0	-35
1636	172	3	19	24	0	-35
1638	172	4	-19	23	0	-35
1639	172	4.5	-19	24	0	-35
1640	173	1	18	25	25	34
1644	173	3	25	-25	-25	-34
1645.33	173	3.66667	-25	-25	25	-34
1646	173	4	-25	-25	-25	33
1647	173	4.5	-25	-25	-25	34
1648	174	1	24	0	28	33
1650	174	2	21	0	-28	32
1652	174	3	-21	0	-28	32
1653	174	3.5	22	0	-28	-32
1653.33	174	3.66667	-22	0	28	-32
1654	174	4	23	0	-28	-32
1655	174	4.5	24	0	-28	-32
1656	175	1	25	29	27	-32
1658	175	2	22	-29	-27	31
1658.67	175	2.33333	-22	-29	26	-31
1659	175	2.5	-22	-29	-26	30
1660	175	3	-22	29	-26	31
1661	175	3.5	21	-29	-26	-31
1662	175	4	22	-29	-26	-31
1664	176	1	23	27	25	32
1666	176	2	-23	25	-25	-32
1670	176	4	22	24	-25	0
1671	176	4.5	21	23	-25	0
1672	177	1	20	24	0	29
1675	177	2.5	19	-24	0	-29
1676	177	3	18	25	0	29
1680	178	1	-18	-25	29	25
1682	178	2	-18	26	-29	-25
1682.67	178	2.33333	-18	-26	29	-25
1684	178	3	-18	27	-29	-25
1687	178	4.5	-18	28	-29	-25
1688	179	1	18	29	25	32
1692	179	3	-18	-29	-25	34
1694	179	4	-18	25	-25	-34
1696	180	1	0	-25	0	34
1698	180	2	0	26	0	35
1700	180	3	25	27	0	34
1701.33	180	3.66667	-25	-27	29	-34
1702	180	4	-25	-27	-29	33
1703	180	4.5	-25	-27	-29	32
1704	181	1	22	26	29	33
1706.67	181	2.33333	-22	-26	29	-33
1710	181	4	-22	-26	-29	31
1712	182	1	22	26	29	31
1714.67	182	2.33333	-22	-26	29	-31
1716	182	3	23	25	-29	-31
1717.33	182	3.66667	24	26	-29	-31
1720	183	1	25	27	29	0
1722.67	183	2.33333	26	26	28	0
1725.33	183	3.66667	-26	24	-28	0
1728	184	1	25	25	27	0
1730.67	184	2.33333	24	22	26	0
1732	184	3	-24	-22	-26	33
1734.67	184	4.33333	23	-22	-26	-33
1736	185	1	25	29	25	34
1742	185	4	0	-29	-25	33
1743	185	4.5	0	-29	-25	32
1744	186	1	25	0	32	34
1748	186	3	22	0	31	33
1750	186	4	23	0	30	32
1752	187	1	-23	0	28	-32
1753	187	1.5	22	0	-28	-32
1754	187	2	21	0	30	35
1756	187	3	25	0	29	-35
1758	187	4	-25	0	-29	34
1760	188	1	21	25	28	35
1764	188	3	0	21	-28	-35
1767	188	4.5	0	22	-28	-35
1768	189	1	21	23	-28	0
1770	189	2	-21	24	-28	0
1771	189	2.5	22	-24	-28	0
1772	189	3	23	25	-28	0
1774	189	4	24	26	-28	0
1776	190	1	25	27	0	32
1778	190	2	26	28	0	-32
1779	190	2.5	27	29	0	-32
1780	190	3	28	30	0	-32
1781.33	190	3.66667	-28	-30	0	32
1782	190	4	27	29	0	-32
1786	191	2	26	28	0	-32
1786.67	191	2.33333	-26	-28	0	31
1787	191	2.5	25	27	0	-31
1788	191	3	26	28	0	-31
1792	192	1	25	29	32	32
1794.67	192	2.33333	21	28	-32	30
1797.33	192	3.66667	23	25	32	-30
1800	193	1	25	27	-32	29
1802.67	193	2.33333	22	26	31	-29
1808	194	1	25	27	32	0
1810.67	194	2.33333	26	28	30	0
1814.67	194	4.33333	-26	27	-30	0
1815.33	194	4.66667	-26	28	-30	0
1816	195	1	22	29	29	29
1818.67	195	2.33333	-22	26	-29	-29
1821.33	195	3.66667	25	27	0	30
1824	196	1	26	28	0	-30
1826.67	196	2.33333	-26	-28	0	31
1829.33	196	3.66667	25	27	0	30
1830.67	196	4.33333	-25	-27	0	29
1832	197	1	24	26	29	29
1834.67	197	2.33333	23	-26	30	-29
1836	197	3	-23	25	-30	28
1836.67	197	3.33333	-23	24	-30	-28
1837.33	197	3.66667	-23	25	-30	28
1838.67	197	4.33333	-23	-25	-30	27
1840	198	1	22	26	31	29
1841.33	198	1.66667	-22	-26	32	-29
1842.67	198	2.33333	-22	24	33	-29
1846.67	198	4.33333	0	23	-33	-29
1848	199	1	18	25	32	29
1852	199	3	-18	-25	31	-29
1853.33	199	3.66667	-18	-25	30	-29
1854	199	4	-18	-25	-30	30
1854.67	199	4.33333	-18	-25	29	-30
1855	199	4.5	-18	-25	-29	31
1856	200	1	-18	0	29	32
1860	200	3	21	0	25	32
1861	200	3.5	-21	0	-25	31
1862	200	4	-21	0	-25	30
1863	200	4.5	-21	0	-25	29
1864	201	1	-21	25	28	30
1868	201	3	20	-25	29	29
1872	202	1	19	28	28	30
1874	202	2	-19	-28	26	-30
1877	202	3.5	-19	-28	27	-30
1878	202	4	-19	-28	28	31
1880	203	1	18	27	29	32
1882	203	2	22	-27	-29	31
1882.67	203	2.33333	-22	26	-29	-31
1886	203	4	21	-26	0	30
1887	203	4.5	22	-26	0	31
1888	204	1	23	25	0	32
1890	204	2	21	-25	25	-32
1893	204	3.5	22	-25	24	0
1894	204	4	23	-25	25	30
1895	204	4.5	24	-25	26	-30
1896	205	1	25	0	27	29
1898	205	2	-25	0	-27	30
1899	205	2.5	-25	0	-27	31
1900	205	3	23	0	25	32
1902	205	4	-23	0	32	-32
1904	206	1	22	29	-32	33
1906	206	2	-22	-29	31	-33
1906.67	206	2.33333	-22	29	-31	-33
1908	206	3	-22	-29	31	33
1910	206	4	-22	-29	30	-33
1911	206	4.5	-22	-29	31	-33
1912	207	1	23	25	32	32
1916	207	3	25	-25	29	0
1918	207	4	-25	-25	-29	29
1919	207	4.5	-25	-25	30	-29
1920	208	1	24	0	31	-29
1921	208	1.5	-24	0	-31	30
1922	208	2	22	0	-31	31
1923	208	2.5	-22	0	32	-31
1924	208	3	-22	0	33	-31
1925	208	3.5	23	0	-33	30
1926	208	4	24	0	-33	29
1927	208	4.5	-24	0	-33	28
1928	209	1	25	29	32	27
1930	209	2	27	-29	31	29
1932	209	3	-27	-29	29	-29
1933	209	3.5	26	-29	-29	28
1934	209	4	25	-29	-29	27
1935	209	4.5	-25	-29	30	-27
1936	210	1	24	-29	31	26
1938	210	2	25	-29	29	25
1938.67	210	2.33333	-25	29	-29	-25
1940	210	3	-25	-29	-29	26
1941	210	3.5	-25	-29	28	-26
1942	210	4	24	-29	26	-26
1944	211	1	25	-29	27	25
1946.67	211	2.33333	-25	-29	-27	29
1949.33	211	3.66667	24	29	26	-29
1950.67	211	4.33333	-24	-29	-26	30
1952	212	1	22	-29	26	31
1954.67	212	2.33333	25	-29	25	32
1957.33	212	3.66667	-25	-29	32	-32
1958.67	212	4.33333	24	-29	-32	33
1960	213	1	25	29	-32	34
1962.67	213	2.33333	26	28	30	35
1964	213	3	-26	-28	-30	34
1965.33	213	3.66667	24	-28	31	33
1966.67	213	4.33333	-24	-28	-31	32
1968	214	1	25	27	29	32
1970.67	214	2.33333	22	26	-29	-32
1972	214	3	-22	-26	-29	31
1973.33	214	3.66667	-22	-26	-29	31
1974.67	214	4.33333	-22	-26	-29	30
1976	215	1	18	25	27	32
1980	215	3	-18	-25	25	-32
1981.33	215	3.66667	-18	-25	27	-32
1982.67	215	4.33333	-18	-25	28	-32
1984	216	1	-18	-25	29	-32
*-	*-	*-	*-	*-	*-	*-
