**absq	**bar	**beat	**b7	**b7	**b7	**b7
2	1	1.5	0	0	0	33
4	1	2	0	0	0	29
6	1	2.5	0	0	29	29
8	2	1	0	0	26	30
10	2	1.5	0	0	26	31
12	2	2	0	0	27	32
14	2	2.5	0	26	28	30
16	3	1	0	22	29	0
18	3	1.5	22	22	-29	0
20	3	2	19	23	28	0
22	3	2.5	19	24	-28	33
24	4	1	20	25	0	29
26	4	1.5	21	-25	0	30
28	4	2	22	24	33	31
29	4	2.25	-22	-24	-33	29
30	4	2.5	22	-24	-33	36
32	5	1	0	0	29	-36
33	5	1.25	0	0	-29	35
33.5	5	1.375	0	0	-29	34
34	5	1.5	26	0	30	35
36	5	2	22	26	31	36
37	5	2.25	-22	-26	-31	36
38	5	2.5	23	30	32	34
39	5	2.75	-23	-30	-32	35
40	6	1	24	28	31	-35
41	6	1.25	-24	-28	-31	33
42	6	1.5	22	29	-31	-33
43	6	1.75	-22	29	-31	34
44	6	2	23	27	30	32
45	6	2.25	-23	-27	-30	33
47	6	2.75	-23	-27	-30	32
48	7	1	19	26	0	33
50	7	1.5	19	28	30	33
52	7	2	22	26	29	31
54	7	2.5	24	26	28	31
55	7	2.75	20	27	29	31
57	8	1.25	17	26	28	31
58	8	1.5	21	25	28	30
60	8	2	17	26	28	31
62	8	2.5	-17	-26	26	-31
64	9	1	26	26	28	0
65	9	1.25	-26	-26	27	0
66	9	1.5	24	28	26	33
67	9	1.75	25	27	25	-33
68	9	2	26	26	24	35
69	9	2.25	27	25	-24	34
70	9	2.5	28	24	-24	33
71	9	2.75	-28	-24	25	32
72	10	1	-28	-24	26	31
73	10	1.25	27	25	27	-31
74	10	1.5	26	26	28	-31
75	10	1.75	25	27	-28	32
76	10	2	24	28	26	33
77	10	2.25	-24	-28	-26	34
78	10	2.5	24	26	0	35
79	10	2.75	-24	-26	24	-35
80	11	1	0	0	26	35
81	11	1.25	0	28	-26	37
81.5	11	1.375	0	-28	27	-37
82	11	1.5	21	28	28	37
82.5	11	1.625	-21	27	29	36
83	11	1.75	-21	26	30	35
83.5	11	1.875	-21	25	-30	34
84	11	2	22	24	31	33
84.5	11	2.125	23	25	-31	-33
85	11	2.25	24	26	31	-33
85.5	11	2.375	25	27	-31	-33
86	11	2.5	26	28	30	-33
87	11	2.75	27	29	29	32
88	12	1	26	30	28	33
90	12	1.5	22	31	29	33
92	12	2	25	0	29	0
94	12	2.5	-25	27	-29	32
96	13	1	22	-27	-29	-32
98	13	1.5	-22	26	-29	31
100	13	2	0	25	29	0
102	13	2.5	0	-25	-29	34
104	14	1	24	28	0	-34
106	14	1.5	-24	-28	31	33
108	14	2	21	0	-31	-33
110	14	2.5	21	28	30	32
112	15	1	22	26	29	31
114	15	1.5	18	27	29	32
115	15	1.75	-18	-27	30	-32
116	15	2	19	26	28	30
117	15	2.25	-19	-26	29	-30
119	15	2.75	-19	-26	28	-30
120	16	1	22	26	29	31
122	16	1.5	22	29	-29	-31
124	16	2	23	28	0	0
126	16	2.5	24	-28	0	0
128	17	1	25	27	0	36
130	17	1.5	-25	-27	29	-36
132	17	2	0	26	30	35
134	17	2.5	0	-26	31	-35
136	18	1	0	0	32	34
138	18	1.5	20	22	32	-34
140	18	2	21	23	-32	33
142	18	2.5	22	24	31	-33
143	18	2.75	-22	-24	-31	36
144	19	1	23	25	30	35
145	19	1.25	-23	-25	-30	34
146	19	1.5	21	26	30	33
148	19	2	22	-26	31	33
149	19	2.25	-22	27	29	32
151	19	2.75	22	26	29	31
152	20	1	0	0	0	0
153	20	1.25	0	0	26	30
154	20	1.5	0	0	29	31
155	20	1.75	0	0	28	32
156	20	2	0	0	31	33
158	20	2.5	0	0	30	34
159	20	2.75	0	23	30	35
160	21	1	0	24	26	-35
161	21	1.25	0	25	27	34
162	21	1.5	0	26	28	33
162.5	21	1.625	0	-26	-28	32
163	21	1.75	0	-26	-28	30
163.5	21	1.875	0	-26	-28	31
164	21	2	0	27	29	32
165	21	2.25	19	28	30	33
166	21	2.5	21	-28	-30	33
167	21	2.75	22	26	31	-33
168	22	1	23	28	30	32
169	22	1.25	-23	27	30	-32
170	22	1.5	24	26	29	0
171	22	1.75	25	25	-29	34
172	22	2	-25	32	29	-34
173	22	2.25	26	30	33	35
174	22	2.5	22	31	33	36
175	22	2.75	19	30	33	35
176	23	1	23	30	32	34
178	23	1.5	19	30	33	33
180	23	2	22	31	0	0
182	23	2.5	-22	-31	29	0
184	24	1	-22	-31	-29	33
186	24	1.5	21	30	30	-33
188	24	2	22	29	31	-33
190	24	2.5	18	29	32	34
192	25	1	21	30	32	35
194	25	1.5	17	31	33	35
197	25	2.25	-17	31	-33	35
198	25	2.5	18	29	32	34
199	25	2.75	-18	-29	-32	34
200	26	1	19	0	30	33
201	26	1.25	26	28	30	33
202	26	1.5	22	26	29	31
203	26	1.75	22	26	29	31
204	26	2	25	27	29	32
206	26	2.5	21	25	28	30
207	26	2.75	-21	-25	-28	35
208	27	1	0	29	0	33
209	27	1.25	22	29	31	33
210	27	1.5	25	-29	29	34
211	27	1.75	25	25	29	-34
212	27	2	21	-25	30	32
213	27	2.25	-21	28	-30	-32
214	27	2.5	24	26	28	0
215	27	2.75	-24	26	28	33
216	28	1	0	27	29	31
216.5	28	1.125	0	-27	30	-31
217	28	1.25	0	-27	31	31
217.5	28	1.375	0	26	-31	-31
218	28	1.5	0	25	-31	34
218.5	28	1.625	0	24	-31	-34
219	28	1.75	0	25	30	-34
220	28	2	0	24	31	33
222	28	2.5	24	26	28	31
224	29	1	20	27	29	31
226	29	1.5	23	25	27	30
229	29	2.25	23	25	27	30
230	29	2.5	21	25	28	30
232	30	1	22	24	26	29
236	30	2	0	0	0	0
238	30	2.5	19	23	26	28
240	31	1	19	23	26	28
242	31	1.5	22	24	26	29
244	31	2	-22	-24	27	-29
245	31	2.25	22	24	27	29
246	31	2.5	21	25	28	30
248	32	1	24	26	-28	31
249	32	1.25	-24	26	-28	-31
250	32	1.5	22	-26	31	33
251	32	1.75	-22	29	-31	-33
252	32	2	25	-29	32	34
253	32	2.25	27	29	32	36
254	32	2.5	26	30	33	35
256	33	1	22	31	33	36
258	33	1.5	22	31	0	33
259	33	1.75	-22	-31	29	-33
260	33	2	21	30	30	33
261	33	2.25	22	29	31	33
262	33	2.5	19	28	30	33
264	34	1	22	29	31	33
*-	*-	*-	*-	*-	*-	*-
