**absq	**bar	**beat	**b7	**b7	**b7	**b7	**b7	**b7
0	1	1	0	0	0	0	0	32
2	1	2	0	0	0	0	32	-32
4	1	3	0	0	25	0	32	34
6	1	4	0	0	-25	0	30	-34
7	1	4.5	0	0	-25	0	-30	35
8	2	1	0	0	27	25	29	36
9	2	1.5	0	0	-27	-25	-29	36
10	2	2	25	0	-27	-25	-29	36
11	2	2.5	-25	0	28	-25	-29	35
12	2	3	25	0	29	27	0	34
13	2	3.5	-25	0	-29	-27	0	33
14	2	4	23	0	0	-27	0	32
15	2	4.5	-23	0	0	28	0	-32
16	3	1	22	0	0	29	0	31
17	3	1.5	27	29	0	-29	0	31
18	3	2	27	29	0	0	25	34
19	3	2.5	26	28	0	0	-25	35
20	3	3	25	27	0	0	27	36
21	3	3.5	24	26	0	0	-27	-36
22	3	4	23	25	0	0	-27	0
23	3	4.5	-23	-25	0	0	28	0
24	4	1	20	24	0	0	29	0
25	4	1.5	-20	-24	29	0	31	0
26	4	2	-20	-24	29	27	29	36
27	4	2.5	-20	-24	28	-27	30	-36
28	4	3	0	0	27	29	31	36
29	4	3.5	0	0	26	-29	31	-36
30	4	4	0	0	25	-29	32	34
31	4	4.5	0	0	-25	30	-32	-34
32	5	1	0	0	24	31	28	33
33	5	1.5	26	28	-24	24	-28	35
34	5	2	26	26	0	24	-28	35
35	5	2.5	25	27	0	25	-28	34
36	5	3	24	28	0	26	-28	33
37	5	3.5	23	25	0	28	-28	32
38	5	4	22	29	0	-28	0	31
39	5	4.5	-22	-29	0	27	0	-31
40	6	1	21	25	0	28	0	-31
42	6	2	-21	-25	0	-28	0	30
44	6	3	17	24	28	26	31	33
44.6667	6	3.33333	21	25	28	23	30	32
45.3333	6	3.66667	17	24	28	26	31	33
46	6	4	20	22	29	24	31	34
46.6667	6	4.33333	-20	-22	-29	22	-31	-34
47.3333	6	4.66667	22	26	29	-22	31	33
48	7	1	19	26	28	23	30	33
50	7	2	-19	-26	-28	-23	30	-33
52	7	3	19	26	28	23	33	33
53	7	3.5	22	26	29	24	-33	-33
53.5	7	3.75	-22	-26	-29	-24	33	-33
54	7	4	-22	-26	-29	-24	33	0
54.5	7	4.25	22	26	29	24	-33	0
55	7	4.5	22	26	29	24	31	36
56	8	1	20	27	-29	24	-31	-36
56.5	8	1.25	-20	-27	-29	-24	-31	36
57	8	1.5	-20	-27	27	-24	29	36
58	8	2	18	29	-27	27	-29	34
59	8	2.5	-18	-29	25	-27	32	36
60	8	3	22	29	26	26	-32	36
61	8	3.5	-22	-29	-26	-26	31	-36
61.5	8	3.75	-22	-29	-26	-26	30	35
61.75	8	3.875	-22	-29	-26	-26	-30	34
62	8	4	-22	-29	22	-26	31	33
64	9	1	18	29	22	25	32	34
68	9	3	0	0	0	0	28	35
69	9	3.5	0	28	0	0	-28	-35
69.5	9	3.75	0	-28	0	0	29	-35
70	9	4	0	-28	0	28	30	-35
70.5	9	4.25	0	29	0	-28	-30	-35
71	9	4.5	0	30	28	-28	28	-35
71.5	9	4.75	0	-30	-28	29	-28	-35
72	10	1	21	28	-28	30	32	35
72.5	10	1.25	-21	-28	29	-30	-32	-35
73	10	1.5	-21	-28	30	28	-32	-35
73.5	10	1.75	22	-28	-30	-28	-32	-35
74	10	2	23	0	28	0	32	-35
75	10	2.5	21	0	30	0	-32	-35
76	10	3	24	0	31	26	33	35
77	10	3.5	-24	26	-31	-26	-33	-35
77.5	10	3.75	25	-26	-31	27	-33	-35
78	10	4	26	-26	24	28	-33	35
78.5	10	4.25	-26	27	-24	-28	-33	-35
79	10	4.5	24	28	-24	31	-33	-35
80	11	1	27	29	0	31	0	0
81	11	1.5	-27	29	0	-31	0	31
82	11	2	25	30	0	27	0	32
84	11	3	24	31	0	28	0	33
85	11	3.5	-24	-31	24	-28	31	-33
86	11	4	0	0	28	-28	30	32
87	11	4.5	0	0	26	-28	28	33
88	12	1	0	0	25	0	29	34
88.5	12	1.25	0	0	26	0	-29	-34
89	12	1.5	0	0	27	0	-29	-34
89.5	12	1.75	0	0	28	0	30	-34
90	12	2	22	0	29	0	31	33
90.5	12	2.25	-22	0	30	0	32	-33
91	12	2.5	-22	24	31	0	33	-33
91.5	12	2.75	-22	-24	29	0	-33	-33
92	12	3	21	28	30	0	-33	0
92.5	12	3.25	-21	-28	-30	0	32	0
93	12	3.5	22	26	29	0	31	0
93.5	12	3.75	-22	-26	-29	0	29	0
94	12	4	23	25	-29	0	32	0
95	12	4.5	-23	-25	28	0	-32	0
96	13	1	22	26	29	0	31	0
97	13	1.5	-22	-26	-29	24	31	36
98	13	2	0	0	0	26	30	35
99	13	2.5	25	0	0	27	29	36
100	13	3	21	0	25	28	32	37
100.5	13	3.25	22	0	-25	-28	-32	-37
101	13	3.5	23	25	25	-28	-32	-37
101.5	13	3.75	24	-25	26	-28	-32	-37
102	13	4	25	25	27	27	-32	36
102.5	13	4.25	-25	26	28	-27	-32	-36
103	13	4.5	-25	27	29	27	-32	32
103.5	13	4.75	-25	25	-29	-27	-32	-32
104	14	1	22	29	-29	31	33	31
104.5	14	1.25	-22	-29	-29	-31	-33	32
105	14	1.5	-22	-29	26	29	-33	33
105.5	14	1.75	-22	-29	-26	-29	-33	34
106	14	2	0	26	0	28	-33	35
106.5	14	2.25	0	-26	0	29	-33	-35
107	14	2.5	26	-26	28	30	-33	33
107.5	14	2.75	-26	-26	-28	28	-33	-33
108	14	3	25	0	32	29	0	0
109	14	3.5	26	28	30	28	33	0
110	14	4	27	31	29	0	29	0
110.5	14	4.25	-27	-31	-29	0	30	0
111	14	4.5	-27	29	-29	0	31	0
111.5	14	4.75	-27	-29	-29	0	32	0
112	15	1	26	28	30	0	33	0
113	15	1.5	-26	-28	-30	26	-33	33
114	15	2	22	29	0	24	-33	33
114.5	15	2.25	-22	-29	0	-24	-33	32
115	15	2.5	-22	31	29	26	-33	31
115.5	15	2.75	-22	-31	-29	-26	-33	30
116	15	3	25	27	25	27	32	29
116.5	15	3.25	-25	28	26	-27	-32	-29
117	15	3.5	-25	29	27	-27	-32	29
117.5	15	3.75	-25	30	28	-27	-32	-29
118	15	4	24	31	29	26	0	0
119	15	4.5	-24	31	22	26	0	36
120	16	1	23	0	0	25	32	35
120.5	16	1.25	-23	0	0	24	-32	-35
121	16	1.5	-23	0	0	25	-32	-35
121.5	16	1.75	-23	0	0	26	-32	-35
122	16	2	22	0	0	27	31	36
122.5	16	2.25	-22	0	0	-27	30	-36
123	16	2.5	-22	31	22	-27	29	-36
123.5	16	2.75	-22	-31	-22	-27	31	-36
124	16	3	21	30	25	-27	32	37
124.5	16	3.25	-21	29	24	-27	-32	-37
125	16	3.5	-21	28	23	26	28	-37
125.5	16	3.75	-21	27	22	25	-28	-37
126	16	4	-21	28	23	26	0	-37
128	17	1	20	29	24	27	0	36
129	17	1.5	-20	-29	-24	-27	31	36
130	17	2	-20	-29	-24	-27	29	38
130.5	17	2.25	-20	-29	-24	-27	28	37
131	17	2.5	-20	-29	-24	-27	27	36
131.5	17	2.75	-20	-29	-24	-27	26	35
132	17	3	23	0	0	-27	25	34
134	17	4	-23	30	25	-27	27	32
136	18	1	23	27	25	0	0	0
137	18	1.5	-23	-27	-25	0	30	34
138	18	2	-23	-27	-25	27	30	34
140	18	3	-23	-27	-25	25	-30	-34
142	18	4	19	28	23	26	30	33
144	19	1	19	30	23	26	28	33
146	19	2	-19	-30	23	-26	-28	34
148	19	3	-19	-30	26	-26	-28	35
150	19	4	20	29	-26	24	29	-35
152	20	1	21	28	-26	0	30	-35
154	20	2	-21	-28	25	0	31	34
155	20	2.5	-21	-28	24	0	-31	33
156	20	3	-21	21	25	28	-31	32
157	20	3.5	-21	-21	-25	-28	30	-32
157.5	20	3.75	-21	-21	-25	-28	29	-32
158	20	4	-21	-21	-25	-28	30	-32
160	21	1	17	0	24	28	31	33
161	21	1.5	-17	26	-24	-28	-31	-33
162	21	2	24	-26	-24	-28	33	35
163	21	2.5	24	31	-24	-28	33	35
165	21	3.5	25	29	0	0	32	34
166	21	4	26	28	0	0	30	33
168	22	1	-26	-28	26	0	-30	-33
170	22	2	22	29	-26	0	31	33
172	22	3	21	26	-26	0	30	33
174	22	4	-21	-26	23	0	-30	-33
178	23	2	21	23	26	0	30	33
180	23	3	22	24	26	0	29	33
183	23	4.5	-22	24	-26	26	-29	-33
184	24	1	0	25	0	27	-29	0
185	24	1.5	18	-25	0	-27	-29	0
186	24	2	17	22	0	26	-29	0
187	24	2.5	-17	22	0	-26	-29	33
188	24	3	18	22	0	0	-29	34
189	24	3.5	-18	-22	25	0	-29	-34
190	24	4	0	22	24	0	-29	33
191	24	4.5	22	-22	-24	26	-29	-33
192	25	1	23	0	25	25	0	0
193	25	1.5	-23	0	-25	-25	27	0
194	25	2	-23	0	0	-25	28	0
195	25	2.5	-23	25	0	-25	-28	0
196	25	3	22	27	0	-25	29	0
198	25	4	-22	26	0	24	-29	0
200	25	1	25	0	29	0	0	34
203	25	1	25	0	29	0	0	34
204	25	1	26	0	31	0	0	35
206	25	1	27	0	-31	29	31	36
208	25	1	-27	0	29	-29	-31	34
209	25	1	-27	0	-29	29	31	-34
210	25	1	25	0	27	30	32	-34
212	26	1	24	0	28	31	33	33
214	26	1	-24	0	-28	-31	31	-33
216	26	1	20	0	27	29	-31	34
218	26	1	0	0	0	28	30	32
221	26	1	0	0	0	-28	-30	32
222	26	1	0	0	0	24	31	33
224	27	1	20	27	31	0	29	34
227	27	1	20	27	24	0	29	-34
228	27	1	21	25	28	0	30	0
230	27	1	22	29	26	24	31	33
233	27	1	-22	-29	-26	24	-31	33
234	27	1	20	22	0	25	29	34
236	28	1	19	23	0	26	28	35
237	28	1.5	-19	-23	0	-26	26	-35
238	28	2	-19	26	0	24	29	33
239	28	2.5	-19	-26	26	-24	-29	-33
240	28	3	-19	0	26	23	-29	33
241	28	3.5	-19	0	-26	-23	28	-33
241.5	28	3.75	-19	0	-26	-23	27	-33
242	28	4	-19	0	-26	-23	28	-33
244	29	1	22	0	24	22	29	33
245	29	1.5	20	31	27	-22	-29	36
246	29	2	20	31	27	0	-29	36
247.5	29	2.75	17	31	26	0	-29	35
248	29	3	18	29	25	0	0	34
249	29	3.5	18	27	25	29	25	34
250	29	4	22	29	24	29	26	33
251.5	29	4.75	-22	-29	-24	28	26	-33
252	30	1	18	-29	25	27	29	32
252.5	30	1.25	-18	-29	26	-27	-29	-32
253	30	1.5	-18	-29	27	27	32	-32
253.5	30	1.75	-18	-29	28	-27	-32	-32
254	30	2	0	22	29	26	31	0
256	31	1	25	0	29	25	32	34
259	31	1	25	0	29	-25	-32	34
260	31	1	26	0	31	0	0	35
262	31	1	27	0	-31	29	31	36
264	31	1	-27	0	29	-29	-31	34
265	31	1	-27	0	-29	29	31	-34
266	31	1	25	0	27	30	32	-34
268	32	1	24	0	28	31	33	33
270	32	1	-24	0	-28	-31	31	-33
272	32	1	20	0	27	29	-31	34
274	32	1	0	0	0	28	30	32
277	32	1	0	0	0	-28	-30	32
278	32	1	0	0	0	24	31	33
280	33	1	20	27	31	0	29	34
283	33	1	20	27	24	0	29	-34
284	33	1	21	25	28	0	30	0
286	33	1	22	29	26	24	31	33
289	33	1	-22	-29	-26	24	-31	33
290	33	1	20	22	0	25	29	34
292	34	1	19	23	0	26	28	35
293	34	1.5	-19	-23	0	-26	26	-35
294	34	2	-19	26	0	24	29	33
295	34	2.5	-19	-26	26	-24	-29	-33
296	34	3	-19	0	26	23	-29	33
297	34	3.5	-19	0	-26	-23	28	-33
297.5	34	3.75	-19	0	-26	-23	27	-33
298	34	4	-19	0	-26	-23	28	-33
300	35	1	22	0	24	22	29	33
301	35	1.5	20	31	27	-22	-29	36
302	35	2	20	31	27	0	-29	36
303.5	35	2.75	17	31	26	0	-29	35
304	35	3	18	29	25	0	-29	34
305	35	3.5	18	27	25	29	-29	34
306	35	4	22	29	24	29	0	33
307.5	35	4.75	-22	-29	-24	28	0	-33
308	36	1	18	29	25	27	0	32
309	36	1.5	-18	-29	-25	27	32	36
310	36	2	22	-29	0	26	31	36
311	36	2.5	-22	-29	26	-26	-31	-36
311.5	36	2.75	-22	-29	-26	-26	31	35
312	36	3	25	0	27	25	32	34
313	36	3.5	-25	29	-27	-25	25	34
313.5	36	3.75	-25	-29	28	-25	-25	-34
314	36	4	24	29	29	0	26	33
315	36	4.5	-24	-29	26	29	-26	-33
315.5	36	4.75	-24	28	-26	-29	-26	-33
316	37	1	25	27	27	29	29	32
317	37	1.5	-25	25	-27	-29	-29	36
317.5	37	1.75	-25	-25	-27	28	-29	-36
318	37	2	18	0	25	27	0	36
319	37	2.5	-18	22	29	25	32	-36
319.5	37	2.75	-18	-22	-29	-25	-32	35
320	37	3	22	22	29	0	31	34
321	37	3.5	-22	-22	-29	22	-31	33
321.5	37	3.75	-22	23	28	-22	30	-33
322	37	4	-22	24	27	-22	29	-33
323	37	4.5	-22	25	27	29	29	32
324	38	1	-22	26	26	-29	29	-32
325	38	1.5	-22	-26	-26	28	-29	31
325.5	38	1.75	-22	-26	-26	27	-29	30
326	38	2	-22	22	-26	26	-29	31
328	38	3	18	22	25	27	29	32
*-	*-	*-	*-	*-	*-	*-	*-	*-
