**absq	**bar	**beat	**b7	**b7	**b7	**b7	**b7	**b7	**b7	**b7	**b7	**b7
0	1	1	0	0	0	0	0	0	0	0	0	39
2	1	1.5	0	21	30	0	0	0	32	0	37	-39
4	1	2	0	21	30	0	0	0	-32	0	-37	37
6	1	2.5	0	-21	-30	0	0	0	35	0	39	-37
7	1	2.75	0	21	28	0	0	0	-35	0	-39	37
8	2	1	0	25	29	0	0	0	-35	0	-39	36
10	2	1.5	0	-25	25	0	0	0	34	0	36	-36
12	2	2	0	0	28	0	0	0	35	0	37	0
14	2	2.5	0	21	-28	0	0	0	32	0	37	35
16	3	1	0	24	-28	0	0	0	33	0	38	35
18	3	1.5	0	-24	28	0	0	0	-33	0	-38	-35
19	3	1.75	0	21	-28	0	0	0	30	0	39	35
20	3	2	0	25	27	0	0	0	32	0	39	36
22	3	2.5	0	21	28	0	0	0	32	0	39	37
24	4	1	0	24	28	0	0	0	33	0	35	38
28	4	2	0	21	28	0	0	0	32	0	35	37
30	4	2.5	0	21	26	0	0	0	33	0	-35	37
32	5	1	0	22	-26	0	0	0	-33	0	-35	36
34	5	1.5	0	-22	29	0	0	0	32	0	34	-36
36	5	2	0	-22	-29	0	0	0	-32	0	33	-36
38	5	2.5	0	-22	-29	0	0	0	31	0	-33	-36
40	6	1	0	25	29	0	0	0	32	0	34	36
42	6	1.5	25	-25	-29	29	0	32	-32	34	-34	-36
43	6	1.75	-25	-25	-29	-29	32	-32	-32	-34	-34	-36
44	6	2	22	0	0	29	-32	33	0	36	0	0
45	6	2.25	-22	0	0	-29	31	-33	0	-36	0	0
46	6	2.5	-22	0	0	26	-31	-33	0	-36	0	0
47	6	2.75	24	0	0	-26	31	33	0	35	0	0
48	7	1	21	0	0	28	30	32	0	35	0	0
50	7	1.5	28	0	0	-28	-30	-32	0	35	0	0
51	7	1.75	-28	0	0	27	31	-32	0	-35	0	0
51.5	7	1.875	-28	0	0	26	-31	-32	0	-35	0	0
52	7	2	29	0	0	25	32	0	0	34	0	0
54	7	2.5	30	0	0	32	30	32	0	-34	0	0
55	7	2.75	-30	0	0	-32	-30	-32	0	35	0	0
56	8	1	29	0	0	31	33	33	0	36	0	0
58	8	1.5	-29	0	0	32	32	34	0	-36	0	0
60	8	2	-29	0	0	33	-32	33	0	-36	0	0
62	8	2.5	-29	0	0	29	31	-33	0	-36	0	0
64	9	1	25	0	0	29	32	34	0	36	0	0
66	9	1.5	-25	25	27	-29	-32	-34	32	-36	39	36
68	9	2	0	21	28	0	0	0	30	0	39	37
71	9	2.75	0	21	28	0	0	0	30	0	32	37
72	10	1	0	21	28	0	0	0	30	0	32	37
74	10	1.5	0	22	26	0	0	0	31	0	31	36
76	10	2	0	20	29	0	0	0	31	0	34	38
80	11	1	0	-20	-29	0	0	0	29	0	-34	-38
82	11	1.5	0	21	28	0	0	0	30	0	32	37
84	11	2	0	21	28	0	0	0	-30	0	32	37
85	11	2.25	0	-21	-28	0	0	0	29	0	-32	-37
86	11	2.5	0	-21	32	0	0	0	28	0	35	-37
87	11	2.75	0	-21	-32	0	0	0	29	0	-35	38
88	12	1	0	28	-32	0	0	0	30	0	35	39
89	12	1.25	0	-28	-32	0	0	0	-30	0	34	-39
90	12	1.5	0	-28	33	0	0	0	30	0	33	38
91	12	1.75	0	-28	-33	0	0	0	-30	0	32	37
92	12	2	0	29	-33	0	0	0	31	0	31	36
93	12	2.25	0	-29	32	0	0	0	-31	0	32	-36
94	12	2.5	0	-29	31	0	0	0	-31	0	33	-36
95	12	2.75	0	28	30	0	0	0	-31	0	-33	-36
96	13	1	0	27	29	0	0	0	-31	0	-33	36
98	13	1.5	0	-27	-29	0	0	0	29	0	32	36
100	13	2	0	26	30	0	0	0	0	0	33	-36
102	13	2.5	26	-26	-30	30	0	33	0	0	-33	35
103	13	2.75	-26	-26	-30	-30	0	-33	0	37	-33	-35
104	14	1	24	0	0	29	0	33	0	33	0	0
106	14	1.5	25	0	0	29	0	32	0	34	0	0
108	14	2	21	0	0	30	0	32	0	35	0	0
110	14	2.5	-21	0	0	30	30	32	0	37	0	0
112	15	1	0	0	0	-30	28	33	0	37	0	0
114	15	1.5	0	0	0	31	29	-33	0	36	0	0
116	15	2	0	0	0	32	25	34	0	36	0	0
118	15	2.5	25	0	0	32	32	-34	0	-36	0	0
120	16	1	28	0	0	-32	33	35	0	0	0	0
122	16	1.5	29	0	0	31	-33	33	0	0	0	0
124	16	2	25	0	0	30	34	32	0	0	0	0
126	16	2.5	-25	0	0	-30	35	-32	0	0	0	0
128	17	1	-25	0	0	29	-35	-32	0	0	0	0
130	17	1.5	-25	0	0	-29	34	-32	0	36	0	0
132	17	2	0	0	0	0	33	35	0	37	0	0
134	17	2.5	26	0	0	28	-33	-35	0	38	0	0
136	18	1	27	0	0	29	32	0	0	39	0	0
137.5	18	1.375	-27	0	0	-29	-32	0	0	38	0	0
138	18	1.5	28	0	0	30	-32	35	0	37	0	0
140	18	2	29	0	0	31	0	33	0	-37	0	0
141	18	2.25	-29	0	0	-31	0	-33	0	36	0	0
142	18	2.5	27	0	0	29	0	32	0	36	0	0
144	19	1	26	0	0	30	0	33	0	-36	0	0
146	19	1.5	-26	0	0	-30	0	-33	0	35	0	0
148	19	2	22	0	0	29	0	31	0	36	0	0
149	19	2.25	-22	0	0	-29	0	-31	29	-36	0	0
150	19	2.5	-22	22	0	-29	0	-31	29	-36	33	36
151.5	19	2.875	-22	-22	0	-29	0	-31	28	-36	-33	-36
152	20	1	0	25	0	0	0	0	27	0	34	36
154	20	1.5	0	24	0	0	0	0	29	0	33	-36
155	20	1.75	0	-24	0	0	0	0	-29	0	-33	35
156	20	2	0	25	0	0	0	0	29	0	36	34
157	20	2.25	0	-25	0	0	0	0	-29	0	36	-34
158	20	2.5	0	-25	29	0	0	0	-29	0	36	34
159	20	2.75	0	26	-29	0	0	0	-29	0	-36	-34
159.5	20	2.875	0	-26	-29	0	0	0	-29	0	35	-34
160	21	1	0	27	32	0	0	0	-29	0	34	36
161	21	1.25	0	28	-32	0	0	0	-29	0	-34	-36
162	21	1.5	0	29	31	0	0	0	-29	0	33	-36
164	21	2	0	25	32	0	0	0	0	0	34	36
166	21	2.5	0	28	-32	0	0	0	0	0	35	37
167	21	2.75	0	-28	31	0	0	0	0	0	-35	-37
168	22	1	0	-28	30	0	0	0	0	0	39	-37
169	22	1.25	0	-28	-30	0	0	0	0	0	-39	36
170	22	1.5	0	21	30	0	0	0	28	0	-39	35
172	22	2	0	25	29	0	0	0	29	0	-39	34
174	22	2.5	0	23	28	0	0	0	30	0	39	35
176	23	1	0	24	29	0	0	0	33	0	38	-35
178	23	1.5	0	25	-29	0	0	0	32	0	36	34
180	23	2	0	21	28	0	0	0	-32	0	37	35
181	23	2.25	0	-21	-28	0	32	0	-32	37	-37	-35
182	23	2.5	0	0	0	0	33	0	0	37	0	-35
183	23	2.75	0	0	0	0	35	0	0	37	0	-35
184	24	1	0	0	0	0	34	0	0	36	0	0
186	24	1.5	0	0	0	0	35	0	0	35	0	0
187	24	1.75	21	0	0	30	-35	32	0	-35	0	0
188	24	2	21	0	0	30	0	33	0	0	0	0
189	24	2.25	21	0	0	30	0	35	0	0	0	0
190	24	2.5	25	0	0	29	32	34	0	39	0	0
192	25	1	21	0	0	28	-32	35	0	-39	0	0
194	25	1.5	0	0	0	0	32	-35	0	37	0	0
195	25	1.75	28	0	0	0	-32	-35	0	-37	0	0
196	25	2	-28	0	0	32	32	0	0	36	0	0
197	25	2.25	27	0	0	-32	-32	0	0	-36	0	0
198	25	2.5	28	0	0	30	32	35	0	37	0	0
200	26	1	25	0	0	29	32	-35	0	39	0	0
201	26	1.25	-25	0	0	-29	-32	-35	0	38	0	0
202	26	1.5	-25	0	0	30	-32	34	0	37	0	0
203	26	1.75	-25	0	0	-30	-32	-34	0	36	0	0
204	26	2	26	0	0	30	30	33	0	35	0	0
205	26	2.25	-26	0	0	29	-30	-33	0	36	0	0
206	26	2.5	-26	0	0	28	-30	33	0	37	0	0
207	26	2.75	25	0	0	27	-30	-33	0	-37	0	0
208	27	1	24	0	0	26	0	33	0	-37	0	0
210	27	1.5	-24	0	0	-26	0	-33	0	36	0	0
212	27	2	23	0	0	27	0	32	0	37	0	0
214	27	2.5	21	0	0	28	32	0	0	37	0	0
215	27	2.75	-21	0	0	-28	-32	35	0	-37	0	0
216	28	1	24	0	0	29	31	33	0	36	0	0
218	28	1.5	25	0	0	29	29	34	0	-36	0	0
219	28	1.75	-25	0	0	-29	-29	-34	0	36	0	0
220	28	2	21	0	0	30	32	35	0	35	0	0
222	28	2.5	21	0	0	28	30	32	0	35	0	0
224	29	1	24	0	0	28	31	33	0	35	0	0
227	29	1.75	23	0	0	28	32	32	0	35	0	0
228	29	2	24	0	0	26	28	31	0	35	0	0
229	29	2.25	-24	0	0	-26	-28	-31	0	33	0	0
230	29	2.5	21	0	0	25	32	30	0	35	0	0
231	29	2.75	-21	0	0	32	-32	-30	0	-35	0	0
232	30	1	25	0	0	-32	32	29	0	-35	0	0
233	30	1.25	-25	0	0	31	-32	-29	0	-35	0	0
233.5	30	1.375	-25	0	0	30	-32	-29	0	-35	0	0
234	30	1.5	-25	0	0	29	-32	-29	0	34	0	0
236	30	2	21	0	0	30	32	28	0	35	0	0
238	30	2.5	-21	21	28	-30	-32	-28	32	-35	37	39
240	31	1	0	24	26	0	0	0	33	0	35	38
242	31	1.5	0	22	24	0	0	0	-33	0	36	38
243	31	1.75	0	-22	-24	0	0	0	34	0	-36	-38
244	31	2	0	21	25	0	0	0	35	0	32	37
246	31	2.5	21	-21	-25	28	32	30	-35	39	-32	-37
248	32	1	24	0	0	26	33	28	0	38	0	0
250	32	1.5	22	0	0	24	-33	29	0	38	0	36
251	32	1.75	-22	0	0	-24	34	-29	0	-38	0	-36
252	32	2	21	0	0	25	35	30	0	37	0	39
254	32	2.5	-21	25	32	-25	-35	-30	32	-37	35	37
256	33	1	0	28	30	0	0	0	32	0	37	35
258	33	1.5	0	26	28	0	0	0	33	0	-37	-35
259	33	1.75	0	-26	-28	0	0	0	-33	0	38	-35
260	33	2	0	25	29	0	0	0	34	0	39	0
261	33	2.25	0	-25	-29	0	0	0	-34	0	38	0
261.5	33	2.375	0	-25	-29	0	0	0	-34	0	37	0
262	33	2.5	0	25	-29	0	0	0	34	0	36	39
264	34	1	0	22	29	0	0	0	33	0	-36	38
265	34	1.25	0	23	-29	0	0	0	-33	0	-36	-38
266	34	1.5	0	24	26	0	0	0	-33	0	36	38
267	34	1.75	0	25	-26	0	0	0	-33	0	-36	-38
268	34	2	0	26	-26	0	0	0	-33	0	35	37
269	34	2.25	0	-26	27	0	0	0	-33	0	-35	-37
270	34	2.5	0	-26	28	0	0	0	-33	0	-35	-37
271	34	2.75	0	27	29	0	0	0	-33	0	34	36
272	35	1	0	28	30	0	0	0	0	0	33	35
273	35	1.25	0	27	-30	0	0	0	0	0	32	36
274	35	1.5	0	26	28	0	0	0	0	0	35	37
275	35	1.75	0	-26	-28	0	0	0	33	0	-35	38
276	35	2	0	25	29	0	0	0	34	0	34	39
277	35	2.25	0	-25	30	0	0	0	-34	0	-34	-39
277.5	35	2.375	0	-25	-30	0	0	0	33	0	-34	38
277.75	35	2.4375	0	-25	-30	0	0	0	32	0	-34	37
278	35	2.5	0	0	29	0	0	0	33	0	36	38
280	36	1	0	0	25	0	0	0	34	0	36	39
282	36	1.5	0	21	28	0	0	0	35	0	37	-39
284	36	2	0	25	29	0	0	0	-35	0	36	-39
286	36	2.5	0	25	29	0	0	0	34	0	-36	-39
287	36	2.75	0	-25	-29	0	0	0	-34	0	36	-39
288	37	1	0	26	31	0	0	0	35	0	35	0
290	37	1.5	0	-26	30	0	0	0	28	0	-35	35
291	37	1.75	0	27	-30	0	0	0	-28	0	-35	-35
292	37	2	0	28	30	0	0	0	32	0	35	37
294	37	2.5	0	-28	-30	0	0	0	32	0	35	37
295	37	2.75	0	27	-30	0	0	0	-32	0	-35	-37
296	38	1	0	26	28	0	0	0	33	0	-35	38
298	38	1.5	0	-26	-28	0	0	0	-33	0	35	37
299	38	1.75	0	-26	-28	0	0	0	34	0	-35	-37
300	38	2	0	-26	28	0	0	0	35	0	33	37
301	38	2.25	0	-26	-28	0	0	0	-35	0	-33	37
302	38	2.5	0	24	28	0	0	0	-35	0	-33	38
303	38	2.75	0	-24	-28	0	0	0	34	0	34	-38
304	39	1	0	24	31	0	0	0	33	0	35	35
305	39	1.25	0	25	-31	0	0	0	-33	0	-35	-35
306	39	1.5	0	26	28	0	0	0	33	0	-35	38
307	39	1.75	0	27	-28	0	0	0	-33	0	-35	-38
308	39	2	0	28	0	0	0	0	32	0	-35	-38
310	39	2.5	0	-28	0	0	0	0	-32	0	-35	37
312	40	1	0	24	0	0	0	0	31	0	33	38
314	40	1.5	24	-24	0	28	0	33	-31	0	-33	-38
316	40	2	24	0	0	28	0	33	0	0	0	0
317	40	2.25	24	0	0	28	0	33	0	35	0	0
318	40	2.5	24	0	0	31	0	33	0	35	0	0
319	40	2.75	24	0	0	31	0	33	0	35	0	0
320	41	1	21	0	0	30	0	32	0	35	0	0
321	41	1.25	-21	0	0	-30	35	-32	0	32	0	0
322	41	1.5	21	0	0	28	35	30	0	32	0	0
323	41	1.75	-21	0	0	-28	35	-30	0	-32	0	0
324	41	2	28	0	0	28	35	30	0	32	0	0
325	41	2.25	27	0	0	-28	32	-30	0	-32	0	0
326	41	2.5	26	0	0	-28	33	-30	0	35	0	0
327	41	2.75	25	0	0	-28	34	31	0	-35	0	0
327.5	41	2.875	-25	0	0	-28	-34	32	0	-35	0	0
328	42	1	24	0	0	31	35	33	0	-35	0	0
330	42	1.5	26	0	0	-31	28	35	0	35	0	0
332	42	2	25	0	0	29	32	34	0	36	0	0
336	43	1	22	0	0	-29	31	33	0	-36	0	0
337	43	1.25	-22	0	0	-29	-31	33	0	-36	0	0
338	43	1.5	0	0	0	25	0	36	0	34	0	0
339	43	1.75	0	0	0	-25	32	-36	0	-34	0	0
339.5	43	1.875	0	0	0	-25	-32	35	0	-34	0	0
340	43	2	0	0	0	0	32	34	0	0	0	0
341	43	2.25	0	0	0	0	-32	-34	0	39	0	0
341.5	43	2.375	0	0	0	0	31	33	0	-39	0	0
342	43	2.5	0	0	0	0	30	32	0	39	0	0
343	43	2.75	28	0	0	0	-30	-32	0	-39	0	0
343.5	43	2.875	-28	0	0	0	29	-32	0	38	0	0
344	44	1	28	0	0	0	28	-32	0	37	0	0
345	44	1.25	-28	0	0	28	-28	-32	0	-37	0	0
345.5	44	1.375	27	0	0	-28	-28	-32	0	36	0	0
346	44	1.5	26	0	0	28	30	33	0	35	0	0
347.5	44	1.875	25	0	0	27	-30	-33	0	-35	0	0
348	44	2	24	0	0	26	31	35	0	-35	0	0
349	44	2.25	-24	0	0	26	-31	-35	0	-35	0	0
350	44	2.5	21	0	0	25	30	-35	0	37	0	0
352	45	1	22	0	0	29	29	33	0	38	0	0
354	45	1.5	26	0	0	28	30	-33	0	37	0	0
355	45	1.75	-26	0	0	-28	30	-33	0	-37	0	0
356	45	2	22	0	0	-28	31	-33	0	36	0	0
358	45	2.5	-22	0	0	27	32	32	0	-36	0	0
360	46	1	22	0	0	26	33	-32	0	-36	0	0
362	46	1.5	-22	0	0	26	-33	31	0	36	0	0
363	46	1.75	-22	22	26	-26	-33	-31	29	-36	36	40
364	46	2	0	25	27	0	0	0	29	0	36	39
366	46	2.5	0	25	27	0	0	0	29	0	32	39
368	47	1	0	24	28	0	0	0	31	0	35	40
369	47	1.25	0	-24	26	0	0	0	-31	0	-35	-40
370	47	1.5	0	-24	28	0	0	0	-31	0	-35	-40
372	47	2	0	21	-28	0	0	0	30	0	35	39
373	47	2.25	0	-21	28	0	0	0	-30	0	-35	-39
374	47	2.5	0	25	27	0	0	0	29	0	36	39
375	47	2.75	0	-25	28	0	0	0	-29	0	-36	-39
376	48	1	0	-25	29	0	0	0	-29	0	-36	-39
377	48	1.25	0	-25	-29	0	0	0	-29	0	36	-39
378	48	1.5	0	27	25	0	0	0	29	0	36	36
380	48	2	0	26	0	0	0	0	33	0	-36	37
381	48	2.25	0	-26	0	0	0	0	-33	0	35	-37
382	48	2.5	0	24	0	0	0	0	33	0	35	38
384	49	1	0	25	0	0	0	0	32	0	-35	36
386	49	1.5	0	-25	29	0	0	0	-32	0	34	-36
388	49	2	0	21	32	0	0	0	30	0	35	37
389	49	2.25	0	-21	-32	0	0	0	-30	0	35	-37
390	49	2.5	0	21	-32	0	0	0	-30	0	39	35
391	49	2.75	0	-21	31	0	0	0	-30	0	-39	-35
392	50	1	0	28	30	0	0	0	0	0	-39	32
393	50	1.25	0	-28	-30	0	0	0	0	0	38	-32
394	50	1.5	0	-28	-30	0	0	0	28	0	37	32
395	50	1.75	0	27	29	0	0	0	-28	0	-37	-32
396	50	2	0	26	28	0	0	0	35	0	-37	33
397	50	2.25	0	-26	-28	0	0	0	-35	0	-37	34
398	50	2.5	0	-26	30	0	0	0	-35	0	37	35
399	50	2.75	0	25	-30	0	0	0	34	0	-37	-35
400	51	1	0	24	31	0	0	0	33	0	40	-35
401	51	1.25	0	-24	-31	0	0	0	-33	0	-40	36
402	51	1.5	0	21	30	0	0	0	-33	0	-40	37
403	51	1.75	0	-21	-30	0	0	0	30	0	39	-37
404	51	2	0	22	26	0	0	0	31	0	38	-37
405	51	2.25	0	-22	-26	0	0	0	32	0	-38	36
406	51	2.5	0	22	-26	0	0	0	33	0	38	36
408	52	1	0	26	-26	0	0	0	-33	0	37	-36
409	52	1.25	0	-26	-26	0	0	0	33	0	-37	-36
410	52	1.5	0	-26	-26	0	0	0	33	0	-37	35
412	52	2	0	22	26	0	0	0	31	0	36	36
414	52	2.5	0	-22	-26	29	0	29	-31	36	-36	-36
416	53	1	0	0	0	28	0	32	0	37	0	0
419	53	1.75	0	0	0	30	0	32	0	39	0	0
420	53	2	0	0	0	31	0	33	0	38	0	0
422	53	2.5	0	0	0	32	0	34	0	36	0	0
424	54	1	0	0	0	28	0	35	0	37	0	0
426	54	1.5	28	0	0	0	32	0	0	37	0	0
427	54	1.75	-28	0	0	28	-32	32	0	-37	0	0
428	54	2	25	0	0	29	34	32	0	36	0	0
430	54	2.5	-25	0	0	-29	-34	34	0	-36	0	0
431	54	2.75	27	0	0	32	36	-34	0	36	0	0
432	55	1	28	0	0	32	35	33	0	37	0	0
434	55	1.5	29	0	0	31	33	33	0	36	0	0
436	55	2	25	0	0	32	34	32	0	36	0	0
437	55	2.25	-25	0	0	-32	-34	29	0	-36	0	0
438	55	2.5	25	0	0	32	-34	30	0	35	0	0
439	55	2.75	-25	0	0	-32	-34	-30	0	34	0	0
440	56	1	26	0	0	-32	35	-30	0	33	0	0
442	56	1.5	-26	0	0	31	33	29	0	-33	0	0
443	56	1.75	-26	0	0	-31	-33	-29	0	34	0	0
444	56	2	-26	0	0	30	-33	28	0	35	0	0
445	56	2.25	-26	0	0	-30	32	29	0	-35	0	0
445.5	56	2.375	-26	0	0	-30	31	-29	0	-35	0	0
446	56	2.5	-26	0	0	28	30	30	0	-35	0	0
447	56	2.75	-26	0	0	-28	31	28	0	-35	0	0
448	57	1	25	0	0	-28	32	29	0	0	0	0
449	57	1.25	-25	0	0	27	-32	-29	0	0	0	0
449.5	57	1.375	-25	0	0	26	-32	-29	0	0	0	0
450	57	1.5	-25	0	0	27	25	-29	0	36	0	0
451	57	1.75	-25	0	0	26	-25	30	0	-36	0	0
451.5	57	1.875	-25	0	0	27	-25	-30	0	-36	0	0
452	57	2	24	0	0	28	26	31	0	40	0	0
453	57	2.25	-24	0	0	-28	27	-31	0	-40	0	0
454	57	2.5	-24	0	0	-28	28	-31	0	-40	0	0
455	57	2.75	23	0	0	-28	-28	-31	0	39	0	0
456	58	1	22	0	0	29	-28	-31	0	38	0	0
457.5	58	1.375	-22	0	0	-29	-28	-31	0	37	0	0
458	58	1.5	-22	0	0	-29	27	-31	0	36	0	0
460	58	2	21	0	0	25	28	30	0	37	0	0
462	58	2.5	-21	0	28	-25	-28	-30	0	-37	0	37
463	58	2.75	-21	0	-28	-25	-28	-30	0	-37	35	-37
464	59	1	0	0	32	0	0	0	0	0	-35	36
465	59	1.25	0	0	-32	0	0	0	0	0	34	-36
467	59	1.75	0	0	29	0	0	0	0	0	36	38
468	59	2	0	0	30	0	0	0	0	0	-36	37
469	59	2.25	0	0	31	0	0	0	0	0	35	-37
470	59	2.5	0	0	32	0	0	0	0	0	-35	36
471	59	2.75	0	0	-32	0	0	0	32	0	34	-36
472	60	1	0	0	0	0	0	0	28	0	35	37
473	60	1.25	0	0	0	0	0	0	30	0	32	-37
474	60	1.5	0	0	0	0	0	0	31	0	33	0
475	60	1.75	0	0	0	0	0	0	32	0	34	36
476	60	2	0	0	0	0	0	0	28	0	35	37
477	60	2.25	0	0	0	0	0	0	29	0	-35	38
478	60	2.5	0	0	0	0	0	0	30	0	-35	39
479	60	2.75	0	0	0	0	0	0	31	0	-35	38
479.5	60	2.875	0	0	0	0	0	0	-31	0	-35	37
480	61	1	0	0	0	0	0	0	32	0	34	36
482	61	1.5	0	0	0	0	0	0	28	0	0	37
483	61	1.75	0	0	0	0	0	0	-28	0	37	35
484	61	2	0	0	0	0	0	0	0	0	37	35
485	61	2.25	0	28	30	0	0	0	0	0	39	32
486	61	2.5	0	28	30	0	0	0	0	0	35	33
487	61	2.75	0	25	29	0	0	0	0	0	34	34
488	62	1	0	26	31	0	0	0	0	0	33	35
489	62	1.25	0	27	-31	0	0	0	0	0	36	34
489.5	62	1.375	0	-27	-31	0	0	0	0	0	-36	33
490	62	1.5	0	28	30	0	0	0	0	0	-36	32
491	62	1.75	0	-28	-30	0	0	0	0	0	35	-32
492	62	2	0	25	29	0	0	0	0	0	-35	0
493	62	2.25	0	-25	-29	0	0	0	29	0	34	32
494	62	2.5	0	28	0	0	0	0	30	0	35	33
495	62	2.75	0	27	29	0	0	0	29	0	32	34
496	63	1	0	26	30	0	0	0	28	0	0	35
497	63	1.25	0	-26	31	0	0	0	-28	0	0	-35
498	63	1.5	0	25	32	0	0	0	29	0	0	34
500	63	2	21	0	28	30	0	32	0	0	0	0
502	63	2.5	-21	0	-28	-30	32	35	0	39	0	0
504	64	1	24	0	0	29	33	-35	0	38	0	0
506	64	1.5	25	0	25	-29	32	34	0	36	0	0
507	64	1.75	-25	0	-25	29	-32	-34	0	-36	0	0
508	64	2	21	0	-25	28	30	35	32	37	0	0
510	64	2.5	-21	22	28	-28	-30	-35	-32	-37	37	39
512	65	1	0	24	-28	0	0	0	33	0	36	38
514	65	1.5	0	25	27	0	0	32	31	0	-36	36
515	65	1.75	0	-25	-27	0	0	-32	-31	0	36	-36
516	65	2	25	21	28	0	0	-32	30	0	35	37
518	65	2.5	-25	-21	-28	30	32	35	-30	35	-35	-37
520	66	1	28	0	0	30	32	-35	0	32	0	0
522	66	1.5	29	0	0	29	31	33	0	36	0	0
524	66	2	25	0	0	29	32	34	0	36	0	0
526	66	2.5	25	0	0	-29	32	34	0	36	0	0
528	67	1	28	0	0	0	32	35	0	37	0	0
531	67	1.75	25	0	0	0	-32	34	0	36	0	0
532	67	2	26	0	0	0	30	-34	0	35	0	0
533	67	2.25	-26	0	0	33	-30	33	0	-35	0	0
534	67	2.5	27	0	0	31	29	-33	0	36	0	0
535	67	2.75	-27	0	0	29	-29	32	0	-36	0	0
536	68	1	26	0	0	30	28	33	0	0	0	0
538	68	1.5	-26	0	0	31	29	-33	0	33	0	0
540	68	2	-26	0	0	30	-29	-33	0	37	0	0
541	68	2.25	-26	0	0	-30	28	-33	0	-37	0	0
542	68	2.5	-26	0	0	-30	28	-33	0	-37	0	0
544	69	1	22	0	0	29	29	33	0	38	0	0
546	69	1.5	-22	22	29	-29	-29	-33	0	-38	40	36
548	69	2	0	25	30	0	0	0	0	0	39	36
550	69	2.5	26	26	-30	0	0	33	0	0	37	35
551	69	2.75	-26	-26	30	0	0	-33	0	0	-37	-35
552	70	1	-26	22	29	0	0	33	0	0	38	36
554	70	1.5	29	22	26	29	33	-33	0	36	-38	-36
556	70	2	-29	25	27	29	32	0	0	34	39	36
558	70	2.5	25	-25	27	-29	-32	0	29	34	39	-36
559	70	2.75	-25	-25	-27	29	-32	0	-29	-34	-39	-36
560	71	1	-25	21	28	28	30	0	32	32	-39	37
561	71	1.25	-25	-21	-28	-28	-30	0	-32	-32	38	-37
562	71	1.5	28	-21	-28	25	28	30	-32	32	37	-37
563	71	1.75	-28	-21	-28	-25	-28	-30	-32	-32	36	-37
564	71	2	-28	24	26	0	-28	33	0	0	35	38
566	71	2.5	24	-24	-26	28	26	-33	28	0	35	-38
567	71	2.75	-24	-24	-26	-28	-26	34	-28	0	-35	-38
568	72	1	25	21	25	30	0	35	28	0	35	37
569	72	1.25	-25	-21	-25	-30	0	-35	-28	32	-35	-37
570	72	1.5	-25	-21	-25	-30	28	32	32	35	35	39
572	72	2	-25	18	-25	29	32	32	32	-35	36	39
574	72	2.5	-25	-18	-25	-29	-32	-32	-32	34	-36	-39
576	73	1	25	21	25	28	30	32	32	35	37	39
577	73	1.25	-25	-21	-25	-28	-30	32	-32	-35	-37	-39
578	73	1.5	21	-21	-25	30	0	35	-32	39	-37	-39
579	73	1.75	-21	-21	-25	-30	32	-35	-32	-39	-37	-39
580	73	2	24	0	0	29	33	-35	0	38	0	0
582	73	2.5	25	0	25	-29	32	34	0	36	0	0
583	73	2.75	-25	0	-25	29	-32	-34	0	-36	0	0
584	74	1	21	0	-25	28	30	35	32	37	0	0
586	74	1.5	-21	21	28	-28	-30	-35	-32	-37	37	39
588	74	2	0	24	-28	0	0	0	33	0	36	38
590	74	2.5	0	25	27	0	0	32	32	0	-36	36
591	74	2.75	0	-25	-27	0	0	-32	-32	0	36	-36
592	75	1	25	21	28	0	0	-32	30	0	35	37
594	75	1.5	-25	-21	-28	30	32	35	-30	35	-35	-37
596	75	2	28	0	0	30	32	-35	0	32	0	0
598	75	2.5	29	0	0	29	31	33	0	36	0	0
600	76	1	25	0	0	29	32	34	0	36	0	0
602	76	1.5	25	0	0	-29	32	34	0	36	0	0
604	76	2	28	0	0	0	32	35	0	37	0	0
607	76	2.75	25	0	0	0	-32	34	0	36	0	0
608	77	1	26	0	0	0	30	-34	0	35	0	0
609	77	1.25	-26	0	0	33	-30	33	0	-35	0	0
610	77	1.5	27	0	0	31	29	-33	0	36	0	0
611	77	1.75	-27	0	0	29	-29	32	0	-36	0	0
612	77	2	26	0	0	30	28	33	0	0	0	0
614	77	2.5	-26	0	0	31	29	-33	0	33	0	0
616	78	1	-26	0	0	30	-29	-33	0	37	0	0
617	78	1.25	-26	0	0	-30	28	-33	0	-37	0	0
618	78	1.5	-26	0	0	-30	28	-33	0	-37	0	0
620	78	2	22	0	0	29	29	33	0	38	0	0
622	78	2.5	-22	22	29	-29	-29	-33	0	-38	40	36
624	79	1	0	25	30	0	0	0	0	0	39	36
626	79	1.5	26	26	-30	0	0	33	0	0	37	35
627	79	1.75	-26	-26	30	0	0	-33	0	0	-37	-35
628	79	2	-26	22	29	0	0	33	0	0	38	36
630	79	2.5	29	22	26	29	33	-33	0	36	-38	-36
632	80	1	-29	25	27	29	32	0	0	34	39	36
634	80	1.5	25	-25	27	-29	-32	0	29	34	39	-36
635	80	1.75	-25	-25	-27	29	-32	0	-29	-34	-39	-36
636	80	2	-25	21	28	28	30	0	32	32	-39	37
637	80	2.25	-25	-21	-28	-28	-30	0	-32	-32	38	-37
638	80	2.5	28	-21	-28	25	28	30	-32	32	37	-37
639	80	2.75	-28	-21	-28	-25	-28	-30	-32	-32	36	-37
640	81	1	-28	24	26	0	-28	33	0	0	35	38
642	81	1.5	24	-24	-26	0	26	-33	28	0	35	-38
643	81	1.75	-24	-24	-26	0	-26	34	-28	0	-35	-38
644	81	2	25	21	25	30	0	35	28	0	35	37
645	81	2.25	-25	-21	-25	-30	0	-35	-28	32	-35	-37
646	81	2.5	-25	-21	-25	-30	28	32	32	35	35	39
648	82	1	-25	18	-25	29	32	32	32	-35	36	39
650	82	1.5	-25	-18	-25	-29	-32	-32	-32	34	-36	-39
651	82	1.75	-25	-18	-25	-29	-32	-32	-32	33	-36	-39
652	82	2	-25	-18	-25	-29	-32	-32	-32	34	-36	-39
656	83	1	21	21	25	28	30	32	32	35	37	39
*-	*-	*-	*-	*-	*-	*-	*-	*-	*-	*-	*-	*-
