**absq	**bar	**beat	**b7	**b7	**b7	**b7	**b7
0	1	1	0	0	32	0	0
4	1	3	0	0	31	0	0
6	1	4	0	29	-31	0	0
7	1	4.5	0	-29	29	0	0
8	2	1	0	-29	31	0	36
9	2	1.5	0	27	-31	0	-36
9.5	2	1.75	0	-27	30	0	-36
10	2	2	0	-27	31	0	-36
11	2	2.5	0	25	32	0	34
12	2	3	0	27	29	0	-34
13	2	3.5	0	-27	-29	0	32
13.5	2	3.75	0	28	30	0	-32
14	2	4	0	29	31	0	34
14.5	2	4.25	0	-29	29	0	-34
15	2	4.5	0	30	32	0	-34
15.5	2	4.75	0	-30	-32	0	35
16	3	1	0	27	-32	0	36
17	3	1.5	0	-27	25	0	37
17.5	3	1.75	0	28	-25	0	-37
18	3	2	0	29	-25	36	34
18.5	3	2.25	0	28	-25	-36	-34
19	3	2.5	0	27	25	-36	-34
19.5	3	2.75	0	26	-25	-36	35
20	3	3	25	27	25	34	36
20.5	3	3.25	-25	-27	26	-34	35
21	3	3.5	-25	-27	27	-34	34
21.5	3	3.75	-25	-27	28	-34	33
22	3	4	-25	-27	29	-34	34
22.5	3	4.25	-25	-27	-29	-34	35
23	3	4.5	-25	-27	27	32	36
23.5	3	4.75	-25	-27	-27	-32	37
24	4	1	24	28	31	33	38
24.5	4	1.25	-24	-28	30	-33	-38
25	4	1.5	-24	-28	31	-33	-38
25.5	4	1.75	-24	-28	32	34	-38
26	4	2	-24	0	33	35	38
27	4	2.5	22	24	34	36	-38
28	4	3	24	24	33	35	0
28.5	4	3.25	-24	25	-33	-35	0
29	4	3.5	-24	26	-33	-35	0
29.5	4	3.75	25	27	-33	-35	0
30	4	4	26	28	-33	35	0
31	4	4.5	27	29	32	32	0
32	5	1	26	31	0	33	0
32.5	5	1.25	-26	-31	0	34	0
33	5	1.5	-26	-31	33	35	0
33.5	5	1.75	-26	30	-33	36	0
33.75	5	1.875	-26	29	-33	-36	0
34	5	2	-26	28	33	37	35
35	5	2.5	-26	28	-33	38	-35
35.5	5	2.75	-26	-28	32	-38	-35
35.75	5	2.875	-26	-28	31	-38	-35
36	5	3	25	0	34	39	34
36.5	5	3.25	-25	0	-34	-39	35
37	5	3.5	-25	29	34	-39	36
37.5	5	3.75	-25	-29	-34	38	37
37.75	5	3.875	-25	-29	-34	37	-37
38	5	4	0	29	33	36	38
39	5	4.5	22	-29	-33	36	38
39.5	5	4.75	-22	28	-33	-36	-38
39.75	5	4.875	-22	27	-33	-36	-38
40	6	1	22	26	-33	0	38
40.5	6	1.25	23	-26	-33	0	-38
41	6	1.5	24	-26	-33	35	-38
41.5	6	1.75	25	27	-33	-35	37
41.75	6	1.875	-25	-27	-33	-35	36
42	6	2	26	28	33	35	35
43	6	2.5	28	28	-33	-35	37
43.5	6	2.75	-28	-28	-33	34	-37
43.75	6	2.875	-28	-28	-33	33	-37
44	6	3	27	29	0	34	36
44.5	6	3.25	-27	30	0	-34	-36
45	6	3.5	-27	31	0	34	-36
45.5	6	3.75	26	32	0	34	37
45.75	6	3.875	25	-32	0	-34	-37
46	6	4	24	33	0	35	38
47	6	4.5	25	32	0	34	37
48	7	1	26	-32	0	33	-37
48.5	7	1.25	-26	31	0	-33	-37
49	7	1.5	-26	31	0	-33	36
49.5	7	1.75	-26	30	0	-33	-36
49.75	7	1.875	-26	29	0	-33	-36
50	7	2	-26	30	0	-33	-36
51	7	2.5	-26	-30	0	-33	35
52	7	3	22	31	29	33	36
53	7	3.5	-22	-31	30	-33	-36
54	7	4	-22	-31	31	-33	-36
55	7	4.5	-22	-31	31	-33	-36
55.5	7	4.75	-22	-31	33	-33	-36
56	8	1	25	0	32	34	0
57	8	1.5	26	0	31	35	0
58	8	2	27	0	31	36	0
59	8	2.5	27	0	29	36	0
59.5	8	2.75	29	0	-29	38	0
60	8	3	28	0	30	37	32
61	8	3.5	-28	0	-30	-37	33
62	8	4	27	31	27	36	34
63	8	4.5	-27	32	-27	-36	34
63.5	8	4.75	-27	-32	-27	-36	36
64	9	1	26	33	0	0	35
65	9	1.5	24	33	0	0	-35
65.5	9	1.75	-24	33	0	0	-35
66	9	2	25	32	29	0	34
67	9	2.5	-25	-32	30	0	-34
68	9	3	22	33	31	0	33
69	9	3.5	-22	-33	31	0	31
69.5	9	3.75	-22	-33	33	0	-31
70	9	4	0	0	32	36	32
71	9	4.5	0	0	34	37	-32
72	10	1	0	0	33	38	31
73	10	1.5	0	0	-33	38	-31
73.5	10	1.75	0	0	32	36	-31
73.75	10	1.875	0	0	31	-36	-31
74	10	2	0	0	32	37	34
75	10	2.5	0	0	33	-37	35
76	10	3	0	0	34	36	36
77	10	3.5	0	0	-34	0	36
77.5	10	3.75	0	0	-34	0	38
78	10	4	25	27	34	39	37
79	10	4.5	26	28	-34	-39	-37
80	11	1	27	29	0	38	36
81	11	1.5	27	29	0	36	-36
81.5	11	1.75	29	31	0	-36	-36
82	11	2	28	30	35	37	32
83	11	2.5	-28	28	-35	-37	33
84	11	3	25	29	34	36	34
85	11	3.5	-25	29	32	-36	34
85.5	11	3.75	-25	-29	-32	-36	34
86	11	4	24	31	33	0	35
87	11	4.5	22	-31	-33	0	38
88	12	1	23	27	32	0	37
90	12	2	-23	-27	-32	39	34
91	12	2.5	-23	25	35	-39	35
92	12	3	24	26	33	38	-35
93	12	3.5	-24	27	31	36	34
94	12	4	-24	28	31	35	-34
95	12	4.5	-24	-28	-31	-35	33
96	13	1	20	27	31	36	34
98	13	2	-20	31	-31	36	-34
99	13	2.5	-20	-31	31	-36	-34
100	13	3	0	31	33	35	0
101.5	13	3.75	0	30	32	35	0
102	13	4	0	29	33	36	0
103	13	4.5	0	28	33	37	0
104	14	1	0	29	33	38	0
105	14	1.5	0	-29	-33	-38	36
106	14	2	0	26	33	37	-36
106.5	14	2.25	0	-26	-33	-37	36
107	14	2.5	0	33	-33	-37	35
108	14	3	0	-33	0	0	35
108.5	14	3.25	0	33	0	0	-35
109	14	3.5	0	31	33	0	-35
110	14	4	0	30	-33	0	-35
110.5	14	4.25	0	-30	32	0	-35
111	14	4.5	0	29	31	0	34
112	15	1	0	28	30	0	35
112.5	15	1.25	0	-28	29	0	-35
113	15	1.5	0	-28	30	39	-35
113.5	15	1.75	0	-28	31	-39	36
114	15	2	0	-28	32	-39	37
114.5	15	2.25	0	-28	-32	39	-37
115	15	2.5	0	26	33	38	35
116	15	3	0	28	32	37	0
117	15	3.5	0	27	-32	36	36
117.5	15	3.75	0	-27	31	-36	-36
118	15	4	0	26	33	35	37
119	15	4.5	0	25	33	35	38
119.5	15	4.75	0	24	-33	-35	-38
120	16	1	0	25	-33	34	36
120.5	16	1.25	0	26	-33	-34	-36
121	16	1.5	0	27	32	34	-36
121.5	16	1.75	0	25	-32	-34	-36
122	16	2	0	29	-32	33	-36
123	16	2.5	0	-29	31	-33	-36
124	16	3	0	25	32	34	36
125	16	3.5	29	-25	-32	-34	-36
126	16	4	29	-25	-32	-34	-36
127	16	4.5	-29	-25	-32	-34	32
128	17	1	0	0	0	0	32
129	17	1.5	28	0	0	0	-32
130	17	2	27	0	0	0	0
131	17	2.5	26	0	0	0	35
132	17	3	25	0	0	0	34
133	17	3.5	-25	0	34	36	-34
133.5	17	3.75	-25	0	-34	-36	33
134	17	4	-25	0	34	36	32
135	17	4.5	-25	29	-34	-36	-32
136	18	1	22	29	0	0	31
137	18	1.5	-22	-29	33	38	-31
138	18	2	0	0	32	37	0
139	18	2.5	0	0	31	36	33
140	18	3	0	0	30	35	32
141	18	3.5	0	32	-30	-35	-32
141.5	18	3.75	0	-32	-30	-35	32
142	18	4	0	31	29	36	33
143	18	4.5	0	32	-29	-36	34
144	19	1	0	32	-29	-36	33
145	19	1.5	0	31	-29	-36	-33
146	19	2	0	32	0	0	34
147	19	2.5	27	29	0	38	34
149	19	3.5	20	31	0	36	34
150	19	4	23	30	0	34	32
154	20	2	22	31	0	34	31
155	20	2.5	21	30	0	35	33
156	20	3	20	31	0	36	34
157	20	3.5	-20	29	0	-36	-34
158	20	4	-20	31	0	-36	-34
158.5	20	4.25	-20	30	0	-36	-34
159	20	4.5	27	29	31	-36	34
159.5	20	4.75	-27	28	-31	-36	-34
160	21	1	25	29	32	0	34
161	21	1.5	27	29	32	0	36
162	21	2	26	30	33	0	35
164	21	3	22	31	33	0	36
165	21	3.5	-22	31	-33	0	33
166	21	4	-22	31	-33	0	36
167	21	4.5	29	-31	-33	36	-36
168	22	1	27	32	0	39	-36
169	22	1.5	28	32	0	37	35
170	22	2	29	-32	0	36	33
171	22	2.5	-29	31	0	-36	-33
172	22	3	25	32	0	36	34
176	23	1	23	32	0	37	34
178	23	2	-23	-32	30	-37	-34
180	23	3	23	32	-30	37	34
182	23	4	-23	-32	30	37	-34
184	24	1	0	0	31	36	33
185	24	1.5	0	0	32	-36	34
186	24	2	0	0	-32	37	-34
187	24	2.5	0	0	33	38	35
188	24	3	0	0	34	-38	36
189	24	3.5	0	29	-34	36	-36
190	24	4	0	-29	34	38	36
191	24	4.5	0	30	-34	37	32
191.5	24	4.75	0	-30	-34	36	-32
192	25	1	0	31	33	35	0
193	25	1.5	0	32	34	34	0
193.5	25	1.75	0	-32	33	-34	0
194	25	2	0	-32	32	-34	0
195	25	2.5	0	29	31	36	33
196	25	3	0	31	0	35	-33
197	25	3.5	0	30	0	36	34
197.5	25	3.75	0	29	0	-36	-34
198	25	4	0	28	0	37	35
199	25	4.5	0	27	31	38	36
199.5	25	4.75	0	-27	-31	37	-36
200	26	1	0	-27	-31	36	-36
201	26	1.5	0	25	32	-36	34
202	26	2	0	27	-32	-36	36
203	26	2.5	0	28	32	37	35
203.5	26	2.75	0	-28	-32	-37	34
204	26	3	22	29	31	38	33
205	26	3.5	-22	26	31	-38	-33
205.5	26	3.75	-22	27	-31	-38	-33
206	26	4	23	28	30	0	32
207	26	4.5	-23	-28	29	0	-32
207.5	26	4.75	-23	-28	28	0	-32
208	27	1	24	26	29	0	0
209	27	1.5	25	27	-29	0	0
210	27	2	-25	-27	29	0	36
211	27	2.5	22	26	31	0	-36
212	27	3	24	26	-31	0	35
213	27	3.5	23	-26	32	0	-35
213.5	27	3.75	22	-26	31	0	-35
214	27	4	21	28	30	39	35
215	27	4.5	21	-28	30	-39	-35
216	28	1	22	26	29	38	0
218	28	2	22	26	29	38	0
219	28	2.5	-22	26	29	-38	36
220	28	3	0	27	32	0	36
221	28	3.5	0	28	32	0	37
222.5	28	4.25	0	29	32	0	38
223	28	4.5	0	30	32	0	39
224	29	1	0	29	33	0	38
226	29	2	0	32	34	0	39
227	29	2.5	0	-32	-34	36	-39
228	29	3	0	-32	-34	36	0
229	29	3.5	0	28	32	37	0
230	29	4	0	-28	-32	-37	35
230.5	29	4.25	0	-28	-32	38	-35
231	29	4.5	0	30	32	39	-35
232	30	1	0	29	33	38	36
234	30	2	0	25	34	39	36
235	30	2.5	0	-25	-34	-39	32
236	30	3	0	0	-34	-39	32
237	30	3.5	0	0	33	35	33
238	30	4	0	0	31	-35	-33
238.5	30	4.25	0	0	-31	-35	34
239	30	4.5	0	28	32	37	35
240	31	1	0	29	31	36	34
241	31	1.5	0	29	-31	-36	33
241.5	31	1.75	0	-29	-31	35	-33
241.75	31	1.875	0	-29	-31	34	-33
242	31	2	0	-29	31	33	0
242.5	31	2.25	0	30	-31	32	0
243	31	2.5	22	31	-31	33	36
244	31	3	22	31	0	-33	-36
245	31	3.5	23	28	0	32	32
246	31	4	-23	28	0	0	-32
246.5	31	4.25	24	-28	0	0	-32
247	31	4.5	25	25	29	0	34
248	32	1	24	26	29	0	33
249	32	1.5	-24	-26	29	0	-33
250	32	2	25	27	-29	0	32
250.5	32	2.25	-25	-27	29	0	-32
251	32	2.5	-25	-27	32	36	-32
252	32	3	-25	-27	32	36	0
253	32	3.5	22	28	-32	37	0
254	32	4	-22	28	32	-37	35
254.5	32	4.25	-22	-28	-32	38	-35
255	32	4.5	23	25	32	39	-35
256	33	1	22	29	33	38	36
257	33	1.5	-22	-29	31	-38	36
257.5	33	1.75	-22	28	-31	-38	-36
257.75	33	1.875	-22	27	-31	-38	-36
258	33	2	-22	26	-31	-38	-36
258.5	33	2.25	-22	-26	32	-38	37
259	33	2.5	-22	-26	33	36	38
260	33	3	-22	26	31	-36	38
261	33	3.5	-22	-26	-31	33	-38
262	33	4	-22	-26	-31	-33	36
263	33	4.5	-22	25	32	34	-36
264	34	1	-22	24	33	33	36
265	34	1.5	-22	25	34	32	36
266	34	2	-22	26	33	-32	36
267	34	2.5	-22	-26	-33	31	-36
268	34	3	25	25	34	32	36
*-	*-	*-	*-	*-	*-	*-	*-
