**absq	**bar	**beat	**b7	**b7	**b7	**b7	**b7
0	1	1	28	30	32	35	37
4	1	3	21	30	32	35	37
6	1	4	21	30	32	35	37
8	2	1	23	30	32	34	37
14	2	4	26	30	33	35	37
16	3	1	22	29	33	36	38
20	3	3	26	30	33	35	37
24	4	1	0	0	0	0	0
25	4	1.5	28	0	32	35	37
26	4	2	28	0	32	35	37
27.5	4	2.75	27	0	32	36	36
28	4	3	26	0	33	35	38
29	4	3.5	28	0	32	35	37
30	4	4	25	0	32	34	36
32	5	1	28	0	32	35	37
34	5	2	-28	28	32	0	0
35	5	2.5	-28	-28	-32	35	37
36	5	3	0	32	32	34	36
37	5	3.5	0	30	32	34	37
38.5	5	4.25	0	30	32	34	37
39	5	4.5	0	33	33	35	37
40	6	1	0	30	32	34	37
42	6	2	0	26	33	33	35
44	6	3	28	30	32	35	37
48	7	1	24	28	33	35	38
50	7	2	24	28	33	35	38
52	7	3	26	28	30	33	37
54	7	4	-26	28	30	33	37
55	7	4.5	26	-28	-30	-33	-37
56	8	1	23	30	32	34	37
60	8	3	26	30	33	33	35
64	9	1	0	0	0	0	0
65	9	1.5	0	25	0	34	36
66	9	2	0	32	0	34	36
67.5	9	2.75	0	31	0	33	36
68	9	3	0	30	0	32	35
69	9	3.5	0	32	0	32	34
70	9	4	0	29	0	31	33
72	10	1	0	25	0	32	34
74	10	2	25	0	34	-32	0
75	10	2.5	-25	32	-34	-32	36
76	10	3	29	31	33	0	36
77	10	3.5	27	31	34	0	36
78.5	10	4.25	27	31	34	0	36
79	10	4.5	30	32	34	0	37
80	11	1	27	31	34	0	36
82	11	2	23	32	34	0	37
83	11	2.5	-23	-32	32	34	-37
84	11	3	0	0	30	32	0
85.5	11	3.75	0	0	31	33	0
86	11	4	0	0	32	34	0
87	11	4.5	0	30	32	34	0
88	12	1	0	28	33	35	0
89.5	12	1.75	0	29	-33	-35	0
90	12	2	0	30	32	34	0
91	12	2.5	28	30	-32	32	37
92	12	3	26	31	0	33	35
93	12	3.5	-26	-31	0	33	-35
93.5	12	3.75	27	-31	0	-33	36
94	12	4	28	30	0	32	37
95	12	4.5	28	32	35	-32	37
96	13	1	29	31	33	36	38
97.5	13	1.75	-29	32	34	-36	-38
98	13	2	28	33	35	0	37
99	13	2.5	-28	32	35	0	-37
100	13	3	0	31	35	33	0
101	13	3.5	24	-31	-35	-33	0
102	13	4	26	30	33	35	0
103	13	4.5	-26	-30	-33	-35	33
103.5	13	4.75	25	-30	-33	34	-33
104	14	1	24	0	0	33	35
105	14	1.5	26	28	0	30	-35
106	14	2	25	29	0	32	-35
107	14	2.5	-25	-29	32	-32	34
107.5	14	2.75	-25	30	-32	-32	-34
108	14	3	24	31	33	28	33
109	14	3.5	-24	31	33	-28	35
110	14	4	0	29	-33	0	34
111	14	4.5	0	30	32	0	-34
112	15	1	0	26	33	0	33
113	15	1.5	26	-26	30	33	35
114.5	15	2.25	26	0	30	33	35
115	15	2.5	26	0	30	33	35
116	15	3	25	0	32	34	36
117	15	3.5	23	0	32	34	37
118	15	4	27	0	31	34	36
120	16	1	23	0	32	34	37
121	16	1.5	23	30	32	34	37
122	16	2	23	30	32	34	37
123	16	2.5	23	30	32	34	37
124.5	16	3.25	23	30	32	34	37
125	16	3.5	22	26	33	36	38
126	16	4	23	30	32	34	37
128	17	1	26	30	33	33	35
130	17	2	-26	30	-33	-33	-35
131	17	2.5	26	-30	-33	-33	-35
132	17	3	25	30	0	34	0
133	17	3.5	-25	-30	0	-34	37
133.5	17	3.75	25	30	0	-34	-37
134	17	4	26	30	33	35	35
135	17	4.5	22	31	-33	33	36
136	18	1	23	30	32	37	34
137.5	18	1.75	-23	-30	32	37	34
138	18	2	26	30	33	35	33
139	18	2.5	-26	-30	30	-35	-33
140	18	3	0	29	31	36	33
141	18	3.5	0	-29	-31	33	36
142	18	4	0	28	30	33	37
143.5	18	4.75	0	28	-30	33	37
144	19	1	0	29	0	33	38
145	19	1.5	0	31	33	33	36
146	19	2	0	30	32	34	37
147.5	19	2.75	0	-30	32	-34	-37
148	19	3	0	26	33	35	37
149	19	3.5	26	-26	30	35	-37
150	19	4	25	0	30	34	-37
151	19	4.5	-25	27	-30	-34	-37
151.5	19	4.75	25	-27	30	34	-37
152	20	1	26	28	30	33	0
153	20	1.5	24	29	26	33	0
154	20	2	23	30	27	32	0
155	20	2.5	-23	-30	-27	-32	34
156	20	3	26	-30	26	33	35
157	20	3.5	22	31	-26	33	36
158	20	4	21	30	-26	33	37
159	20	4.5	-21	-30	30	-33	37
159.5	20	4.75	21	-30	-30	33	-37
160	21	1	22	26	31	33	36
160.5	21	1.25	-22	-26	-31	-33	35
161	21	1.5	24	-26	29	33	34
161.5	21	1.75	-24	-26	-29	-33	33
162	21	2	23	0	30	32	34
163.5	21	2.75	-23	0	30	-32	-34
164	21	3	26	0	30	33	33
165	21	3.5	-26	28	-30	35	37
166	21	4	-26	-28	30	-35	-37
166.5	21	4.25	-26	28	-30	35	37
167	21	4.5	-26	28	-30	35	37
168	22	1	0	29	0	34	36
169	22	1.5	0	29	0	33	-36
169.5	22	1.75	0	-29	0	-33	35
170	22	2	0	30	0	32	34
171	22	2.5	0	28	0	35	37
172	22	3	0	29	0	34	36
172.5	22	3.25	0	-29	0	33	-36
173	22	3.5	0	29	0	33	-36
173.5	22	3.75	0	-29	0	-33	35
174	22	4	0	30	0	-33	34
174.5	22	4.25	0	-30	0	32	-34
174.75	22	4.375	0	-30	0	31	-34
175	22	4.5	0	-30	0	32	-34
176	23	1	0	26	0	33	33
177	23	1.5	26	-26	30	33	35
178.5	23	2.25	26	-26	30	33	35
179	23	2.5	26	-26	30	33	35
180	23	3	25	0	30	34	36
181	23	3.5	24	0	31	33	36
182	23	4	23	0	32	34	37
183	23	4.5	26	0	30	35	35
184	24	1	25	0	32	34	36
185	24	1.5	22	0	31	33	36
186	24	2	26	0	30	33	35
187	24	2.5	26	0	-30	-33	-35
188	24	3	0	0	29	33	36
189	24	3.5	24	28	33	35	38
190.5	24	4.25	24	28	33	35	38
191	24	4.5	24	28	33	35	38
192	25	1	25	25	32	35	37
193	25	1.5	25	29	-32	34	36
193.5	25	1.75	-25	-29	31	-34	-36
194	25	2	26	26	30	33	35
195	25	2.5	24	28	33	35	38
196	25	3	25	25	32	35	37
196.5	25	3.25	-25	-25	-32	-35	36
197	25	3.5	25	29	-32	34	36
197.5	25	3.75	-25	-29	31	-34	-36
198	25	4	26	26	30	33	-36
198.5	25	4.25	-26	-26	-30	-33	35
198.75	25	4.375	-26	-26	-30	-33	34
199	25	4.5	-26	-26	-30	-33	35
200	26	1	22	29	31	33	36
*-	*-	*-	*-	*-	*-	*-	*-
