**absq	**bar	**beat	**b7	**b7	**b7	**b7
0	1	1	0	0	31	0
4	1	2	0	26	30	0
6	1	2.5	0	-26	31	0
8	2	1	0	27	29	0
9	2	1.25	0	-27	30	0
10	2	1.5	24	26	31	0
12	2	2	23	28	32	0
13	2	2.25	-23	27	-32	0
14	2	2.5	24	26	0	33
15	2	2.75	-24	-26	31	-33
16	3	1	22	-26	-31	34
16.5	3	1.125	-22	-26	31	-34
17	3	1.25	23	25	32	-34
18	3	1.5	24	0	31	33
19	3	1.75	-24	28	31	-33
20	3	2	24	-28	33	35
20.5	3	2.125	-24	28	-33	-35
21	3	2.25	24	29	26	-35
21.5	3	2.375	-24	-29	-26	34
22	3	2.5	-24	28	26	33
22.5	3	2.625	24	-28	-26	-33
23	3	2.75	26	24	28	-33
24	4	1	24	28	26	33
25	4	1.25	-24	-28	-26	35
25.5	4	1.375	-24	26	-26	-35
26	4	1.5	-24	26	24	-35
26.5	4	1.625	-24	-26	-24	35
27	4	1.75	20	27	-24	36
28	4	2	24	26	0	35
29	4	2.25	-24	-26	31	33
29.5	4	2.375	22	-26	-31	-33
30	4	2.5	22	27	31	36
31	4	2.75	23	-27	32	32
32	5	1	21	0	30	32
33	5	1.25	-21	0	31	33
34	5	1.5	-21	0	-31	32
35	5	1.75	-21	28	30	-32
36	5	2	17	28	31	33
37	5	2.25	24	-28	-31	-33
38	5	2.5	24	26	0	-33
39	5	2.75	-24	27	31	-33
39.5	5	2.875	-24	28	-31	-33
40	6	1	22	29	31	-33
41	6	1.25	23	-29	-31	-33
41.5	6	1.375	24	-29	-31	-33
42	6	1.5	25	27	29	0
43	6	1.75	-25	-27	30	34
43.5	6	1.875	-25	-27	31	-34
44	6	2	23	-27	32	34
45	6	2.25	-23	25	-32	-34
45.5	6	2.375	-23	25	-32	-34
46	6	2.5	-23	27	-32	32
47	6	2.75	22	-27	31	33
47.5	6	2.875	22	-27	-31	34
48	7	1	24	-27	-31	35
48.5	7	1.125	-24	-27	31	-35
49	7	1.25	-24	26	28	31
49.5	7	1.375	-24	25	-28	-31
50	7	1.5	-24	26	31	-31
50.5	7	1.625	-24	-26	-31	31
51	7	1.75	-24	-26	-31	28
52	7	2	20	27	29	31
54	7	2.5	-20	-27	-29	31
56	8	1	0	0	0	0
58	8	1.5	21	25	30	35
59	8	1.75	-21	25	-30	-35
60	8	2	-21	25	-30	-35
61	8	2.25	21	-25	30	35
62	8	2.5	19	26	30	35
64	9	1	22	-26	31	36
66	9	1.5	-22	26	-31	-36
67	9	1.75	22	-26	31	36
68	9	2	23	25	30	34
70	9	2.5	23	25	-30	34
72	10	1	0	0	30	-34
73	10	1.25	0	0	-30	35
73.5	10	1.375	0	0	-30	32
74	10	1.5	0	26	-30	33
75	10	1.75	0	-26	31	-33
75.5	10	1.875	0	-26	28	-33
76	10	2	22	-26	29	31
77	10	2.25	-22	27	-29	31
77.5	10	2.375	-22	24	-29	-31
78	10	2.5	-22	26	-29	-31
79	10	2.75	24	-26	28	33
79.5	10	2.875	21	-26	-28	32
80	11	1	22	-26	0	31
81	11	1.25	-22	-26	29	-31
81.5	11	1.375	-22	-26	28	-31
82	11	1.5	18	29	27	32
83	11	1.75	-18	-29	26	35
83.5	11	1.875	-18	-29	25	34
84	11	2	0	0	29	33
85	11	2.25	0	27	-29	32
85.5	11	2.375	0	26	-29	31
86	11	2.5	0	25	29	34
87	11	2.75	22	24	29	-34
87.5	11	2.875	21	23	30	35
88	12	1	20	27	31	36
89	12	1.25	19	-27	31	-36
89.5	12	1.375	18	-27	32	-36
90	12	1.5	25	-27	32	-36
92	12	2	22	26	-32	36
94	12	2.5	-22	-26	31	-36
96	13	1	0	0	0	0
98	13	1.5	21	28	32	37
100	13	2	25	27	32	36
102	13	2.5	26	28	30	33
103	13	2.75	27	29	32	36
105	14	1.25	28	30	32	35
106	14	1.5	26	28	31	35
108	14	2	25	29	32	34
110	14	2.5	0	0	0	0
111	14	2.75	21	28	32	37
112	15	1	25	27	32	36
114	15	1.5	26	28	30	33
115	15	1.75	27	29	32	36
117	15	2.25	28	30	32	35
118	15	2.5	26	28	31	35
120	16	1	25	29	32	34
121	16	1.25	-25	25	-32	-34
123	16	1.75	0	22	31	-34
123.5	16	1.875	0	23	-31	-34
124	16	2	0	24	-31	0
124.5	16	2.125	0	26	-31	0
125	16	2.25	0	26	28	35
125.5	16	2.375	0	27	29	-35
126	16	2.5	0	28	30	-35
126.5	16	2.625	0	-28	30	-35
127	16	2.75	0	-28	30	32
127.5	16	2.875	0	-28	31	33
128	17	1	0	25	32	34
128.5	17	1.125	0	-25	-32	34
129	17	1.25	0	27	29	34
129.5	17	1.375	0	-27	-29	35
130	17	1.5	0	-27	31	36
130.5	17	1.625	0	28	-31	-36
131	17	1.75	0	29	-31	34
132	17	2	0	28	-31	33
134	17	2.5	0	-28	30	32
135	17	2.75	21	-28	-30	-32
135.5	17	2.875	21	-28	-30	-32
136	18	1	21	0	0	0
137	18	1.25	-21	26	30	35
137.5	18	1.375	-21	26	30	35
138	18	1.5	-21	26	30	35
139	18	1.75	20	-26	29	-35
139.5	18	1.875	19	-26	28	-35
140	18	2	22	-26	31	-35
141	18	2.25	22	25	31	34
141.5	18	2.375	-22	24	-31	33
142	18	2.5	-22	27	-31	36
143	18	2.75	21	27	30	36
143.5	18	2.875	20	-27	29	-36
144	19	1	23	-27	32	-36
145	19	1.25	-23	26	-32	35
145.5	19	1.375	-23	25	-32	34
146	19	1.5	-23	28	-32	37
147	19	1.75	24	-28	-32	-37
148	19	2	25	-28	-32	36
149	19	2.25	-25	27	-32	-36
149.5	19	2.375	-25	26	-32	-36
150	19	2.5	-25	27	-32	-36
152	20	1	21	28	30	0
153	20	1.25	-21	-28	-30	32
155	20	1.75	-21	-28	-30	33
156	20	2	0	0	0	32
157	20	2.25	0	28	0	-32
158	20	2.5	0	-28	0	32
159	20	2.75	0	27	32	-32
160	21	1	0	28	30	0
161	21	1.25	24	-28	31	0
162	21	1.5	-24	28	32	0
163	21	1.75	23	28	-32	35
164	21	2	24	-28	31	33
165	21	2.25	-24	29	31	-33
165.5	21	2.375	-24	-29	-31	34
166	21	2.5	26	28	-31	35
166.5	21	2.625	-26	-28	30	-35
167	21	2.75	-26	28	31	31
168	22	1	24	-28	29	0
169	22	1.25	25	27	0	0
169.5	22	1.375	-25	-27	32	0
170	22	1.5	26	28	30	0
171	22	1.75	22	29	31	36
172	22	2	0	27	32	-36
173	22	2.25	21	28	-32	37
174	22	2.5	-21	29	-32	36
175	22	2.75	20	-29	-32	-36
176	23	1	21	25	30	35
177	23	1.25	-21	28	-30	-35
178	23	1.5	17	26	31	-35
179	23	1.75	24	-26	-31	-35
180	23	2	-24	-26	29	0
181	23	2.25	25	27	-29	34
181.5	23	2.375	-25	-27	30	-34
182	23	2.5	24	28	31	-34
183	23	2.75	-24	-28	-31	33
184	24	1	20	29	31	34
185	24	1.25	-20	29	27	-34
186	24	1.5	-20	-29	-27	31
187	24	1.75	19	28	28	-31
188	24	2	20	29	27	-31
189	24	2.25	-20	27	31	-31
190	24	2.5	21	25	-31	0
191	24	2.75	-21	26	30	0
192	25	1	19	28	31	0
193	25	1.25	-19	-28	31	0
194	25	1.5	20	24	29	0
195	25	1.75	-20	-24	-29	34
196	25	2	21	0	30	32
197	25	2.25	-21	28	-30	-32
198	25	2.5	-21	26	-30	33
199	25	2.75	-21	-26	31	-33
200	26	1	-21	-26	-31	35
201	26	1.25	-21	27	30	-35
201.5	26	1.375	-21	-27	29	34
201.75	26	1.4375	-21	-27	-29	33
202	26	1.5	-21	28	30	32
204	26	2	17	28	31	33
*-	*-	*-	*-	*-	*-	*-
