**absq	**bar	**beat	**b7	**b7	**b7	**b7	**b7
0	1	1	0	24	31	33	35
4	1	3	0	28	30	32	35
7	1	4.5	0	28	30	32	35
8	2	1	0	25	29	32	34
10	2	2	0	26	28	30	33
12	2	3	0	25	29	32	34
16	3	1	0	28	30	32	35
18	3	2	0	28	30	32	35
22	3	4	0	29	29	31	33
24	4	1	0	26	28	30	33
26	4	2	0	-26	-28	30	-33
28	4	3	0	26	28	0	33
29	4	3.5	0	29	31	0	33
30.5	4	4.25	0	28	30	0	33
31	4	4.5	0	29	31	0	33
33	5	1.5	0	25	32	0	34
35	5	2.5	0	28	30	0	32
36	5	3	0	24	31	0	33
38	5	4	0	-24	-31	33	-33
39	5	4.5	0	25	29	-33	32
40	6	1	0	26	28	-33	30
41	6	1.5	0	-26	-28	-33	31
42	6	2	0	27	29	31	-31
43	6	2.5	0	-27	-29	32	29
44	6	3	0	26	30	33	-29
45	6	3.5	0	-26	-30	-33	28
45.5	6	3.75	0	-26	-30	-33	27
46	6	4	0	-26	-30	-33	28
48	7	1	0	22	31	33	29
50	7	2	0	-22	33	31	-29
51	7	2.5	0	-22	32	32	-29
52	7	3	0	0	31	33	0
54	7	4	0	0	30	32	0
55	7	4.5	0	0	29	31	0
56	8	1	0	0	28	30	0
57	8	1.5	26	0	28	-30	33
58	8	2	24	0	29	0	33
59	8	2.5	25	0	29	0	32
60	8	3	26	0	28	0	30
62	8	4	26	0	28	0	30
63	8	4.5	22	26	29	33	31
64.5	9	1.25	22	26	29	33	31
65	9	1.5	25	25	29	34	32
66	9	2	24	28	31	35	33
70	9	4	20	27	31	36	34
72	10	1	20	27	31	36	0
73	10	1.5	21	26	30	-36	0
74	10	2	22	24	29	-36	0
75	10	2.5	23	25	32	35	0
76	10	3	24	26	31	33	35
77	10	3.5	-24	27	-31	36	34
78	10	4	-24	28	-31	35	33
80	11	1	20	27	31	36	34
82	11	2	20	-27	-31	-36	0
83	11	2.5	-20	-27	-31	-36	34
84	11	3	21	0	0	0	33
85	11	3.5	-21	0	0	35	32
86	11	4	22	29	0	34	31
87	11	4.5	-22	-29	29	33	-31
88	12	1	23	25	27	32	32
89	12	1.5	23	25	28	-32	-32
90	12	2	22	26	29	31	0
91	12	2.5	-22	27	-29	-31	0
92	12	3	21	28	32	30	0
93	12	3.5	-21	-28	-32	-30	37
94	12	4	24	26	0	31	36
95	12	4.5	-24	-26	28	-31	35
96	13	1	25	0	30	0	34
97	13	1.5	-25	0	29	32	-34
98	13	2	26	0	28	31	35
99	13	2.5	-26	0	-28	30	-35
100	13	3	27	0	25	29	0
101	13	3.5	27	0	29	-29	0
102	13	4	26	0	30	28	0
103	13	4.5	-26	0	31	-28	28
104	14	1	25	27	32	0	29
105	14	1.5	-25	-27	-32	0	30
106	14	2	22	26	33	0	31
107	14	2.5	-22	31	-33	0	-31
108	14	3	25	29	0	0	32
109	14	3.5	25	30	0	0	-32
110	14	4	24	31	26	0	0
110.5	14	4.25	23	-31	-26	0	0
111	14	4.5	22	-31	-26	0	33
111.5	14	4.75	21	-31	-26	0	-33
112	15	1	20	-31	29	0	34
112.5	15	1.25	19	-31	-29	0	-34
113	15	1.5	20	-31	-29	0	-34
113.5	15	1.75	21	-31	-29	0	-34
114	15	2	22	31	29	36	33
114.5	15	2.25	21	-31	-29	-36	-33
115	15	2.5	22	-31	-29	-36	-33
115.5	15	2.75	23	-31	-29	-36	-33
116	15	3	24	31	26	35	-33
117	15	3.5	-24	-31	-26	35	-33
118	15	4	25	29	27	34	32
120	16	1	22	29	0	33	31
122	16	2	0	29	25	34	0
123	16	2.5	0	-29	-25	-34	36
124	16	3	0	0	26	33	35
124.5	16	3.25	0	0	-26	32	34
125	16	3.5	0	0	-26	31	33
125.5	16	3.75	0	0	-26	30	32
126	16	4	0	0	27	29	31
127	16	4.5	0	0	-27	36	34
128	17	1	0	0	24	35	33
128.5	17	1.25	0	0	-24	34	32
129	17	1.5	0	0	-24	33	31
129.5	17	1.75	0	0	-24	32	30
130	17	2	0	0	27	31	29
131	17	2.5	0	0	-27	34	29
132	17	3	0	0	29	33	31
133.5	17	3.75	0	0	-29	32	32
134	17	4	0	0	-29	31	33
135	17	4.5	0	0	29	32	34
136	18	1	0	0	29	33	31
137	18	1.5	0	0	25	34	32
138	18	2	0	0	29	33	-32
139	18	2.5	0	0	-29	-33	31
140	18	3	0	29	25	34	32
142	18	4	25	-29	-25	-34	-32
143	18	4.5	-25	28	-25	-34	-32
144	19	1	-25	27	32	0	0
145	19	1.5	24	-27	-32	0	0
146	19	2	23	27	-32	32	0
147	19	2.5	-23	26	31	33	0
148	19	3	23	25	30	34	32
149	19	3.5	22	-25	-30	-34	-32
150	19	4	21	25	30	35	-32
151	19	4.5	-21	-25	28	35	33
152	20	1	18	25	27	36	34
154	20	2	25	-25	27	36	34
155	20	2.5	24	26	-27	-36	33
156	20	3	23	27	0	0	32
158	20	4	23	27	25	0	32
159	20	4.5	21	28	26	0	-32
160	21	1	20	29	27	29	0
161	21	1.5	-20	-29	-27	30	0
162	21	2	-20	-29	27	31	34
163	21	2.5	-20	28	28	-31	-34
164	21	3	20	27	29	31	-34
165	21	3.5	-20	24	-29	32	-34
166	21	4	24	26	28	33	35
167	21	4.5	25	-26	-28	34	34
168	22	1	26	24	28	35	33
169	22	1.5	-26	24	29	33	-33
170	22	2	19	28	30	33	35
171	22	2.5	21	-28	-30	-33	-35
171.5	22	2.75	-21	27	-30	-33	-35
172	22	3	22	26	31	33	-35
173	22	3.5	-22	-26	29	32	34
174	22	4	-22	-26	29	-32	33
175	22	4.5	-22	-26	-29	31	-33
176	23	1	18	25	29	32	34
177	23	1.5	-18	-25	25	36	-34
177.5	23	1.75	-18	-25	26	35	-34
178	23	2	-18	-25	27	34	0
179	23	2.5	-18	-25	29	32	34
179.5	23	2.75	-18	-25	28	-32	35
180	23	3	0	0	27	34	36
181	23	3.5	20	0	-27	34	29
181.5	23	3.75	21	0	-27	-34	30
182	23	4	22	0	0	33	31
183	23	4.5	22	26	0	29	31
183.5	23	4.75	-22	27	0	-29	-31
184	24	1	21	28	0	0	30
185	24	1.5	-21	25	0	0	30
185.5	24	1.75	20	-25	0	0	-30
186	24	2	19	26	0	0	-30
187	24	2.5	-19	24	0	31	29
187.5	24	2.75	-19	-24	0	32	-29
188	24	3	19	23	0	33	-29
189	24	3.5	-19	-23	0	33	28
189.5	24	3.75	-19	-23	0	32	-28
190	24	4	0	22	0	31	29
191	24	4.5	0	-22	29	-31	-29
191.5	24	4.75	0	-22	30	-31	-29
192	25	1	0	-22	31	0	0
193	25	1.5	22	-22	-31	31	0
193.5	25	1.75	23	-22	-31	32	0
194	25	2	24	0	24	33	0
194.5	25	2.25	-24	0	25	-33	0
195	25	2.5	-24	22	26	33	31
195.5	25	2.75	-24	23	-26	-33	32
196	25	3	0	24	-26	31	33
197	25	3.5	24	-24	28	31	33
197.5	25	3.75	25	-24	-28	-31	34
198	25	4	26	0	-28	30	35
199	25	4.5	23	0	32	-30	35
200	26	1	25	0	-32	29	34
201	26	1.5	18	0	32	-29	34
202	26	2	22	0	31	0	33
203	26	2.5	-22	29	-31	0	-33
203.5	26	2.75	-22	28	-31	0	-33
204	26	3	18	27	32	0	32
205	26	3.5	-18	25	-32	34	36
205.5	26	3.75	-18	-25	-32	35	35
206	26	4	-18	25	0	36	34
206.5	26	4.25	-18	26	0	-36	-34
207	26	4.5	-18	27	29	36	32
207.5	26	4.75	-18	28	28	-36	-32
208	27	1	0	29	27	36	34
209	27	1.5	18	29	25	34	-34
209.5	27	1.75	19	-29	-25	-34	35
210	27	2	20	29	24	34	36
211	27	2.5	22	-29	-24	33	36
211.5	27	2.75	23	-29	25	-33	-36
212	27	3	24	28	26	0	0
213	27	3.5	-24	-28	-26	35	33
213.5	27	3.75	-24	-28	-26	34	34
214	27	4	0	0	26	33	35
215	27	4.5	24	0	26	31	35
215.5	27	4.75	25	0	27	-31	-35
216	28	1	26	0	28	30	35
217	28	1.5	-26	26	28	31	-35
217.5	28	1.75	-26	27	29	-31	34
218	28	2	-26	28	30	30	33
219	28	2.5	19	-28	-30	-30	-33
219.5	28	2.75	20	-28	-30	-30	-33
220	28	3	21	0	0	30	32
221	28	3.5	-21	21	32	30	-32
221.5	28	3.75	-21	22	31	31	-32
222	28	4	-21	23	30	32	0
223	28	4.5	19	26	-30	35	28
223.5	28	4.75	-19	-26	-30	-35	29
224	29	1	21	25	0	35	30
225	29	1.5	-21	25	28	-35	30
225.5	29	1.75	-21	-25	29	-35	-30
226	29	2	-21	25	30	-35	28
227	29	2.5	18	-25	32	34	29
228	29	3	19	-25	30	33	28
229	29	3.5	-19	24	29	-33	29
230	29	4	-19	23	-29	-33	30
231	29	4.5	-19	-23	28	-33	-30
232	30	1	22	22	29	33	31
240	31	1	0	0	0	0	0
240	31	1	24	0	0	0	0
241	31	1.5	-24	0	0	33	35
242	31	2	24	0	0	33	35
243	31	2.5	20	0	0	34	36
244	31	3	24	0	0	33	35
245	31	3.5	-24	0	31	-33	-35
245.5	31	3.75	24	0	-31	33	35
246	31	4	24	0	31	33	35
247	31	4.5	25	0	29	32	34
248	32	1	22	0	29	31	33
249	32	1.5	18	0	27	32	32
250	32	2	22	0	26	31	33
252	32	3	22	0	29	31	33
253	32	3.5	-22	0	-29	-31	33
254	32	4	22	0	-29	0	31
256	33	1	20	0	-29	0	32
258	33	2	21	0	28	0	30
259	33	2.5	-21	0	-28	33	-30
260	33	3	22	0	26	31	29
261	33	3.5	-22	0	27	32	-29
262	33	4	-22	0	26	-32	36
263	33	4.5	-22	0	-26	31	-36
264	34	1	18	29	25	32	34
266	34	2	-18	-29	32	-32	-34
268	34	3	22	26	31	0	0
269	34	3.5	-22	-26	-31	0	33
270	34	4	-22	-26	0	31	33
271	34	4.5	-22	24	29	-31	34
272	35	1	19	26	28	30	35
273.5	35	1.75	-19	27	-28	-30	-35
274	35	2	-19	28	-28	-30	33
275	35	2.5	17	-28	26	-30	33
276	35	3	19	26	28	0	33
277	35	3.5	20	24	29	31	-33
278	35	4	21	28	25	30	32
280	36	1	-21	28	25	-30	-32
281	36	1.5	-21	-28	-25	28	-32
282	36	2	21	-28	32	30	0
283	36	2.5	-21	21	-32	-30	35
283.5	36	2.75	-21	-21	-32	31	-35
284	36	3	-21	23	30	32	28
285	36	3.5	-21	24	29	-32	29
286	36	4	21	25	28	32	30
287	36	4.5	-21	-25	-28	32	-30
288	37	1	21	25	28	-32	30
289	37	1.5	-21	26	28	31	31
290	37	2	-21	25	28	-31	32
291	37	2.5	-21	-25	-28	30	-32
292	37	3	17	24	28	31	33
294	37	4	-17	31	0	0	-33
295	37	4.5	-17	-31	0	33	-33
296	38	1	0	30	0	32	0
297.5	38	1.75	0	30	0	32	0
298	38	2	0	31	0	33	0
299	38	2.5	0	29	0	31	31
300	38	3	0	28	0	30	32
301	38	3.5	0	27	0	29	-32
301.5	38	3.75	0	-27	0	-29	32
302	38	4	0	26	31	28	33
303	38	4.5	22	26	-31	29	31
304	39	1	21	0	32	0	30
305	39	1.5	20	0	-32	0	29
305.5	39	1.75	-20	0	32	0	-29
306	39	2	19	0	33	0	28
307	39	2.5	22	24	31	33	29
308	39	3	0	21	30	32	0
309	39	3.5	0	22	29	31	0
310	39	4	0	26	28	30	0
311	39	4.5	26	22	29	31	36
312	40	1	24	0	0	0	35
313	40	1.5	25	29	32	0	34
314	40	2	22	29	31	0	33
315	40	2.5	25	27	32	36	32
316	40	3	0	26	0	35	0
317	40	3.5	0	25	27	34	36
318	40	4	0	0	24	33	35
319	40	4.5	0	0	25	32	34
320	41	1	0	0	29	0	33
321	41	1.5	0	0	-29	34	32
322	41	2	0	0	-29	33	-32
323	41	2.5	0	0	-29	-33	31
324	41	3	0	0	25	34	32
325	41	3.5	0	0	32	-34	-32
326	41	4	0	26	31	0	33
327	41	4.5	0	-26	30	0	-33
328	42	1	0	27	29	0	32
328.5	42	1.25	0	28	-29	0	-32
329	42	1.5	22	29	29	0	31
329.5	42	1.75	-22	27	-29	0	-31
330	42	2	26	28	28	0	30
331	42	2.5	27	29	27	0	29
332	42	3	26	-29	0	0	30
333	42	3.5	-26	28	0	0	-30
334	42	4	22	29	26	33	29
336	43	1	0	0	27	32	0
336.5	43	1.25	0	0	28	-32	0
337	43	1.5	0	22	29	31	0
337.5	43	1.75	0	-22	27	-31	0
338	43	2	0	26	28	30	0
339	43	2.5	0	27	29	29	0
340	43	3	0	26	-29	30	0
341	43	3.5	0	-26	28	-30	0
342	43	4	18	22	29	29	0
343	43	4.5	-18	25	-29	-29	0
344	44	1	19	24	0	0	0
344.5	44	1.25	20	-24	0	0	0
345	44	1.5	21	23	28	0	0
345.5	44	1.75	19	-23	-28	0	0
346	44	2	20	22	29	0	0
347	44	2.5	21	21	30	0	0
348	44	3	-21	25	29	36	0
349	44	3.5	20	-25	-29	-36	29
350	44	4	21	23	25	35	30
350.5	44	4.25	-21	-23	-25	-35	31
351	44	4.5	21	-23	-25	-35	32
351.5	44	4.75	-21	-23	-25	34	30
352	45	1	22	0	0	33	31
353	45	1.5	23	0	0	32	32
354	45	2	22	0	0	33	-32
355	45	2.5	-22	26	0	-33	31
356	45	3	18	27	29	32	32
356.5	45	3.25	-18	28	-29	-32	-32
357	45	3.5	-18	29	-29	29	-32
357.5	45	3.75	-18	27	-29	-29	-32
358	45	4	0	28	28	30	0
358.5	45	4.25	0	-28	-28	31	0
359	45	4.5	18	29	27	32	0
359.5	45	4.75	-18	-29	-27	29	0
360	46	1	22	-29	26	31	0
361	46	1.5	23	28	25	32	0
362	46	2	22	29	26	-32	0
363	46	2.5	-22	-29	-26	31	0
364	46	3	18	0	27	32	0
365	46	3.5	18	27	27	32	36
366	46	4	20	27	29	31	36
367	46	4.5	18	29	29	32	34
368	47	1	22	29	29	31	33
370	47	2	22	26	29	31	33
371	47	2.5	22	26	29	31	33
372.5	47	3.25	22	26	29	31	33
373	47	3.5	25	25	27	32	34
374	47	4	24	28	31	33	35
375	47	4.5	23	-28	-31	34	36
376	48	1	24	-28	-31	-34	35
377	48	1.5	-24	-28	-31	33	-35
378	48	2	20	27	31	34	36
380	48	3	0	0	0	0	0
382	48	4	0	25	32	0	34
384	49	1	0	29	31	0	33
387	49	2.5	0	29	31	0	33
388	49	3	0	29	31	0	33
390	49	4	0	25	32	0	34
392	50	1	0	29	31	0	33
396	50	3	0	29	31	33	33
398	50	4	19	0	33	35	-33
400	51	1	21	0	32	-35	30
402	51	2	-21	0	-32	32	-30
404	51	3	18	0	-32	34	32
406	51	4	-18	25	29	-34	-32
408	52	1	19	23	28	33	-32
410	52	2	-19	21	-28	-33	31
411	52	2.5	20	-21	-28	-33	-31
412	52	3	21	25	28	32	-31
414	52	4	-21	-25	-28	-32	30
416	53	1	17	24	0	33	31
418	53	2	-17	-24	26	-33	-31
420	53	3	0	0	28	30	0
422	53	4	0	0	-28	-30	30
423	53	4.5	0	0	28	30	-30
424	54	1	0	0	28	30	32
426	54	2	0	0	27	29	-32
427	54	2.5	0	0	-27	-29	32
428	54	3	0	0	26	28	32
430	54	4	0	0	-26	29	31
432	55	1	0	0	-26	-29	30
434	55	2	0	0	-26	28	-30
436	55	3	22	0	26	29	31
438	55	4	-22	24	-26	-29	-31
440	56	1	24	26	-26	0	0
442	56	2	-24	-26	28	31	33
443	56	2.5	24	26	-28	-31	-33
444	56	3	24	26	28	31	35
446	56	4	23	25	-28	32	-35
447	56	4.5	-23	-25	25	-32	35
448	57	1	22	24	29	33	35
450	57	2	-22	25	-29	36	34
452	57	3	-22	-25	0	36	33
453	57	3.5	-22	-25	29	-36	-33
454	57	4	-22	24	26	-36	-33
456	58	1	18	25	25	36	34
458	58	2	-18	25	32	34	0
460	58	3	0	29	31	33	0
463	58	4.5	0	29	31	33	0
464	59	1	0	29	31	33	0
466	59	2	0	25	32	34	0
468	59	3	0	29	31	33	0
472	60	1	0	29	31	33	33
474	60	2	19	0	33	-33	35
476	60	3	21	0	32	30	-35
478	60	4	-21	0	-32	-30	32
480	61	1	18	0	-32	32	34
482	61	2	-18	25	29	-32	-34
484	61	3	19	23	28	-32	33
486	61	4	-19	21	-28	31	-33
487	61	4.5	20	-21	-28	-31	-33
488	62	1	21	25	28	-31	32
490	62	2	-21	-25	-28	30	-32
492	62	3	17	24	0	31	33
494	62	4	-17	-24	26	-31	-33
496	63	1	0	0	28	0	30
498	63	2	0	0	-28	30	-30
499	63	2.5	0	0	28	-30	30
500	63	3	0	0	28	32	30
502	63	4	0	0	27	-32	29
503	63	4.5	0	0	-27	32	-29
504	64	1	0	0	26	32	28
506	64	2	0	0	-26	31	29
508	64	3	0	0	-26	30	-29
510	64	4	0	0	-26	-30	28
512	65	1	22	0	26	31	29
514	65	2	-22	24	-26	-31	-29
516	65	3	24	26	-26	0	0
518	65	4	-24	-26	28	33	31
519	65	4.5	24	26	-28	-33	-31
520	66	1	24	26	28	35	31
522	66	2	23	25	-28	-35	32
523	66	2.5	-23	-25	25	35	-32
524	66	3	22	24	29	35	33
526	66	4	-22	25	-29	34	36
528	67	1	-22	-25	0	33	36
529	67	1.5	-22	-25	29	-33	-36
530	67	2	-22	24	26	-33	-36
532	67	3	18	25	25	34	36
*-	*-	*-	*-	*-	*-	*-	*-
