**absq	**bar	**beat	**b7	**b7	**b7
2	1	3	25	0	0
3	1	4	26	0	0
4	2	1	27	34	36
10	3	3	26	-34	-36
12	4	1	25	-34	-36
14	4	3	-25	33	35
15	4	4	-25	32	34
16	5	1	24	33	35
20	6	1	-24	33	0
21	6	2	-24	-33	33
22	6	3	22	0	34
23	6	4	-22	31	-34
24	7	1	23	32	-34
25	7	2	-23	-32	35
26	7	3	24	-32	36
27	7	4	-24	33	-36
28	8	1	25	34	-36
29	8	2	-25	-34	35
29.5	8	2.5	-25	-34	34
30	8	3	-25	-34	37
30.5	8	3.5	-25	-34	36
31	8	4	-25	33	36
31.5	8	4.5	-25	32	35
31.75	8	4.75	-25	-32	34
32	9	1	-25	35	33
32.5	9	1.5	-25	34	-33
33	9	2	-25	34	-33
33.5	9	2.5	-25	33	-33
33.75	9	2.75	-25	32	-33
34	9	3	24	33	36
36	10	1	23	-33	37
36.5	10	1.5	-23	-33	36
37	10	2	-23	32	36
37.5	10	2.5	-23	-32	35
37.75	10	2.75	-23	-32	34
38	10	3	-23	32	35
38.5	10	3.5	-23	-32	34
39	10	4	-23	-32	34
39.5	10	4.5	-23	-32	33
39.75	10	4.75	-23	-32	32
40	11	1	22	-32	33
42	11	3	-22	31	33
46	12	3	22	0	0
48	13	1	22	0	0
50	13	3	21	0	0
52	14	1	20	38	36
58	15	3	21	37	35
59	15	4	-21	36	34
60	16	1	22	35	33
62	16	3	23	34	32
64	17	1	24	34	35
66	17	3	-24	33	-35
67	17	4	-24	32	-35
68	18	1	24	33	-35
70	18	3	22	0	36
72	19	1	23	34	-36
74	19	3	24	-34	35
75	19	4	-24	-34	34
76	20	1	25	-34	34
76.5	20	1.5	-25	-34	31
77	20	2	-25	-34	32
77.5	20	2.5	-25	-34	33
78	20	3	-25	33	34
78.5	20	3.5	-25	-33	35
79	20	4	-25	32	36
79.5	20	4.5	-25	-32	36
80	21	1	23	32	0
80.5	21	1.5	-23	29	32
81	21	2	-23	30	33
81.5	21	2.5	-23	31	34
82	21	3	21	32	35
82.5	21	3.5	-21	33	36
83	21	4	-21	34	37
83.5	21	4.5	-21	35	37
84	22	1	22	31	0
84.5	22	1.5	-22	-31	34
85	22	2	-22	32	33
85.5	22	2.5	-22	-32	32
86	22	3	-22	-32	33
87	22	4	-22	31	-33
88	23	1	18	32	32
92	24	1	0	0	0
92	24	1	0	0	0
94	24	3	25	0	0
95	24	4	26	0	0
96	25	1	27	0	0
98	25	3	-27	0	34
101	26	2	-27	0	36
101.5	26	2.5	-27	0	37
102	26	3	26	0	38
102.25	26	3.25	-26	0	37
102.5	26	3.5	-26	0	36
102.75	26	3.75	-26	0	37
103	26	4	-26	0	38
103.25	26	4.25	-26	0	36
103.5	26	4.5	-26	0	37
103.75	26	4.75	-26	0	38
104	27	1	25	34	36
104.25	27	1.25	-25	-34	35
104.5	27	1.5	-25	-34	34
104.75	27	1.75	-25	-34	35
105	27	2	-25	-34	36
105.25	27	2.25	-25	-34	34
105.5	27	2.5	-25	-34	35
105.75	27	2.75	-25	-34	36
106	27	3	-25	-34	34
107	27	4	-25	36	-34
107.5	27	4.5	-25	37	-34
108	28	1	24	38	-34
108.25	28	1.25	-24	37	-34
108.5	28	1.5	-24	36	-34
108.75	28	1.75	-24	37	-34
109	28	2	-24	38	33
109.25	28	2.25	-24	36	-33
109.5	28	2.5	-24	37	-33
109.75	28	2.75	-24	38	-33
110	28	3	-24	36	0
110.25	28	3.25	-24	35	0
110.5	28	3.5	-24	34	0
110.75	28	3.75	-24	35	0
111	28	4	-24	36	33
111.25	28	4.25	-24	34	-33
111.5	28	4.5	-24	35	-33
111.75	28	4.75	-24	36	-33
112	29	1	-24	34	34
113	29	2	-24	-34	35
113.5	29	2.5	-24	33	-35
114	29	3	22	34	36
116	30	1	23	0	-36
117	30	2	-23	0	35
117.25	30	2.25	-23	0	34
117.5	30	2.5	-23	0	33
117.75	30	2.75	-23	0	32
118	30	3	24	0	33
118.25	30	3.25	-24	0	30
118.5	30	3.5	-24	0	31
118.75	30	3.75	-24	0	32
119	30	4	-24	33	33
119.25	30	4.25	-24	-33	34
119.5	30	4.5	-24	-33	35
119.75	30	4.75	-24	-33	36
120	31	1	25	34	37
121	31	2	-25	35	38
121.25	31	2.25	-25	-35	37
121.5	31	2.5	-25	-35	36
121.75	31	2.75	-25	-35	35
122	31	3	-25	36	34
122.25	31	3.25	-25	-36	33
122.5	31	3.5	-25	-36	34
125	32	2	-25	35	33
125.25	32	2.25	-25	34	-33
125.5	32	2.5	-25	33	-33
125.75	32	2.75	-25	32	-33
126	32	3	24	33	29
126.25	32	3.25	-24	30	-29
126.5	32	3.5	-24	31	-29
126.75	32	3.75	-24	32	-29
127	32	4	-24	33	-29
127.25	32	4.25	-24	34	-29
127.5	32	4.5	-24	35	-29
127.75	32	4.75	-24	36	-29
128	33	1	23	37	-29
130	33	3	-23	-37	28
131	33	4	-23	30	-28
131.25	33	4.25	-23	29	-28
131.5	33	4.5	-23	30	-28
131.75	33	4.75	-23	31	-28
132	34	1	22	33	29
133.5	34	2.5	-22	32	-29
134	34	3	-22	33	-29
138	35	3	22	0	0
139	35	4	-22	0	34
140	36	1	22	0	34
142	36	3	21	0	-34
143	36	4	-21	0	33
144	37	1	20	0	34
144.25	37	1.25	-20	0	31
144.5	37	1.5	-20	0	32
144.75	37	1.75	-20	0	31
145	37	2	-20	0	32
145.25	37	2.25	-20	0	33
145.5	37	2.5	-20	0	34
145.75	37	2.75	-20	0	33
146	37	3	-20	0	34
146.25	37	3.25	-20	0	35
146.5	37	3.5	-20	0	36
146.75	37	3.75	-20	0	33
147	37	4	-20	0	34
147.25	37	4.25	-20	0	33
147.5	37	4.5	-20	0	34
147.75	37	4.75	-20	0	35
148	38	1	-20	0	36
148.25	38	1.25	-20	0	35
148.5	38	1.5	-20	0	36
148.75	38	1.75	-20	0	34
149	38	2	-20	0	35
149.25	38	2.25	-20	0	34
149.5	38	2.5	-20	0	35
149.75	38	2.75	-20	0	36
150	38	3	21	0	37
150.25	38	3.25	-21	0	36
150.5	38	3.5	-21	0	37
150.75	38	3.75	-21	0	35
151	38	4	-21	34	36
151.25	38	4.25	-21	-34	35
151.5	38	4.5	-21	-34	36
151.75	38	4.75	-21	-34	37
152	39	1	22	34	38
154	39	3	23	-34	-38
155	39	4	-23	33	-38
156	40	1	24	33	35
156.25	40	1.25	-24	30	-35
156.5	40	1.5	-24	31	-35
156.75	40	1.75	-24	30	-35
157	40	2	-24	31	-35
157.25	40	2.25	-24	32	-35
157.5	40	2.5	-24	33	-35
157.75	40	2.75	-24	32	-35
158	40	3	-24	33	-35
158.25	40	3.25	-24	34	-35
158.5	40	3.5	-24	35	-35
158.75	40	3.75	-24	32	-35
159	40	4	-24	33	-35
159.25	40	4.25	-24	32	-35
159.5	40	4.5	-24	33	-35
159.75	40	4.75	-24	34	-35
160	41	1	-24	35	-35
160.25	41	1.25	-24	34	-35
160.5	41	1.5	-24	35	-35
160.75	41	1.75	-24	33	-35
161	41	2	-24	34	-35
161.25	41	2.25	-24	33	-35
161.5	41	2.5	-24	34	-35
161.75	41	2.75	-24	35	-35
162	41	3	22	36	34
163	41	4	-22	-36	34
164	42	1	23	-36	34
166	42	3	24	35	33
168	43	1	25	-35	36
170	43	3	-25	34	-36
170.25	43	3.25	-25	-34	32
170.5	43	3.5	-25	-34	33
170.75	43	3.75	-25	-34	34
171	43	4	-25	34	35
171.25	43	4.25	-25	-34	36
171.5	43	4.5	-25	-34	37
171.75	43	4.75	-25	-34	38
172	44	1	23	34	39
172.25	44	1.25	-23	32	-39
172.5	44	1.5	-23	33	-39
172.75	44	1.75	-23	34	-39
173	44	2	-23	35	-39
173.25	44	2.25	-23	36	-39
173.5	44	2.5	-23	37	-39
173.75	44	2.75	-23	38	-39
174	44	3	21	39	-39
175	44	4	-21	-39	34
175.25	44	4.25	-21	-39	33
175.5	44	4.5	-21	-39	34
175.75	44	4.75	-21	-39	35
176	45	1	22	-39	33
177	45	2	-22	34	32
177.25	45	2.25	-22	33	-32
177.5	45	2.5	-22	34	-32
177.75	45	2.75	-22	35	-32
178	45	3	-22	33	-32
179	45	4	-22	-33	31
180	46	1	18	32	32
186	47	3	25	0	0
187	47	4	26	0	0
188	48	1	27	0	0
194	49	3	26	0	38
196	50	1	25	0	38
198	50	3	-25	34	-38
199	50	4	-25	-34	37
200	51	1	24	34	37
200.5	51	1.5	-24	-34	36
201	51	2	-24	-34	36
201.5	51	2.5	-24	-34	35
201.75	51	2.75	-24	-34	34
202	51	3	-24	-34	34
202.5	51	3.5	-24	-34	33
203	51	4	-24	33	34
203.5	51	4.5	-24	-33	35
204	52	1	-24	33	36
204.5	52	1.5	-24	32	-36
205	52	2	-24	32	36
205.5	52	2.5	-24	31	-36
205.75	52	2.75	-24	30	-36
206	52	3	22	31	-36
206.5	52	3.5	-22	29	-36
207	52	4	-22	30	35
207.5	52	4.5	-22	31	34
208	53	1	23	32	35
208.5	53	1.5	-23	-32	36
208.75	53	1.75	-23	-32	35
209	53	2	-23	35	34
209.5	53	2.5	-23	-35	35
209.75	53	2.75	-23	-35	34
210	53	3	24	-35	33
211	53	4	-24	34	-33
211.5	53	4.5	-24	33	38
211.75	53	4.75	-24	-33	37
212	54	1	25	34	36
212.5	54	1.5	-25	35	37
212.75	54	1.75	-25	34	36
213	54	2	-25	33	35
213.5	54	2.5	-25	34	36
213.75	54	2.75	-25	33	35
214	54	3	-25	32	34
214.5	54	3.5	-25	-32	35
214.75	54	3.75	-25	-32	34
215	54	4	-25	-32	33
215.5	54	4.5	-25	37	34
215.75	54	4.75	-25	36	33
216	55	1	23	35	32
216.5	55	1.5	-23	36	-32
216.75	55	1.75	-23	35	-32
217	55	2	-23	34	-32
217.5	55	2.5	-23	35	37
217.75	55	2.75	-23	34	36
218	55	3	21	33	35
218.5	55	3.5	-21	36	34
218.75	55	3.75	-21	35	33
219	55	4	-21	34	32
219.5	55	4.5	-21	35	33
219.75	55	4.75	-21	34	32
220	56	1	22	33	31
220.5	56	1.5	-22	34	36
220.75	56	1.75	-22	33	35
221	56	2	-22	32	34
221.5	56	2.5	-22	-32	35
221.75	56	2.75	-22	-32	34
222	56	3	-22	-32	33
223	56	4	-22	31	-33
224	57	1	18	32	32
228	58	1	0	0	0
228	58	1	0	0	0
230	58	3	25	0	34
231	58	4	26	0	-34
232	59	1	27	0	-34
233	59	2	-27	0	31
234	59	3	-27	38	-31
236.5	60	1.5	-27	-38	26
237	60	2	-27	35	27
237.5	60	2.5	-27	-35	28
238	60	3	26	-35	29
238.5	60	3.5	-26	-35	30
239	60	4	-26	-35	31
239.5	60	4.5	-26	-35	30
240	61	1	25	0	32
240.5	61	1.5	-25	30	-32
241	61	2	-25	31	-32
241.5	61	2.5	-25	32	-32
242	61	3	-25	33	-32
242.5	61	3.5	-25	34	-32
243	61	4	-25	35	-32
243.5	61	4.5	-25	34	-32
244	62	1	24	35	0
248	63	1	-24	0	33
250	63	3	22	0	-33
251	63	4	-22	0	36
251.5	63	4.5	-22	0	35
252	64	1	23	35	35
252.25	64	1.25	-23	-35	32
252.5	64	1.5	-23	-35	33
252.75	64	1.75	-23	-35	34
253	64	2	-23	-35	35
253.25	64	2.25	-23	-35	30
253.5	64	2.5	-23	-35	31
253.75	64	2.75	-23	-35	32
254	64	3	24	-35	33
254.25	64	3.25	-24	-35	32
254.5	64	3.5	-24	-35	33
254.75	64	3.75	-24	-35	34
255	64	4	-24	38	32
255.25	64	4.25	-24	-38	31
255.5	64	4.5	-24	37	32
255.75	64	4.75	-24	-37	33
256	65	1	25	36	34
256.25	65	1.25	-25	34	32
256.5	65	1.5	-25	35	33
256.75	65	1.75	-25	36	34
257	65	2	-25	37	35
257.25	65	2.25	-25	32	34
257.5	65	2.5	-25	33	35
257.75	65	2.75	-25	34	36
258	65	3	-25	35	37
258.25	65	3.25	-25	33	-37
258.5	65	3.5	-25	34	-37
258.75	65	3.75	-25	33	-37
259	65	4	-25	34	-37
259.25	65	4.25	-25	35	-37
259.5	65	4.5	-25	36	-37
259.75	65	4.75	-25	33	-37
260	66	1	-25	34	-37
261	66	2	-25	-34	36
261.25	66	2.25	-25	-34	37
261.5	66	2.5	-25	-34	36
261.75	66	2.75	-25	-34	37
262	66	3	24	33	38
263	66	4	-24	-33	33
264	67	1	23	32	34
264.5	67	1.5	-23	-32	35
265	67	2	-23	-32	36
267	67	4	-23	-32	35
268	68	1	22	33	36
272	69	1	-22	33	0
274	69	3	22	-33	0
276	70	1	22	0	0
278	70	3	21	0	0
280	71	1	20	0	38
281	71	2	-20	0	35
282	71	3	-20	0	36
282.25	71	3.25	-20	0	35
282.5	71	3.5	-20	0	34
282.75	71	3.75	-20	0	35
283	71	4	-20	0	36
283.25	71	4.25	-20	0	34
283.5	71	4.5	-20	0	32
283.75	71	4.75	-20	0	33
284	72	1	-20	39	34
285	72	2	-20	36	33
285.5	72	2.5	-20	-36	32
286	72	3	21	37	32
286.25	72	3.25	-21	36	-32
286.5	72	3.5	-21	35	-32
286.75	72	3.75	-21	36	-32
287	72	4	-21	37	35
287.25	72	4.25	-21	35	-35
287.5	72	4.5	-21	36	-35
287.75	72	4.75	-21	37	-35
288	73	1	22	38	-35
288.5	73	1.5	-22	-38	36
288.75	73	1.75	-22	-38	35
289	73	2	-22	37	34
289.25	73	2.25	-22	-37	33
289.5	73	2.5	-22	-37	32
289.75	73	2.75	-22	36	31
290	73	3	23	35	32
290.5	73	3.5	-23	-35	39
290.75	73	3.75	-23	-35	38
291	73	4	-23	35	37
291.25	73	4.25	-23	-35	36
291.5	73	4.5	-23	-35	35
291.75	73	4.75	-23	-35	34
292	74	1	24	35	33
292.25	74	1.25	-24	34	-33
292.5	74	1.5	-24	33	-33
292.75	74	1.75	-24	32	-33
293	74	2	-24	31	-33
293.25	74	2.25	-24	30	-33
293.5	74	2.5	-24	31	-33
293.75	74	2.75	-24	31	-33
294	74	3	-24	38	-33
294.25	74	3.25	-24	37	-33
294.75	74	3.75	-24	36	-33
295	74	4	-24	35	-33
295.25	74	4.25	-24	34	-33
295.75	74	4.75	-24	33	-33
296	75	1	-24	34	-33
298	75	3	22	-34	32
299	75	4	-22	-34	31
300	76	1	23	-34	32
300.25	76	1.25	-23	-34	29
300.5	76	1.5	-23	-34	30
300.75	76	1.75	-23	-34	31
301	76	2	-23	-34	32
301.25	76	2.25	-23	-34	33
301.5	76	2.5	-23	-34	34
301.75	76	2.75	-23	-34	35
302	76	3	24	33	36
302.25	76	3.25	-24	-33	37
302.5	76	3.5	-24	-33	38
302.75	76	3.75	-24	-33	39
303	76	4	-24	-33	35
303.125	76	4.125	-24	-33	34
303.25	76	4.25	-24	-33	33
303.375	76	4.375	-24	-33	34
303.5	76	4.5	-24	-33	35
303.625	76	4.625	-24	-33	34
303.75	76	4.75	-24	-33	34
303.875	76	4.875	-24	-33	33
304	77	1	25	-33	34
306	77	3	-25	32	-34
306.75	77	3.75	-25	-32	32
307	77	4	-25	31	33
307.25	77	4.25	-25	-31	34
307.5	77	4.5	-25	-31	35
307.75	77	4.75	-25	-31	36
308	78	1	23	32	37
308.25	78	1.25	-23	29	36
308.5	78	1.5	-23	30	36
308.75	78	1.75	-23	31	35
308.875	78	1.875	-23	-31	36
309	78	2	-23	32	37
309.25	78	2.25	-23	33	-37
309.5	78	2.5	-23	34	-37
309.75	78	2.75	-23	35	-37
310	78	3	21	34	-37
310.25	78	3.25	-21	34	-37
310.5	78	3.5	-21	34	-37
310.75	78	3.75	-21	33	-37
310.875	78	3.875	-21	34	-37
311	78	4	-21	35	36
311.25	78	4.25	-21	-35	35
311.5	78	4.5	-21	-35	34
311.75	78	4.75	-21	-35	33
312	79	1	22	-35	-33
313	79	2	-22	36	32
313.25	79	2.25	-22	35	-32
313.5	79	2.5	-22	34	-32
313.75	79	2.75	-22	33	-32
314	79	3	-22	33	-32
315	79	4	-22	-33	31
316	80	1	18	32	32
320	81	1	0	0	0
320	81	1	0	0	0
322	81	3	25	0	34
323	81	4	26	0	-34
324	82	1	27	36	-34
326	82	3	-27	-36	33
326.5	82	3.5	-27	-36	32
327	82	4	-27	-36	31
327.5	82	4.5	-27	-36	30
328	83	1	-27	-36	32
330	83	3	26	35	-32
330.5	83	3.5	-26	34	-32
331	83	4	-26	33	31
331.25	83	4.25	-26	-33	31
331.5	83	4.5	-26	32	30
331.75	83	4.75	-26	-32	31
332	84	1	25	32	32
332.25	84	1.25	-25	-32	31
332.5	84	1.5	-25	-32	30
332.75	84	1.75	-25	-32	31
333	84	2	-25	-32	32
333.25	84	2.25	-25	-32	33
333.5	84	2.5	-25	-32	34
333.75	84	2.75	-25	-32	35
334	84	3	-25	-32	34
334.25	84	3.25	-25	-32	33
334.5	84	3.5	-25	-32	32
334.75	84	3.75	-25	-32	33
335	84	4	-25	30	34
335.25	84	4.25	-25	30	33
335.5	84	4.5	-25	29	33
335.75	84	4.75	-25	30	32
336	85	1	24	31	33
336.25	85	1.25	-24	30	-33
336.5	85	1.5	-24	29	-33
336.75	85	1.75	-24	30	-33
337	85	2	-24	31	-33
337.25	85	2.25	-24	32	-33
337.5	85	2.5	-24	33	-33
337.75	85	2.75	-24	34	-33
338	85	3	-24	35	-33
338.25	85	3.25	-24	34	-33
338.5	85	3.5	-24	33	-33
338.75	85	3.75	-24	34	-33
339	85	4	-24	35	-33
339.25	85	4.25	-24	34	-33
339.5	85	4.5	-24	34	-33
339.75	85	4.75	-24	33	-33
340	86	1	-24	34	-33
340.25	86	1.25	-24	35	-33
340.5	86	1.5	-24	36	-33
340.75	86	1.75	-24	37	-33
341	86	2	-24	38	-33
341.25	86	2.25	-24	37	-33
341.5	86	2.5	-24	36	-33
341.75	86	2.75	-24	37	-33
342	86	3	22	38	31
342.25	86	3.25	-22	37	-31
342.5	86	3.5	-22	37	-31
342.75	86	3.75	-22	36	-31
342.875	86	3.875	-22	35	-31
343	86	4	-22	36	-31
343.25	86	4.25	-22	35	-31
343.5	86	4.5	-22	34	-31
343.75	86	4.75	-22	33	-31
344	87	1	23	32	35
344.25	87	1.25	-23	-32	34
344.5	87	1.5	-23	-32	33
344.75	87	1.75	-23	-32	34
345	87	2	-23	32	35
345.25	87	2.25	-23	-32	34
345.5	87	2.5	-23	-32	33
345.75	87	2.75	-23	-32	32
346	87	3	24	31	36
346.25	87	3.25	-24	30	35
346.5	87	3.5	-24	29	34
346.75	87	3.75	-24	30	35
347	87	4	-24	31	36
347.25	87	4.25	-24	30	35
347.5	87	4.5	-24	29	34
347.75	87	4.75	-24	28	33
348	88	1	25	32	34
348.25	88	1.25	-25	31	33
348.5	88	1.5	-25	30	32
348.75	88	1.75	-25	29	31
349	88	2	-25	30	32
349.25	88	2.25	-25	29	31
349.5	88	2.5	-25	28	30
349.75	88	2.75	-25	27	29
350	88	3	-25	30	32
351	88	4	-25	30	28
351.25	88	4.25	-25	-30	29
351.5	88	4.5	-25	-30	30
351.75	88	4.75	-25	-30	29
352	89	1	-25	-30	30
352.25	89	1.25	-25	-30	31
352.5	89	1.5	-25	-30	32
352.75	89	1.75	-25	-30	33
353	89	2	-25	29	34
353.25	89	2.25	-25	30	35
353.5	89	2.5	-25	31	36
353.75	89	2.75	-25	30	37
354	89	3	24	31	33
354.25	89	3.25	-24	32	-33
354.5	89	3.5	-24	33	-33
354.75	89	3.75	-24	34	-33
355	89	4	-24	35	-33
355.25	89	4.25	-24	36	-33
355.5	89	4.5	-24	32	-33
356	90	1	23	-32	-33
356.75	90	1.75	-23	-32	32
357	90	2	-23	-32	33
357.25	90	2.25	-23	-32	34
357.5	90	2.5	-23	-32	35
357.75	90	2.75	-23	-32	34
358	90	3	-23	-32	35
358.75	90	3.75	-23	29	-35
359	90	4	-23	30	-35
359.25	90	4.25	-23	31	-35
359.5	90	4.5	-23	32	-35
359.75	90	4.75	-23	31	-35
360	91	1	22	32	33
362	91	3	-22	31	-33
363	91	4	-22	-31	33
364	92	1	-22	0	36
366	92	3	22	0	-36
367	92	4	-22	36	36
368	93	1	22	38	36
368.25	93	1.25	-22	-38	35
368.5	93	1.5	-22	-38	34
368.75	93	1.75	-22	-38	33
369	93	2	-22	-38	32
369.25	93	2.25	-22	-38	33
369.5	93	2.5	-22	-38	32
369.75	93	2.75	-22	-38	33
370	93	3	21	-38	34
370.25	93	3.25	-21	-38	33
370.5	93	3.5	-21	-38	32
370.75	93	3.75	-21	-38	31
371	93	4	-21	38	30
371.25	93	4.25	-21	-38	31
371.5	93	4.5	-21	-38	30
371.75	93	4.75	-21	-38	31
372	94	1	20	38	32
372.25	94	1.25	-20	37	-32
372.5	94	1.5	-20	36	-32
372.75	94	1.75	-20	35	-32
373	94	2	-20	34	-32
373.25	94	2.25	-20	35	-32
373.5	94	2.5	-20	34	-32
373.75	94	2.75	-20	35	-32
374	94	3	-20	36	34
374.25	94	3.25	-20	35	-34
374.5	94	3.5	-20	34	-34
374.75	94	3.75	-20	33	-34
375	94	4	-20	32	-34
375.25	94	4.25	-20	33	-34
375.5	94	4.5	-20	32	-34
375.75	94	4.75	-20	33	-34
376	95	1	-20	34	-34
376.25	95	1.25	-20	33	-34
376.5	95	1.5	-20	31	-34
376.75	95	1.75	-20	32	-34
377	95	2	-20	33	33
377.25	95	2.25	-20	34	-33
377.5	95	2.5	-20	35	32
377.75	95	2.75	-20	36	-32
378	95	3	21	37	32
378.75	95	3.75	-21	-37	28
379	95	4	-21	37	29
379.25	95	4.25	-21	-37	28
379.5	95	4.5	-21	-37	29
379.75	95	4.75	-21	-37	30
380	96	1	22	-37	31
380.25	96	1.25	-22	-37	33
380.5	96	1.5	-22	-37	34
380.75	96	1.75	-22	-37	33
381	96	2	-22	36	34
381.25	96	2.25	-22	-36	35
381.5	96	2.5	-22	35	36
381.75	96	2.75	-22	-35	31
382	96	3	23	35	32
382.25	96	3.25	-23	33	30
382.5	96	3.5	-23	33	31
382.75	96	3.75	-23	34	30
383	96	4	-23	33	31
383.25	96	4.25	-23	34	32
383.5	96	4.5	-23	35	33
383.75	96	4.75	-23	32	32
384	97	1	24	33	31
384.25	97	1.25	-24	32	30
384.5	97	1.5	-24	33	31
384.75	97	1.75	-24	34	32
385	97	2	-24	35	33
385.25	97	2.25	-24	30	28
385.5	97	2.5	-24	31	29
385.75	97	2.75	-24	30	28
386	97	3	-24	31	29
386.25	97	3.25	-24	32	30
386.5	97	3.5	-24	33	31
386.75	97	3.75	-24	28	-31
387	97	4	-24	29	-31
387.25	97	4.25	-24	28	-31
387.5	97	4.5	-24	29	-31
387.75	97	4.75	-24	30	-31
388	98	1	-24	31	-31
388.25	98	1.25	-24	33	-31
388.5	98	1.5	-24	34	-31
388.75	98	1.75	-24	33	-31
389	98	2	-24	34	-31
389.125	98	2.125	-24	35	-31
389.25	98	2.25	-24	36	-31
389.5	98	2.5	-24	31	-31
389.75	98	2.75	-24	32	-31
390	98	3	22	31	34
390.25	98	3.25	-22	32	-34
390.5	98	3.5	-22	33	-34
390.625	98	3.625	-22	34	-34
390.75	98	3.75	-22	29	-34
391	98	4	-22	30	-34
391.25	98	4.25	-22	29	-34
391.5	98	4.5	-22	30	-34
391.75	98	4.75	-22	31	-34
392	99	1	23	32	35
392.25	99	1.25	-23	-32	36
392.5	99	1.5	-23	-32	37
392.75	99	1.75	-23	-32	36
393	99	2	-23	-32	35
393.25	99	2.25	-23	-32	36
393.5	99	2.5	-23	-32	34
393.75	99	2.75	-23	-32	35
394	99	3	24	35	36
394.25	99	3.25	-24	-35	35
394.5	99	3.5	-24	-35	34
394.75	99	3.75	-24	-35	35
395	99	4	-24	-35	33
395.25	99	4.25	-24	-35	34
395.5	99	4.5	-24	-35	35
395.75	99	4.75	-24	-35	33
396	100	1	25	34	36
396.25	100	1.25	-25	35	-36
396.5	100	1.5	-25	36	-36
396.75	100	1.75	-25	35	-36
397	100	2	-25	34	-36
397.25	100	2.25	-25	35	-36
397.5	100	2.5	-25	33	-36
397.75	100	2.75	-25	34	-36
398	100	3	-25	35	-36
398.25	100	3.25	-25	33	-36
398.5	100	3.5	-25	34	-36
398.75	100	3.75	-25	33	-36
399	100	4	-25	32	-36
399.25	100	4.25	-25	33	-36
399.5	100	4.5	-25	31	-36
399.625	100	4.625	-25	32	-36
399.75	100	4.75	-25	30	-36
399.875	100	4.875	-25	31	-36
400	101	1	23	32	-36
401	101	2	-23	-32	35
401.25	101	2.25	-23	-32	34
401.5	101	2.5	-23	-32	33
401.75	101	2.75	-23	-32	32
402	101	3	21	-32	37
402.25	101	3.25	-21	-32	36
402.5	101	3.5	-21	-32	35
402.75	101	3.75	-21	-32	34
403	101	4	-21	31	33
403.25	101	4.25	-21	30	32
403.5	101	4.5	-21	29	31
403.75	101	4.75	-21	28	30
404	102	1	22	33	31
404.25	102	1.25	-22	32	-31
404.5	102	1.5	-22	31	-31
404.75	102	1.75	-22	30	-31
405	102	2	-22	29	32
405.25	102	2.25	-22	28	-32
405.5	102	2.5	-22	27	-32
405.75	102	2.75	-22	28	-32
406	102	3	-22	29	-32
407	102	4	-22	-29	31
408	103	1	18	29	32
413	104	2	-18	0	36
414	104	3	25	0	36
415	104	4	26	0	38
416	105	1	27	0	38
416.25	105	1.25	-27	0	35
416.5	105	1.5	-27	0	36
416.75	105	1.75	-27	0	35
417	105	2	-27	0	36
417.25	105	2.25	-27	0	37
417.5	105	2.5	-27	0	36
417.75	105	2.75	-27	0	33
418	105	3	-27	0	34
418.25	105	3.25	-27	0	33
418.5	105	3.5	-27	0	34
418.75	105	3.75	-27	0	35
419	105	4	-27	34	34
419.25	105	4.25	-27	-34	31
419.5	105	4.5	-27	-34	32
419.75	105	4.75	-27	-34	31
420	106	1	-27	34	32
420.25	106	1.25	-27	-34	33
420.5	106	1.5	-27	-34	32
420.75	106	1.75	-27	-34	29
421	106	2	-27	36	30
421.25	106	2.25	-27	-36	29
421.5	106	2.5	-27	-36	30
421.75	106	2.75	-27	-36	31
422	106	3	26	36	28
422.25	106	3.25	-26	33	-28
422.5	106	3.5	-26	34	-28
422.75	106	3.75	-26	33	-28
423	106	4	-26	34	-28
423.25	106	4.25	-26	35	-28
423.5	106	4.5	-26	34	-28
423.75	106	4.75	-26	31	-28
424	107	1	25	32	27
424.25	107	1.25	-25	31	-27
424.5	107	1.5	-25	32	-27
424.75	107	1.75	-25	33	-27
425	107	2	-25	32	29
425.25	107	2.25	-25	29	-29
425.5	107	2.5	-25	30	-29
425.75	107	2.75	-25	29	-29
426	107	3	-25	30	-29
426.25	107	3.25	-25	31	-29
426.5	107	3.5	-25	30	-29
426.75	107	3.75	-25	27	-29
427	107	4	-25	28	30
427.25	107	4.25	-25	29	-30
427.5	107	4.5	-25	28	-30
427.75	107	4.75	-25	27	-30
428	108	1	24	28	31
428.25	108	1.25	-24	-28	28
428.5	108	1.5	-24	-28	29
428.75	108	1.75	-24	-28	30
429	108	2	-24	31	31
429.25	108	2.25	-24	-31	32
429.5	108	2.5	-24	-31	33
429.75	108	2.75	-24	-31	30
430	108	3	-24	-31	31
430.25	108	3.25	-24	-31	32
430.5	108	3.5	-24	-31	33
430.75	108	3.75	-24	-31	34
431	108	4	-24	33	35
431.25	108	4.25	-24	-33	34
431.5	108	4.5	-24	33	35
431.75	108	4.75	-24	-33	32
432	109	1	-24	35	33
432.25	109	1.25	-24	32	-33
432.5	109	1.5	-24	33	-33
432.75	109	1.75	-24	34	-33
433	109	2	-24	35	-33
433.25	109	2.25	-24	36	-33
433.5	109	2.5	-24	34	-33
433.75	109	2.75	-24	35	-33
434	109	3	22	36	-33
434.25	109	3.25	-22	37	-33
434.5	109	3.5	-22	38	-33
434.75	109	3.75	-22	39	-33
435	109	4	-22	37	-33
435.25	109	4.25	-22	38	-33
435.5	109	4.5	-22	39	34
435.75	109	4.75	-22	38	33
436	110	1	23	39	32
436.25	110	1.25	-23	-39	31
436.5	110	1.5	-23	-39	30
436.75	110	1.75	-23	-39	29
437	110	2	-23	-39	28
438	110	3	24	-39	-28
439	110	4	-24	38	29
439.25	110	4.25	-24	37	-29
439.5	110	4.5	-24	36	-29
439.75	110	4.75	-24	35	-29
440	111	1	25	34	36
440.25	111	1.25	-25	33	35
440.5	111	1.5	-25	32	34
440.75	111	1.75	-25	31	33
441	111	2	-25	30	32
441.25	111	2.25	-25	31	33
441.5	111	2.5	-25	32	34
441.75	111	2.75	-25	31	33
442	111	3	-25	32	34
442.25	111	3.25	-25	33	35
442.5	111	3.5	-25	32	34
442.75	111	3.75	-25	33	35
443	111	4	-25	34	36
443.25	111	4.25	-25	35	37
443.5	111	4.5	-25	33	35
443.75	111	4.75	-25	35	36
444	112	1	23	35	37
444.75	112	1.75	-23	-35	38
445	112	2	-23	-35	39
445.125	112	2.125	-23	-35	38
445.25	112	2.25	-23	-35	37
445.375	112	2.375	-23	-35	36
445.5	112	2.5	-23	-35	37
445.625	112	2.625	-23	-35	36
445.75	112	2.75	-23	-35	35
445.875	112	2.875	-23	-35	36
446	112	3	21	37	37
446.125	112	3.125	-21	-37	36
446.25	112	3.25	-21	-37	35
446.375	112	3.375	-21	-37	34
446.5	112	3.5	-21	-37	35
446.625	112	3.625	-21	-37	34
446.75	112	3.75	-21	-37	33
446.875	112	3.875	-21	-37	34
447	112	4	-21	-37	35
447.125	112	4.125	-21	-37	34
447.25	112	4.25	-21	-37	33
447.375	112	4.375	-21	-37	32
447.5	112	4.5	-21	-37	33
447.625	112	4.625	-21	-37	32
447.75	112	4.75	-21	-37	31
447.875	112	4.875	-21	-37	30
448	113	1	22	36	31
448.125	113	1.125	-22	37	-31
448.25	113	1.25	-22	38	-31
448.375	113	1.375	-22	37	-31
448.5	113	1.5	-22	36	-31
448.625	113	1.625	-22	35	-31
448.75	113	1.75	-22	36	-31
448.875	113	1.875	-22	35	-31
449	113	2	-22	34	32
449.125	113	2.125	-22	35	-32
449.25	113	2.25	-22	36	-32
449.375	113	2.375	-22	35	-32
449.5	113	2.5	-22	34	-32
449.625	113	2.625	-22	33	-32
449.75	113	2.75	-22	34	-32
449.875	113	2.875	-22	32	-32
450	113	3	-22	33	-32
451	113	4	-22	-33	31
452	114	1	18	32	32
*-	*-	*-	*-	*-	*-
