**absq	**bar	**beat	**b7	**b7	**b7	**b7	**b7
0	1	1	0	0	0	0	31
2	1	2	0	0	24	0	33
2.5	1	2.25	0	0	-24	0	32
3	1	2.5	0	0	-24	0	33
3.5	1	2.75	0	0	-24	0	34
4	1	3	0	24	26	0	35
4.5	1	3.25	0	-24	25	0	-35
5	1	3.5	0	-24	26	0	-35
5.5	1	3.75	0	-24	27	0	-35
6	1	4	17	26	28	0	31
6.5	1	4.25	-17	25	-28	0	-31
7	1	4.5	-17	26	-28	0	-31
7.5	1	4.75	-17	27	-28	0	-31
8	2	1	19	28	24	28	0
8.5	2	1.25	18	-28	-24	-28	0
9	2	1.5	19	-28	-24	-28	35
9.5	2	1.75	20	-28	-24	-28	-35
10	2	2	21	28	0	30	35
10.5	2	2.25	-21	-28	0	29	-35
11	2	2.5	-21	25	28	30	32
11.5	2	2.75	-21	-25	-28	31	-32
12	2	3	18	29	27	32	34
12.5	2	3.25	-18	28	26	-32	35
13	2	3.5	-18	27	27	31	36
13.5	2	3.75	-18	26	28	30	35
14	2	4	0	25	29	29	34
14.5	2	4.25	0	-25	-29	-29	35
15	2	4.5	25	-25	-29	-29	34
15.5	2	4.75	-25	-25	28	-29	33
15.75	2	4.875	-25	-25	27	-29	-33
16	3	1	21	-25	28	30	32
17	3	1.5	21	-25	-28	-30	-32
18	3	2	24	26	28	0	31
18.5	3	2.25	25	-26	-28	0	-31
19	3	2.5	26	-26	-28	0	-31
19.5	3	2.75	25	-26	-28	0	32
20	3	3	24	0	-28	0	33
20.5	3	3.25	25	0	-28	0	-33
21	3	3.5	24	24	-28	0	-33
21.5	3	3.75	23	-24	-28	0	-33
22	3	4	22	26	0	31	-33
22.5	3	4.25	-22	25	0	-31	-33
23	3	4.5	-22	26	29	-31	-33
23.5	3	4.75	-22	27	-29	-31	-33
24	4	1	21	28	25	30	0
24.5	4	1.25	-21	-28	-25	29	0
25	4	1.5	-21	-28	25	30	0
25.5	4	1.75	-21	-28	-25	31	0
26	4	2	0	25	27	32	0
26.5	4	2.25	0	-25	28	-32	0
27	4	2.5	0	-25	29	-32	0
27.5	4	2.75	0	-25	28	-32	0
28	4	3	18	-25	27	29	0
28.5	4	3.25	-18	-25	28	-29	0
29	4	3.5	-18	-25	27	-29	33
29.5	4	3.75	-18	-25	26	-29	-33
30	4	4	20	0	25	27	29
30.5	4	4.25	19	0	-25	-27	-29
31	4	4.5	20	0	-25	29	29
31.5	4	4.75	21	0	-25	-29	-29
32	5	1	22	0	24	29	31
32.5	5	1.25	-22	0	-24	30	32
33	5	1.5	-22	22	-24	31	33
33.5	5	1.75	-22	-22	-24	30	32
34	5	2	-22	24	-24	29	31
34.5	5	2.25	-22	23	-24	30	32
35	5	2.5	-22	24	-24	29	31
35.5	5	2.75	-22	24	-24	28	30
36	5	3	18	25	0	27	29
37	5	3.5	-18	-25	0	28	28
38	5	4	-18	25	22	-28	29
39	5	4.5	-18	-25	-22	27	-29
40	6	1	0	21	25	28	30
40.5	6	1.25	0	-21	24	-28	-30
41	6	1.5	0	21	25	-28	-30
41.5	6	1.75	0	-21	25	-28	-30
42	6	2	0	24	26	0	0
42.5	6	2.25	0	25	-26	0	0
43	6	2.5	0	26	-26	28	0
43.5	6	2.75	0	25	-26	-28	0
44	6	3	0	24	-26	31	0
44.5	6	3.25	0	25	-26	30	0
45	6	3.5	22	24	-26	31	0
45.5	6	3.75	-22	23	-26	31	0
46	6	4	18	22	27	32	0
47	6	4.5	18	-22	-27	-32	0
48	7	1	20	22	0	31	0
48.5	7	1.25	21	-22	0	-31	0
49	7	1.5	22	-22	26	-31	36
49.5	7	1.75	21	-22	-26	-31	-36
50	7	2	20	0	22	0	-36
50.5	7	2.25	21	0	-22	0	32
51	7	2.5	20	0	22	27	32
51.5	7	2.75	19	0	-22	-27	-32
52	7	3	18	0	25	29	34
52.5	7	3.25	-18	0	26	-29	35
53	7	3.5	-18	0	27	29	36
53.5	7	3.75	-18	0	26	-29	35
54	7	4	-18	0	25	29	34
54.5	7	4.25	-18	0	26	-29	35
55	7	4.5	-18	0	25	25	34
55.5	7	4.75	-18	0	24	26	33
56	8	1	-18	0	23	27	32
56.5	8	1.25	-18	0	-23	28	-32
57	8	1.5	-18	0	24	27	-32
57.5	8	1.75	-18	0	-24	26	33
58	8	2	-18	0	-24	25	34
59	8	2.5	-18	0	23	-25	-34
60	8	3	17	0	24	28	33
62	8	4	24	26	-24	-28	-33
63	8	4.5	-24	-26	28	31	33
64	9	1	24	26	28	31	33
66	9	2	22	24	0	31	34
67	9	2.5	-22	-24	24	-31	-34
68	9	3	21	26	28	31	35
70	9	4	-21	-26	-28	30	-35
71	9	4.5	-21	-26	-28	29	-35
72	10	1	21	25	28	30	28
73	10	1.5	-21	-25	-28	30	35
74	10	2	0	0	31	33	-35
74.5	10	2.25	0	0	-31	-33	34
75	10	2.5	0	0	-31	-33	33
75.5	10	2.75	0	0	30	32	-33
76	10	3	0	0	29	31	-33
77	10	3.5	0	0	25	32	34
78	10	4	0	0	29	-32	33
79	10	4.5	0	22	-29	31	-33
80	11	1	0	25	29	32	32
81	11	1.5	18	-25	-29	29	-32
81.5	11	1.75	-18	24	-29	-29	-32
82	11	2	21	23	25	30	0
83	11	2.5	-21	23	28	-30	32
83.5	11	2.75	20	-23	-28	29	-32
84	11	3	19	-23	-28	28	35
84.5	11	3.25	-19	-23	27	-28	-35
85	11	3.5	-19	26	26	-28	-35
85.5	11	3.75	-19	-26	-26	-28	34
86	11	4	-19	-26	-26	29	33
86.5	11	4.25	-19	25	-26	-29	-33
87	11	4.5	22	24	26	-29	36
87.5	11	4.75	-22	24	-26	-29	-36
88	12	1	19	23	26	30	-36
89	12	1.5	-19	-23	-26	-30	35
90	12	2	22	24	26	29	36
92	12	3	0	0	0	0	0
94	12	4	0	0	29	31	33
96	13	1	0	0	29	31	33
97	13	1.5	0	0	29	31	33
98.5	13	2.25	0	0	29	31	33
99	13	2.5	0	0	27	32	34
100	13	3	0	0	28	30	32
103	13	4.5	0	0	26	31	33
104	14	1	0	0	27	29	32
104.5	14	1.25	0	0	-27	-29	31
105	14	1.5	0	0	26	28	31
106	14	2	0	0	25	27	-31
107	14	2.5	21	0	-25	28	30
107.5	14	2.75	21	0	-25	-28	-30
108	14	3	22	0	24	26	31
109	14	3.5	22	24	-24	-26	-31
109.5	14	3.75	22	24	-24	-26	-31
110	14	4	23	25	0	0	0
111	14	4.5	23	25	0	28	0
111.5	14	4.75	-23	25	0	28	0
112	15	1	24	26	0	29	0
113	15	1.5	22	26	0	29	31
113.5	15	1.75	-22	-26	0	29	31
114	15	2	21	28	0	30	32
115	15	2.5	-21	-28	0	-30	32
115.5	15	2.75	-21	-28	0	-30	32
116	15	3	17	-28	0	31	33
116.5	15	3.25	-17	-28	0	32	-33
117	15	3.5	-17	26	24	33	35
117.5	15	3.75	-17	-26	24	-33	-35
118	15	4	0	29	25	-33	-35
119	15	4.5	0	-29	25	32	34
119.5	15	4.75	0	-29	25	-32	-34
120	16	1	0	28	26	-32	-34
121	16	1.5	0	-28	26	31	33
122	16	2	0	0	27	29	32
122.5	16	2.25	0	0	-27	-29	31
123	16	2.5	0	0	27	-29	31
124	16	3	0	0	28	32	-31
125	16	3.5	21	0	-28	-32	30
125.5	16	3.75	21	0	-28	-32	-30
126	16	4	22	0	26	0	31
127	16	4.5	22	24	-26	0	-31
127.5	16	4.75	22	24	-26	0	-31
128	17	1	23	25	0	0	0
129	17	1.5	24	26	26	0	31
129.5	17	1.75	-24	26	-26	0	31
130	17	2	-24	27	25	0	32
131	17	2.5	23	28	-25	0	32
131.5	17	2.75	-23	-28	-25	0	32
132	17	3	-23	-28	24	0	33
133	17	3.5	22	29	-24	31	33
133.5	17	3.75	-22	-29	-24	31	-33
134	17	4	-22	-29	23	32	34
135	17	4.5	21	30	-23	32	35
135.5	17	4.75	-21	-30	-23	32	-35
136	18	1	-21	31	22	33	36
137	18	1.5	20	-31	-22	29	-36
138	18	2	21	30	0	-29	32
139	18	2.5	-21	23	21	28	-32
139.5	18	2.75	-21	23	21	-28	-32
140	18	3	0	24	22	-28	0
141	18	3.5	0	24	22	27	0
141.5	18	3.75	0	24	22	-27	0
142	18	4	0	25	23	-27	35
143	18	4.5	17	24	21	26	-35
143.5	18	4.75	17	-24	-21	-26	-35
144	19	1	18	0	0	25	-35
145	19	1.5	18	0	25	-25	34
145.5	19	1.75	18	0	-25	-25	-34
146	19	2	19	0	-25	28	-34
147	19	2.5	19	28	24	-28	33
148	19	3	20	-28	-24	0	-33
149	19	3.5	20	27	22	29	32
150	19	4	21	-27	23	28	-32
151	19	4.5	-21	26	21	24	31
152	20	1	-21	25	0	28	-31
153	20	1.5	-21	-25	0	-28	30
154	20	2	17	24	28	28	31
156	20	3	0	0	26	0	0
158	20	4	24	28	26	31	33
160	21	1	22	29	-26	31	33
161	21	1.5	-22	-29	26	-31	-33
162	21	2	22	29	29	31	33
164	21	3	-22	-29	26	-31	-33
165	21	3.5	22	29	-26	31	33
166	21	4	25	29	0	32	34
167	21	4.5	-25	-29	25	-32	-34
168	22	1	22	29	24	33	33
170	22	2	0	0	25	0	0
171	22	2.5	0	0	-25	29	32
172	22	3	0	0	26	28	30
174	22	4	0	22	22	29	31
175	22	4.5	0	-22	26	-29	-31
176	23	1	0	21	23	30	33
178	23	2	0	22	24	29	31
179	23	2.5	22	-22	-24	-29	29
180	23	3	19	23	26	0	28
182	23	4	20	22	24	0	29
183	23	4.5	-20	22	-24	31	-29
184	24	1	19	23	0	28	0
186	24	2	-19	24	31	29	33
188	24	3	19	26	28	30	30
190	24	4	-19	-26	29	26	31
192	25	1	0	26	29	0	30
194	25	2	0	26	28	0	-30
196	25	3	22	-26	29	0	31
198	25	4	-22	27	-29	0	-31
200	26	1	-22	24	29	0	0
202	26	2	20	25	-29	0	0
203	26	2.5	-20	25	-29	0	0
204	26	3	17	26	-29	0	36
206	26	4	18	25	27	0	-36
206.5	26	4.25	-18	26	-27	0	-36
207	26	4.5	18	27	-27	29	-36
207.5	26	4.75	-18	25	-27	-29	-36
208	27	1	22	26	24	-29	-36
209	27	1.5	-22	26	-24	26	-36
209.5	27	1.75	-22	26	-24	-26	-36
210	27	2	-22	29	25	27	34
211	27	2.5	-22	-29	25	-27	-34
212	27	3	-22	-29	26	26	31
214	27	4	0	27	25	29	32
214.5	27	4.25	0	-27	26	-29	-32
215	27	4.5	0	-27	27	-29	32
215.5	27	4.75	0	-27	25	-29	-32
216	28	1	24	0	28	26	33
216.5	28	1.25	25	0	-28	-26	-33
217	28	1.5	26	0	28	-26	-33
217.5	28	1.75	24	0	28	-26	-33
218	28	2	25	27	27	0	0
218.5	28	2.25	-25	28	-27	0	0
219	28	2.5	25	29	-27	0	0
219.5	28	2.75	25	27	-27	0	0
220	28	3	26	28	26	31	0
220.5	28	3.25	-26	-28	-26	32	0
221	28	3.5	-26	28	-26	33	0
221.5	28	3.75	-26	28	-26	31	0
222	28	4	25	29	0	32	34
222.5	28	4.25	-25	-29	0	-32	35
223	28	4.5	-25	27	0	-32	36
223.5	28	4.75	-25	-27	0	-32	34
224	29	1	0	0	0	30	35
224.5	29	1.25	0	0	0	28	-35
225	29	1.5	0	0	0	31	33
225.5	29	1.75	0	0	0	-31	31
226	29	2	0	0	0	-31	32
227	29	2.5	0	0	0	30	-32
228	29	3	0	0	0	31	31
230	29	4	24	0	26	-31	-31
232	30	1	-24	0	-26	33	35
234	30	2	23	0	25	-33	-35
236	30	3	22	0	24	-33	-35
238	30	4	-22	0	25	32	34
239	30	4.5	-22	0	25	-32	-34
240	31	1	19	28	26	-32	33
241	31	1.5	-19	-28	23	-32	-33
242	31	2	20	-28	0	31	-33
244	31	3	21	-28	28	-31	33
246	31	4	-21	27	-28	30	34
247	31	4.5	-21	-27	-28	29	-34
248	32	1	21	26	-28	30	35
250	32	2	-21	-26	27	-30	-35
252	32	3	-21	23	26	-30	35
254	32	4	-21	24	-26	28	-35
255	32	4.5	-21	-24	-26	28	-35
256	33	1	0	25	23	32	0
257	33	1.5	0	28	-23	-32	0
258	33	2	0	28	24	28	0
259	33	2.5	0	26	-24	-28	0
260	33	3	0	27	25	0	0
261	33	3.5	0	26	-25	0	32
262	33	4	0	27	-25	0	32
263	33	4.5	0	28	-25	0	30
264	34	1	0	29	24	0	31
265	34	1.5	0	28	-24	0	30
266	34	2	0	29	-24	0	31
267	34	2.5	0	30	-24	0	32
268	34	3	0	31	-24	0	33
269	34	3.5	0	-31	-24	0	32
270	34	4	0	-31	-24	0	33
271	34	4.5	0	-31	-24	31	34
272	35	1	0	28	0	30	35
272.5	35	1.25	0	-28	0	29	-35
273	35	1.5	0	-28	23	28	-35
273.5	35	1.75	0	-28	-23	27	-35
274	35	2	0	-28	24	26	-35
274.5	35	2.25	0	-28	25	-26	-35
275	35	2.5	0	-28	26	31	-35
275.5	35	2.75	0	-28	27	-31	-35
276	35	3	0	0	28	30	32
277	35	3.5	19	0	28	30	28
278	35	4	20	0	27	29	29
278.5	35	4.25	21	0	-27	-29	30
279	35	4.5	22	0	27	-29	31
279.5	35	4.75	23	0	-27	-29	32
280	36	1	24	0	26	28	33
281	36	1.5	24	26	-26	33	35
282	36	2	25	26	29	32	34
282.5	36	2.25	-25	-26	-29	31	33
283	36	2.5	25	27	-29	30	32
283.5	36	2.75	-25	-27	-29	29	31
284	36	3	26	28	0	28	30
285	36	3.5	-26	26	24	31	35
286	36	4	25	0	25	29	34
286.5	36	4.25	-25	0	26	-29	-34
287	36	4.5	-25	0	27	32	34
287.5	36	4.75	-25	0	28	-32	-34
288	37	1	0	0	29	-32	33
289	37	1.5	19	21	28	31	-33
290	37	2	20	22	27	32	32
290.5	37	2.25	21	23	-27	-32	-32
291	37	2.5	22	24	27	29	0
291.5	37	2.75	23	25	-27	-29	0
292	37	3	24	26	26	28	0
293	37	3.5	16	28	25	32	0
294	37	4	17	26	0	31	36
294.5	37	4.25	18	-26	0	-31	-36
295	37	4.5	19	-26	0	31	35
295.5	37	4.75	20	-26	29	31	34
296	38	1	21	0	28	30	33
296.5	38	1.25	-21	0	27	29	32
297	38	1.5	21	23	26	28	35
297.5	38	1.75	-21	-23	25	27	-35
298	38	2	22	24	24	26	0
299	38	2.5	22	24	-24	29	31
300	38	3	23	25	0	28	30
301	38	3.5	-23	25	28	28	30
301.5	38	3.75	24	-25	-28	-28	-30
302	38	4	25	0	27	-28	29
302.5	38	4.25	-25	0	26	-28	-29
303	38	4.5	-25	0	25	27	-29
303.5	38	4.75	-25	0	24	-27	-29
304	39	1	21	0	23	28	30
305	39	1.5	-21	21	28	-28	-30
306	39	2	0	22	27	0	0
307	39	2.5	0	23	27	32	0
308	39	3	0	24	26	31	0
309	39	3.5	19	21	-26	30	35
310	39	4	20	0	24	29	34
311	39	4.5	20	0	-24	-29	33
311.5	39	4.75	-20	0	22	-29	-33
312	40	1	21	0	23	25	32
312.5	40	1.25	-21	28	-23	25	33
313	40	1.5	-21	27	24	26	31
313.5	40	1.75	-21	26	-24	27	-31
314	40	2	-21	25	25	28	-31
315	40	2.5	-21	-25	-25	-28	30
316	40	3	17	24	26	28	31
*-	*-	*-	*-	*-	*-	*-	*-
