**absq	**bar	**beat	**b7	**b7	**b7	**b7
0	0	1	0	0	25	0
6	0	4	0	0	25	0
8	1	1	0	0	26	0
10	1	2	0	0	27	0
12	1	3	0	0	28	0
15	1	4.5	0	0	27	0
15.5	1	4.75	0	0	26	0
16	2	1	0	0	25	32
20	2	3	0	0	28	-32
22	2	4	0	0	-28	32
24	3	1	0	0	28	33
26	3	2	0	0	27	34
28	3	3	0	0	26	35
30	3	4	0	0	28	-35
31	3	4.5	0	0	-28	34
31.5	3	4.75	0	0	-28	33
32	4	1	0	0	-28	32
33	4	1.5	0	0	27	-32
34	4	2	0	0	25	-32
36	4	3	0	0	26	35
38	4	4	0	0	26	-35
40	5	1	0	0	25	34
42	5	2	0	0	29	34
44	5	3	0	0	-29	33
46	5	4	0	0	30	35
48	6	1	0	0	31	-35
49	6	1.5	0	0	-31	34
50	6	2	0	0	32	32
52	6	3	0	0	-32	33
54	6	4	0	0	31	33
56	7	1	0	0	30	32
59	7	2.5	0	0	29	-32
59.5	7	2.75	0	0	28	-32
60	7	3	0	25	27	0
62	7	4	0	-25	-27	29
66	8	2	0	25	-27	30
68	8	3	0	26	0	31
70	8	4	0	27	29	32
72	9	1	0	28	30	-32
73	9	1.5	0	-28	-30	28
74	9	2	0	-28	28	35
75	9	2.5	0	27	-28	-35
75.5	9	2.75	0	26	-28	-35
76	9	3	0	25	29	-35
78	9	4	0	-25	-29	34
80	10	1	21	-25	30	35
83	10	2.5	-21	-25	-30	34
83.5	10	2.75	-21	-25	-30	33
84	10	3	-21	28	30	32
86	10	4	21	-28	-30	33
87	10	4.5	-21	-28	29	-33
87.5	10	4.75	-21	-28	30	-33
88	11	1	22	27	31	-33
90	11	2	23	27	30	32
92	11	3	24	26	28	33
94	11	4	-24	28	-28	-33
95	11	4.5	23	-28	-28	-33
95.5	11	4.75	22	-28	-28	-33
96	12	1	21	-28	0	35
97	12	1.5	-21	27	0	-35
98	12	2	-21	25	30	-35
100	12	3	24	26	-30	-35
102	12	4	-24	26	29	34
103	12	4.5	-24	-26	-29	33
104	13	1	23	25	-29	34
106	13	2	23	-25	28	30
108	13	3	22	0	29	31
110	13	4	24	26	-29	-31
111	13	4.5	-24	-26	-29	32
112	14	1	-24	-26	28	33
113	14	1.5	23	-26	-28	-33
114	14	2	21	25	-28	30
115	14	2.5	-21	-25	27	-30
116	14	3	22	24	26	31
118	14	4	22	26	-26	-31
119	14	4.5	-22	-26	25	30
119.5	14	4.75	-22	-26	24	29
120	15	1	21	-26	28	30
121	15	1.5	-21	-26	-28	31
122	15	2	23	25	-28	32
123	15	2.5	-23	-25	-28	30
124	15	3	22	26	0	31
125	15	3.5	-22	-26	0	32
126	15	4	21	28	30	33
128	16	1	23	-28	-30	-33
129	16	1.5	-23	27	-30	32
130	16	2	-23	25	28	32
132	16	3	22	26	29	-32
134	16	4	-22	-26	-29	31
135	16	4.5	21	-26	-29	-31
136	17	1	20	25	-29	32
138	17	2	21	-25	28	-32
140	17	3	18	-25	27	-32
142	17	4	25	-25	-27	-32
143	17	4.5	-25	-25	26	-32
144	18	1	-25	0	27	0
146	18	2	23	0	-27	0
148	18	3	24	0	26	28
152	19	1	-24	26	-26	-28
154	19	2	23	-26	-26	-28
156	19	3	22	-26	24	29
159	19	4.5	21	-26	-24	-29
160	20	1	22	24	26	31
162	20	2	-22	-24	27	-31
164	20	3	21	25	28	-31
166	20	4	-21	-25	-28	30
167	20	4.5	20	-25	-28	29
168	21	1	21	-25	-28	30
170	21	2	22	24	27	29
172	21	3	19	23	26	-29
174	21	4	-19	-23	-26	28
176	22	1	0	22	0	29
178	22	2	0	-22	27	-29
180	22	3	18	25	-27	-29
181	22	3.5	-18	-25	26	-29
182	22	4	-18	-25	25	-29
183	22	4.5	-18	-25	24	-29
184	23	1	21	25	23	30
186	23	2	-21	-25	25	-30
187	23	2.5	20	-25	-25	-30
188	23	3	21	26	-25	-30
190	23	4	22	-26	24	29
191	23	4.5	-22	-26	23	-29
192	24	1	-22	-26	24	29
193	24	1.5	21	-26	-24	-29
194	24	2	20	27	25	-29
195	24	2.5	19	-27	-25	-29
196	24	3	18	-27	-25	32
197	24	3.5	-18	-27	26	-32
198	24	4	25	26	27	-32
199	24	4.5	-25	25	28	-32
200	25	1	-25	27	29	32
201	25	1.5	24	-27	-29	-32
202	25	2	23	28	32	-32
203	25	2.5	22	-28	-32	-32
204	25	3	21	26	-32	33
206	25	4	22	-26	31	-33
207	25	4.5	-22	-26	30	-33
208	26	1	-22	29	31	-33
210	26	2	18	-29	32	34
212	26	3	25	-29	-32	-34
213	26	3.5	-25	-29	31	-34
214	26	4	-25	28	29	33
215	26	4.5	-25	27	30	32
216	27	1	24	28	31	33
218	27	2	25	27	30	32
220	27	3	22	26	29	-32
222	27	4	-22	-26	-29	31
224	28	1	18	25	29	32
228	28	3	21	25	30	-32
232	29	1	-21	-25	-30	32
236	29	3	21	25	30	-32
240	30	1	21	28	30	32
243	30	2.5	-21	29	31	-32
244	30	3	-21	30	32	35
248	31	1	25	-30	-32	-35
250	31	2	-25	29	-32	34
251	31	2.5	-25	28	-32	33
252	31	3	-25	29	-32	34
256	32	1	0	28	30	0
258	32	2	26	-28	-30	35
262	32	4	25	29	0	34
264	33	1	24	-29	0	33
266	33	2	24	28	0	33
268	33	3	25	27	0	34
270	33	4	-25	-27	0	36
272	34	1	26	28	0	-36
273	34	1.5	-26	-28	0	35
274	34	2	-26	-28	0	35
276	34	3	25	29	0	-35
278	34	4	-25	30	32	34
280	35	1	0	-30	-32	35
281	35	1.5	0	29	-32	-35
282	35	2	26	28	31	-35
284	35	3	-26	-28	30	0
286	35	4	25	27	30	0
288	36	1	24	28	31	0
290	36	2	24	-28	33	35
292	36	3	25	0	-33	-35
293	36	3.5	-25	0	32	-35
294	36	4	-25	29	32	34
296	37	1	26	-29	-32	33
298	37	2	-26	28	31	33
300	37	3	25	27	32	34
302	37	4	-25	27	-32	36
304	38	1	0	28	0	-36
305	38	1.5	0	-28	0	35
306	38	2	0	-28	32	35
308	38	3	0	29	-32	-35
310	38	4	0	-29	31	34
312	39	1	21	28	30	35
314	39	2	-21	25	30	-35
316	39	3	24	26	31	-35
318	39	4	-24	28	33	-35
321	40	1.5	-24	27	32	0
322	40	2	23	25	32	0
324	40	3	21	26	-32	0
326	40	4	22	-26	31	0
328	41	1	23	0	32	0
330	41	2	-23	25	-32	0
332	41	3	21	28	-32	0
334	41	4	23	-28	-32	0
336	42	1	24	-28	0	0
338	42	2	25	27	0	0
340	42	3	-25	25	0	0
342	42	4	24	26	29	0
344	43	1	25	27	-29	0
345	43	1.5	24	-27	-29	0
346	43	2	23	-27	32	0
347	43	2.5	22	-27	-32	0
348	43	3	23	25	-32	0
350	43	4	24	26	31	0
352	44	1	25	27	29	0
354	44	2	24	28	30	0
355	44	2.5	23	-28	-30	0
356	44	3	22	-28	31	0
358	44	4	-22	27	29	0
360	45	1	21	28	30	32
363	45	2.5	-21	27	29	-32
364	45	3	0	26	30	35
366	45	4	0	26	31	-35
368	46	1	0	25	32	34
369	46	1.5	0	-25	31	-34
370	46	2	0	28	30	32
371	46	2.5	0	-28	29	-32
372	46	3	0	-28	30	-32
374	46	4	0	27	31	33
375	46	4.5	0	26	-31	-33
376	47	1	0	25	32	34
378	47	2	0	-25	30	32
380	47	3	0	0	29	33
382	47	4	0	0	-29	34
384	48	1	0	0	28	35
386	48	2	0	26	30	-35
388	48	3	0	25	-30	34
389	48	3.5	0	-25	29	-34
390	48	4	0	26	28	35
391	48	4.5	0	-26	27	-35
392	49	1	0	28	26	-35
393	49	1.5	0	-28	-26	34
394	49	2	21	-28	30	33
395	49	2.5	-21	-28	-30	32
396	49	3	24	-28	-30	33
398	49	4	-24	27	29	33
399	49	4.5	-24	26	-29	-33
400	50	1	23	27	30	32
402	50	2	21	28	-30	-32
404	50	3	-21	26	-30	0
406	50	4	22	-26	29	31
407	50	4.5	-22	-26	28	-31
408	51	1	23	25	27	32
410	51	2	21	26	28	30
412	51	3	22	-26	27	31
414	51	4	23	25	-27	30
416	52	1	24	26	26	-30
418	52	2	-24	24	-26	29
420	52	3	23	25	28	30
422	52	4	24	26	27	28
424	53	1	-24	-26	26	29
425	53	1.5	-24	25	-26	-29
426	53	2	23	28	25	30
428	53	3	22	-28	26	31
430	53	4	-22	27	24	-31
432	54	1	21	28	25	30
436	54	3	21	0	28	-30
440	55	1	23	25	27	0
442	55	2	23	-25	-27	32
443	55	2.5	-23	-25	28	-32
444	55	3	22	26	29	-32
445	55	3.5	-22	-26	26	-32
446	55	4	-22	-26	29	31
448	56	1	0	26	-29	30
449	56	1.5	0	-26	28	-30
450	56	2	0	-26	28	-30
451	56	2.5	0	-26	-28	29
451.5	56	2.75	0	-26	-28	28
452	56	3	0	25	-28	29
454	56	4	0	-25	27	30
455	56	4.5	0	-25	26	-30
456	57	1	18	-25	27	29
459	57	2.5	-18	-25	-27	30
460	57	3	22	0	26	31
462	57	4	-22	24	-26	-31
464	58	1	-22	26	0	-31
466	58	2	22	27	0	30
467	58	2.5	-22	-27	0	29
468	58	3	21	28	0	30
471	58	4.5	-21	27	0	-30
471.5	58	4.75	-21	26	0	-30
472	59	1	0	25	0	-30
474	59	2	21	26	0	-30
476	59	3	22	27	0	0
478	59	4	23	27	0	32
480	60	1	24	26	0	33
481	60	1.5	-24	27	0	-33
482	60	2	-24	28	0	-33
483	60	2.5	23	29	0	-33
483.5	60	2.75	22	-29	0	-33
484	60	3	21	30	0	-33
486	60	4	22	29	0	33
488	61	1	23	-29	25	32
490	61	2	23	28	-25	-32
492	61	3	22	27	29	0
494	61	4	-22	26	-29	33
495	61	4.5	21	-26	-29	-33
496	62	1	20	-26	-29	34
498	62	2	-20	25	29	34
500	62	3	19	26	28	35
502	62	4	21	-26	-28	-35
503	62	4.5	-21	25	-28	34
503.5	62	4.75	-21	24	-28	33
504	63	1	-21	23	0	32
506	63	2	20	-23	28	33
507	63	2.5	19	-23	-28	-33
508	63	3	18	0	29	34
510	63	4	-18	0	30	34
512	64	1	0	0	31	33
514	64	2	0	0	-31	35
515	64	2.5	0	0	30	-35
515.5	64	2.75	0	0	29	-35
516	64	3	0	0	28	-35
518	64	4	0	0	29	34
519	64	4.5	0	0	-29	33
520	65	1	0	0	30	32
522	65	2	0	0	30	35
524	65	3	0	25	29	-35
526	65	4	0	-25	-29	34
528	66	1	0	26	0	35
530	66	2	0	-26	28	-35
532	66	3	19	-26	30	-35
534	66	4	-19	26	31	34
535	66	4.5	-19	-26	-31	33
536	67	1	23	25	32	34
539	67	2.5	24	-25	31	-34
539.5	67	2.75	-24	-25	30	-34
540	67	3	25	0	29	-34
542	67	4	-25	25	30	-34
543	67	4.5	24	-25	-30	-34
543.5	67	4.75	23	-25	-30	-34
544	68	1	22	26	31	0
546	68	2	18	27	29	32
548	68	3	21	28	30	-32
550	68	4	-21	-28	-30	33
551	68	4.5	-21	27	29	-33
551.5	68	4.75	-21	26	28	-33
552	69	1	20	25	29	34
554	69	2	19	26	31	35
556	69	3	-19	28	30	-35
557	69	3.5	20	-28	-30	-35
558	69	4	21	-28	-30	34
559	69	4.5	22	-28	-30	33
560	70	1	23	-28	-30	32
561	70	1.5	24	-28	-30	-32
562	70	2	25	27	29	-32
563	70	2.5	-25	-27	-29	33
564	70	3	-25	25	-29	34
565	70	3.5	-25	-25	27	-34
566	70	4	24	26	28	33
567	70	4.5	-24	-26	29	-33
568	71	1	23	27	30	-33
569	71	1.5	-23	-27	-30	32
570	71	2	21	28	-30	32
572	71	3	22	26	29	-32
574	71	4	-22	-26	-29	31
576	72	1	18	25	29	32
*-	*-	*-	*-	*-	*-	*-
