**absq	**bar	**beat	**b7	**b7	**b7	**b7
0	0	1	24	0	0	0
4	0	3	-24	0	28	0
8	1	1	26	0	-28	0
12	1	3	28	0	30	0
15	1	4.5	-28	0	31	0
16	2	1	-28	0	32	0
18	2	2	24	0	33	0
20	2	3	26	0	-33	0
22	2	4	-26	0	32	0
23	2	4.5	-26	0	31	0
24	3	1	25	29	34	0
26	3	2	-25	-29	34	0
28	3	3	24	31	33	0
34	4	2	-24	28	-33	0
36	4	3	0	30	32	0
38	4	4	21	-30	-32	0
40	5	1	22	29	31	0
42	5	2	24	-29	-31	0
44	5	3	24	28	0	0
46	5	4	23	-28	0	0
48	6	1	24	-28	0	0
50	6	2	26	-28	0	0
52	6	3	25	0	0	0
54	6	4	26	28	0	0
56	7	1	-26	30	0	0
58	7	2	25	31	0	0
59	7	2.5	24	-31	0	0
60	7	3	25	31	0	0
62	7	4	-25	30	0	0
64	8	1	24	31	28	0
66	8	2	-24	33	-28	0
68	8	3	0	32	-28	35
70	8	4	24	33	-28	-35
72	9	1	24	-33	-28	-35
74	9	2	-24	32	-28	-35
75	9	2.5	-24	31	-28	-35
76	9	3	28	32	30	-35
78	9	4	-28	33	-30	-35
80	10	1	27	29	31	36
84	10	3	27	-29	-31	38
86	10	4	27	-29	31	-38
88	11	1	24	28	33	-38
90	11	2	-24	-28	-33	35
92	11	3	28	0	32	37
94	11	4	-28	28	-32	-37
96	12	1	0	29	31	36
98	12	2	0	27	-31	-36
99	12	2.5	0	-27	32	-36
100	12	3	0	31	33	35
101	12	3.5	0	-31	34	-35
102	12	4	24	-31	33	-35
104	13	1	26	30	-33	-35
106	13	2	28	-30	32	-35
108	13	3	28	0	33	0
110	13	4	27	29	32	0
112	14	1	28	30	32	0
113	14	1.5	-28	-30	31	0
114	14	2	-28	32	30	32
115	14	2.5	27	-32	29	-32
116	14	3	26	32	28	33
118	14	4	-26	31	-28	35
119	14	4.5	-26	-31	29	-35
120	15	1	25	32	30	35
122	15	2	-25	-32	29	34
123	15	2.5	-25	31	-29	-34
124	15	3	26	30	33	35
126	15	4	24	31	-33	-35
128	16	1	27	-31	31	36
130	16	2	-27	29	32	-36
132	16	3	26	30	33	35
134	16	4	24	31	-33	36
136	17	1	25	-31	34	-36
137	17	1.5	-25	30	-34	-36
138	17	2	-25	30	-34	35
139	17	2.5	-25	29	-34	34
140	17	3	24	31	33	35
142	17	4	22	-31	-33	36
144	18	1	26	30	-33	-36
145	18	1.5	-26	-30	-33	35
146	18	2	-26	28	31	35
148	18	3	25	29	32	-35
150	18	4	-25	-29	-32	34
152	19	1	21	28	0	35
154	19	2	-21	-28	30	-35
155	19	2.5	-21	-28	-30	34
156	19	3	-21	-28	30	33
158	19	4	-21	-28	30	32
160	20	1	24	-28	31	33
163	20	2.5	-24	-28	32	34
164	20	3	24	0	33	35
166	20	4	24	28	-33	-35
167	20	4.5	-24	-28	32	-35
167.5	20	4.75	-24	-28	31	-35
168	21	1	26	28	30	-35
170	21	2	-26	28	33	-35
171	21	2.5	27	-28	-33	-35
172	21	3	28	30	-33	-35
174	21	4	-28	30	32	-35
176	22	1	24	31	33	-35
179	22	2.5	25	30	32	-35
179.5	22	2.75	-25	29	-32	-35
180	22	3	26	28	31	0
181	22	3.5	-26	-28	30	0
182	22	4	27	31	29	31
184	23	1	25	-31	-29	32
186	23	2	-25	30	28	32
187	23	2.5	-25	-30	27	-32
188	23	3	24	31	28	33
191	23	4.5	-24	-31	-28	34
192	24	1	24	31	26	35
194	24	2	-24	-31	-26	36
196	24	3	25	30	0	-36
198	24	4	26	-30	0	35
200	25	1	27	29	0	36
202	25	2	25	32	0	-36
204	25	3	28	-32	0	0
205	25	3.5	-28	31	0	0
206	25	4	-28	30	0	35
207	25	4.5	27	29	0	-35
208	26	1	26	31	0	35
209	26	1.5	25	-31	0	-35
210	26	2	28	30	0	35
212	26	3	-28	29	0	36
214	26	4	27	32	0	36
216	27	1	28	-32	0	37
218	27	2	-28	30	32	-37
220	27	3	28	30	32	0
222	27	4	-28	-30	32	35
224	28	1	24	0	33	35
226	28	2	-24	28	-33	-35
227	28	2.5	-24	-28	34	36
228	28	3	0	28	35	37
230	28	4	0	28	-35	37
232	29	1	0	29	31	38
235	29	2.5	0	30	32	37
235.5	29	2.75	0	-30	-32	36
236	29	3	0	31	33	35
238	29	4	0	27	34	38
240	30	1	0	28	32	-38
242	30	2	0	-28	-32	37
244	30	3	0	31	31	38
246	30	4	0	-31	-31	35
248	31	1	0	0	31	-35
250	31	2	0	0	-31	36
252	31	3	0	0	32	37
254	31	4	0	0	33	38
256	32	1	0	0	34	36
258	32	2	0	0	32	39
260	32	3	28	0	35	-39
261	32	3.5	-28	0	-35	38
262	32	4	-28	0	-35	37
263	32	4.5	-28	0	34	36
264	33	1	28	0	33	35
265	33	1.5	-28	0	32	-35
266	33	2	-28	0	35	37
268	33	3	25	32	-35	36
270	33	4	-25	-32	34	-36
272	34	1	28	32	35	37
275	34	2.5	27	-32	-35	-37
276	34	3	26	28	-35	-37
277	34	3.5	25	-28	-35	-37
278	34	4	26	-28	-35	-37
280	35	1	24	31	0	0
282	35	2	27	-31	0	0
283	35	2.5	-27	30	0	0
284	35	3	-27	29	0	0
285	35	3.5	26	28	0	0
286	35	4	25	29	0	0
287	35	4.5	24	-29	0	0
288	36	1	25	27	0	0
290	36	2	26	28	0	0
293	36	3.5	25	27	0	0
294	36	4	25	26	0	0
295	36	4.5	-25	25	0	0
296	37	1	-25	26	0	0
298	37	2	24	26	0	0
300	37	3	25	25	0	36
304	38	1	-25	27	32	36
307	38	2.5	-25	28	-32	-36
308	38	3	25	29	32	34
312	39	1	24	26	28	35
315	39	2.5	-24	27	-28	34
316	39	3	24	28	31	33
317	39	3.5	-24	-28	-31	32
318	39	4	-24	-28	-31	33
319	39	4.5	-24	-28	30	-33
320	40	1	27	0	29	31
321	40	1.5	-27	0	28	-31
322	40	2	-27	0	29	34
323	40	2.5	26	0	-29	-34
324	40	3	25	0	27	-34
326	40	4	21	0	28	33
327	40	4.5	-21	0	-28	32
328	41	1	24	28	-28	33
329	41	1.5	-24	-28	27	-33
330	41	2	23	-28	25	32
332	41	3	22	29	26	-32
334	41	4	-22	-29	26	31
336	42	1	25	-29	25	32
338	42	2	-25	27	29	-32
340	42	3	0	30	-29	-32
341	42	3.5	0	-30	28	-32
342	42	4	0	-30	28	-32
344	43	1	25	29	-28	-32
346	43	2	-25	-29	27	-32
348	43	3	26	0	28	0
350	43	4	-26	31	-28	0
352	44	1	-26	30	-28	33
354	44	2	24	33	-28	-33
356	44	3	27	-33	0	34
357	44	3.5	-27	32	0	-34
358	44	4	-27	32	0	32
360	45	1	26	-32	28	35
362	45	2	-26	31	-28	-35
364	45	3	25	32	29	34
366	45	4	-25	-32	27	-34
368	46	1	21	-32	30	0
372	46	3	25	-32	29	34
376	47	1	26	28	0	35
378	47	2	-26	-28	31	-35
380	47	3	-26	0	30	-35
382	47	4	24	28	33	33
384	48	1	25	-28	-33	36
385	48	1.5	-25	-28	32	-36
386	48	2	-25	27	32	-36
388	48	3	26	28	-32	35
390	48	4	-26	-28	31	-35
391	48	4.5	-26	29	-31	-35
392	49	1	25	30	32	0
394	49	2	-25	29	-32	34
396	49	3	0	-29	0	33
398	49	4	0	27	31	36
400	50	1	0	28	-31	-36
401	50	1.5	0	-28	-31	35
402	50	2	0	-28	30	35
404	50	3	0	29	31	-35
406	50	4	0	-29	-31	34
407	50	4.5	0	-29	32	-34
408	51	1	0	28	33	35
410	51	2	0	-28	32	-35
412	51	3	0	-28	30	-35
414	51	4	24	-28	31	-35
416	52	1	-24	28	32	0
418	52	2	23	-28	-32	35
420	52	3	24	26	28	-35
422	52	4	-24	28	31	33
423	52	4.5	25	-28	-31	-33
424	53	1	26	-28	-31	35
425	53	1.5	-26	-28	30	-35
426	53	2	25	29	32	34
427	53	2.5	-25	-29	31	-34
428	53	3	-25	27	30	-34
429	53	3.5	-25	-27	29	-34
430	53	4	21	28	30	32
432	54	1	24	-28	28	33
433	54	1.5	-24	26	-28	-33
434	54	2	-24	29	31	-33
436	54	3	25	-29	-31	34
438	54	4	-25	28	30	-34
439	54	4.5	-25	27	-30	-34
440	55	1	24	28	31	33
442	55	2	-24	-28	-31	35
443	55	2.5	-24	-28	30	-35
443.5	55	2.75	-24	-28	29	-35
444	55	3	24	26	28	-35
445	55	3.5	-24	-26	-28	34
446	55	4	-24	-26	-28	33
447	55	4.5	-24	27	-28	-33
448	56	1	-24	28	0	-33
450	56	2	23	-28	0	32
452	56	3	22	24	31	33
454	56	4	26	-24	-31	-33
455	56	4.5	-26	-24	-31	34
456	57	1	-26	0	30	35
457	57	1.5	25	0	-30	-35
458	57	2	24	0	33	-35
459	57	2.5	23	0	-33	-35
460	57	3	24	28	-33	-35
461	57	3.5	25	-28	32	-35
462	57	4	26	-28	30	-35
464	58	1	-26	-28	31	0
466	58	2	25	27	32	0
468	58	3	-25	26	33	0
470	58	4	24	29	-33	0
472	59	1	25	-29	29	0
473	59	1.5	-25	28	-29	0
474	59	2	29	27	-29	0
475	59	2.5	-29	26	-29	0
476	59	3	-29	27	31	0
477	59	3.5	28	28	-31	0
478	59	4	27	29	-31	0
479	59	4.5	26	-29	-31	0
480	60	1	27	-29	-31	0
482	60	2	28	28	30	0
484	60	3	25	-28	29	0
486	60	4	-25	27	32	0
488	61	1	0	28	-32	0
490	61	2	26	-28	31	0
491	61	2.5	-26	-28	30	0
492	61	3	-26	0	31	35
493	61	3.5	25	0	32	-35
494	61	4	24	31	33	-35
495	61	4.5	23	-31	-33	-35
496	62	1	24	31	-33	-35
498	62	2	25	29	32	34
500	62	3	22	-29	-32	33
501	62	3.5	-22	28	-32	-33
502	62	4	-22	26	31	36
504	63	1	25	27	32	-36
505	63	1.5	-25	-27	-32	35
506	63	2	-25	-27	-32	34
507	63	2.5	-25	28	-32	33
508	63	3	-25	29	-32	34
509	63	3.5	-25	-29	-32	35
510	63	4	-25	27	-32	36
512	64	1	24	31	33	-36
513	64	1.5	-24	-31	-33	35
514	64	2	-24	-31	-33	35
516	64	3	25	29	32	-35
518	64	4	-25	-29	-32	34
520	65	1	21	0	0	35
522	65	2	-21	30	32	-35
526	65	4	26	28	31	-35
528	66	1	-26	28	30	-35
530	66	2	24	31	33	-35
532	66	3	24	-31	-33	0
533	66	3.5	-24	30	32	0
534	66	4	27	29	31	36
535	66	4.5	-27	28	30	-36
536	67	1	-27	29	31	-36
537	67	1.5	-27	-29	32	-36
538	67	2	26	31	33	35
540	67	3	27	-31	29	36
542	67	4	28	30	32	32
544	68	1	26	28	-32	33
546	68	2	-26	-28	31	35
548	68	3	25	29	32	-35
550	68	4	-25	-29	-32	34
552	69	1	21	28	32	35
568	70	1	0	0	0	0
568	70	1	24	28	31	33
576	71	1	26	28	30	35
580	71	3	25	29	32	34
584	72	1	24	31	33	35
587	72	2.5	25	-31	-33	-35
588	72	3	26	30	-33	-35
590	72	4	24	31	-33	-35
592	73	1	28	-31	32	-35
594	73	2	-28	30	-32	-35
595	73	2.5	-28	29	-32	-35
596	73	3	-28	30	-32	-35
600	74	1	24	28	31	33
604	74	3	-24	31	-31	-33
606	74	4	-24	-31	30	-33
607	74	4.5	-24	-31	29	-33
608	75	1	26	-31	28	-33
610	75	2	-26	30	-28	-33
612	75	3	-26	28	0	0
614	75	4	25	29	34	0
616	76	1	24	-29	-34	0
617	76	1.5	-24	28	-34	0
618	76	2	-24	28	33	0
619	76	2.5	23	-28	-33	0
620	76	3	22	-28	31	38
622	76	4	-22	27	-31	-38
623	76	4.5	-22	-27	32	-38
624	77	1	21	28	33	-38
626	77	2	-21	-28	32	37
628	77	3	0	0	33	35
630	77	4	0	0	31	36
632	78	1	24	0	-31	-36
633	78	1.5	-24	0	30	35
634	78	2	-24	33	28	35
636	78	3	-24	-33	29	-35
638	78	4	25	32	-29	34
640	79	1	26	30	28	35
642	79	2	-26	31	-28	-35
643	79	2.5	27	-31	-28	-35
644	79	3	28	-31	32	0
646	79	4	-28	30	-32	35
648	80	1	25	29	0	-35
650	80	2	-25	-29	32	34
652	80	3	23	28	-32	32
654	80	4	24	-28	31	33
655	80	4.5	-24	26	-31	-33
656	81	1	25	27	29	-33
657	81	1.5	-25	-27	-29	32
658	81	2	21	28	30	32
660	81	3	22	26	29	-32
662	81	4	-22	-26	-29	31
664	82	1	25	25	29	32
668	82	3	-25	0	29	34
674	83	2	0	0	30	35
676	83	3	0	0	31	36
678	83	4	0	0	32	37
680	84	1	25	0	-32	-37
681	84	1.5	-25	0	31	36
682	84	2	-25	0	29	36
684	84	3	-25	0	30	-36
686	84	4	26	0	-30	35
688	85	1	27	25	29	36
694	85	4	22	26	-29	-36
696	86	1	-22	27	0	0
698	86	2	23	28	0	0
700	86	3	24	-28	0	0
701	86	3.5	-24	29	0	0
702	86	4	25	30	0	0
705	87	1.5	24	29	0	0
706	87	2	23	29	0	0
707	87	2.5	22	-29	0	0
708	87	3	23	-29	0	0
710	87	4	-23	28	0	0
712	88	1	22	29	0	0
714	88	2	25	-29	34	0
718	88	4	26	0	33	0
720	89	1	27	0	31	0
722	89	2	28	0	33	0
725	89	3.5	27	0	32	0
726	89	4	26	0	32	0
727	89	4.5	25	0	-32	0
728	90	1	26	28	-32	0
730	90	2	-26	-28	31	35
732	90	3	22	29	32	-35
734	90	4	-22	-29	32	34
736	91	1	0	-29	31	33
738	91	2	0	27	29	36
740	91	3	0	30	32	-36
741	91	3.5	0	-30	-32	35
742	91	4	0	-30	-32	35
744	92	1	25	29	-32	-35
746	92	2	-25	-29	-32	34
748	92	3	26	0	28	35
750	92	4	-26	31	-28	-35
752	93	1	-26	30	-28	0
754	93	2	24	33	-28	33
756	93	3	27	-33	0	34
757	93	3.5	-27	32	0	-34
758	93	4	-27	32	0	32
760	94	1	26	-32	28	35
762	94	2	-26	31	-28	-35
764	94	3	25	32	29	34
766	94	4	-25	-32	27	-34
768	95	1	21	-32	30	0
772	95	3	25	-32	29	34
776	96	1	26	28	0	35
778	96	2	-26	-28	31	-35
780	96	3	-26	0	30	-35
782	96	4	24	28	33	33
784	97	1	25	-28	-33	36
785	97	1.5	-25	-28	32	-36
786	97	2	-25	27	32	-36
788	97	3	26	28	-32	35
790	97	4	-26	-28	31	-35
791	97	4.5	-26	29	-31	-35
792	98	1	25	30	32	0
794	98	2	-25	29	-32	34
796	98	3	0	-29	0	33
798	98	4	0	27	31	36
800	99	1	0	28	-31	-36
801	99	1.5	0	-28	-31	35
802	99	2	0	-28	30	35
804	99	3	0	29	31	-35
806	99	4	0	-29	-31	34
807	99	4.5	0	-29	32	-34
808	100	1	0	28	33	35
810	100	2	0	-28	32	-35
812	100	3	0	-28	30	-35
814	100	4	24	-28	31	-35
816	101	1	-24	28	32	0
818	101	2	23	-28	-32	35
820	101	3	24	26	28	-35
822	101	4	-24	28	31	33
823	101	4.5	25	-28	-31	-33
824	102	1	26	-28	-31	35
825	102	1.5	-26	-28	30	-35
826	102	2	25	29	32	34
827	102	2.5	-25	-29	31	-34
828	102	3	-25	27	30	-34
829	102	3.5	-25	-27	29	-34
830	102	4	21	28	30	32
832	103	1	24	-28	28	33
833	103	1.5	-24	26	-28	-33
834	103	2	-24	29	31	-33
836	103	3	25	-29	-31	34
838	103	4	-25	28	30	-34
839	103	4.5	-25	27	-30	-34
840	104	1	24	28	31	33
842	104	2	-24	-28	-31	35
843	104	2.5	-24	-28	30	-35
844	104	3	24	26	28	-35
845	104	3.5	-24	-26	-28	34
846	104	4	-24	-26	-28	33
847	104	4.5	-24	27	-28	-33
848	105	1	-24	28	-28	-33
850	105	2	23	-28	-28	32
852	105	3	22	24	31	33
854	105	4	26	-24	-31	-33
855	105	4.5	-26	-24	-31	34
856	106	1	-26	0	30	35
857	106	1.5	25	0	-30	-35
858	106	2	24	0	33	-35
859	106	2.5	23	0	-33	-35
860	106	3	24	28	-33	-35
861	106	3.5	25	-28	32	-35
862	106	4	26	-28	30	-35
864	107	1	-26	-28	31	0
866	107	2	25	27	32	0
868	107	3	-25	26	33	0
870	107	4	24	29	-33	0
872	108	1	25	-29	29	0
873	108	1.5	-25	28	-29	0
874	108	2	29	27	-29	0
875	108	2.5	-29	26	-29	0
876	108	3	-29	27	31	0
877	108	3.5	28	28	-31	0
878	108	4	27	29	-31	0
879	108	4.5	26	-29	-31	0
880	109	1	27	-29	-31	0
882	109	2	28	28	30	0
884	109	3	25	-28	29	0
886	109	4	-25	27	32	0
888	110	1	-25	28	-32	0
890	110	2	26	-28	31	0
891	110	2.5	-26	-28	30	0
892	110	3	-26	0	31	35
893	110	3.5	25	0	32	-35
894	110	4	24	31	33	-35
895	110	4.5	23	-31	-33	-35
896	111	1	24	31	-33	-35
898	111	2	25	29	32	34
900	111	3	22	-29	-32	33
901	111	3.5	-22	28	-32	-33
902	111	4	-22	26	31	36
904	112	1	25	27	32	-36
905	112	1.5	-25	-27	-32	35
906	112	2	-25	-27	-32	34
907	112	2.5	-25	28	-32	33
908	112	3	-25	29	-32	34
909	112	3.5	-25	-29	-32	35
910	112	4	-25	27	-32	36
912	113	1	24	31	33	-36
913	113	1.5	-24	-31	-33	35
914	113	2	-24	-31	-33	35
916	113	3	25	29	32	-35
918	113	4	-25	-29	-32	34
920	114	1	21	0	0	35
922	114	2	-21	30	32	-35
926	114	4	26	28	31	-35
928	115	1	-26	28	30	-35
930	115	2	24	31	33	-35
932	115	3	24	-31	-33	0
933	115	3.5	-24	30	32	0
934	115	4	27	29	31	36
935	115	4.5	-27	28	30	-36
936	116	1	-27	29	31	-36
937	116	1.5	-27	-29	32	-36
938	116	2	26	31	33	35
940	116	3	27	-31	29	36
942	116	4	28	30	32	32
944	117	1	26	28	-32	33
946	117	2	-26	-28	31	35
948	117	3	25	29	32	-35
950	117	4	-25	-29	-32	34
952	118	1	21	28	32	35
*-	*-	*-	*-	*-	*-	*-
